Id,rating
802553,4
802554,4
802555,5
802556,4
802557,5
802558,1
802559,5
802560,5
802561,4
802562,4
802563,4
802564,4
802565,5
802566,4
802567,4
802568,5
802569,4
802570,4
802571,4
802572,4
802573,5
802574,1
802575,4
802576,5
802577,5
802578,4
802579,4
802580,1
802581,4
802582,5
802583,4
802584,4
802585,4
802586,4
802587,1
802588,4
802589,4
802590,4
802591,4
802592,4
802593,4
802594,4
802595,4
802596,4
802597,4
802598,4
802599,4
802600,5
802601,4
802602,4
802603,4
802604,4
802605,4
802606,4
802607,4
802608,4
802609,4
802610,4
802611,4
802612,4
802613,1
802614,4
802615,4
802616,4
802617,4
802618,1
802619,4
802620,1
802621,4
802622,1
802623,4
802624,4
802625,4
802626,4
802627,1
802628,4
802629,4
802630,4
802631,4
802632,4
802633,1
802634,4
802635,4
802636,4
802637,4
802638,4
802639,4
802640,4
802641,5
802642,4
802643,4
802644,4
802645,4
802646,4
802647,4
802648,4
802649,4
802650,4
802651,4
802652,4
802653,4
802654,4
802655,4
802656,4
802657,4
802658,4
802659,4
802660,4
802661,4
802662,4
802663,4
802664,4
802665,4
802666,4
802667,4
802668,4
802669,4
802670,4
802671,4
802672,4
802673,4
802674,4
802675,4
802676,4
802677,4
802678,1
802679,4
802680,4
802681,4
802682,4
802683,4
802684,4
802685,4
802686,4
802687,4
802688,4
802689,4
802690,1
802691,4
802692,4
802693,4
802694,4
802695,4
802696,4
802697,4
802698,4
802699,4
802700,4
802701,4
802702,4
802703,1
802704,4
802705,4
802706,4
802707,4
802708,4
802709,4
802710,5
802711,5
802712,4
802713,4
802714,5
802715,4
802716,4
802717,5
802718,4
802719,4
802720,4
802721,4
802722,1
802723,4
802724,1
802725,4
802726,4
802727,4
802728,4
802729,4
802730,5
802731,4
802732,4
802733,4
802734,4
802735,4
802736,4
802737,4
802738,4
802739,4
802740,4
802741,4
802742,4
802743,4
802744,5
802745,4
802746,5
802747,4
802748,4
802749,4
802750,4
802751,5
802752,5
802753,4
802754,4
802755,4
802756,4
802757,4
802758,5
802759,4
802760,4
802761,4
802762,4
802763,4
802764,4
802765,4
802766,4
802767,4
802768,4
802769,4
802770,4
802771,4
802772,5
802773,4
802774,4
802775,4
802776,4
802777,4
802778,4
802779,4
802780,4
802781,4
802782,4
802783,4
802784,4
802785,4
802786,5
802787,1
802788,4
802789,4
802790,4
802791,1
802792,4
802793,4
802794,4
802795,4
802796,4
802797,4
802798,4
802799,4
802800,4
802801,4
802802,4
802803,4
802804,1
802805,1
802806,4
802807,4
802808,4
802809,4
802810,4
802811,4
802812,4
802813,4
802814,4
802815,4
802816,4
802817,4
802818,5
802819,4
802820,4
802821,4
802822,4
802823,1
802824,4
802825,1
802826,1
802827,4
802828,4
802829,4
802830,4
802831,4
802832,1
802833,4
802834,4
802835,4
802836,4
802837,4
802838,4
802839,1
802840,4
802841,4
802842,4
802843,4
802844,1
802845,4
802846,4
802847,4
802848,4
802849,4
802850,4
802851,1
802852,4
802853,1
802854,4
802855,4
802856,1
802857,4
802858,4
802859,4
802860,4
802861,4
802862,1
802863,4
802864,4
802865,1
802866,4
802867,4
802868,4
802869,4
802870,1
802871,4
802872,4
802873,4
802874,4
802875,4
802876,1
802877,4
802878,4
802879,4
802880,4
802881,4
802882,1
802883,4
802884,4
802885,4
802886,4
802887,4
802888,4
802889,4
802890,4
802891,4
802892,4
802893,4
802894,4
802895,4
802896,4
802897,4
802898,4
802899,5
802900,1
802901,4
802902,4
802903,4
802904,4
802905,1
802906,4
802907,1
802908,4
802909,4
802910,4
802911,1
802912,4
802913,4
802914,1
802915,4
802916,1
802917,4
802918,4
802919,4
802920,4
802921,4
802922,5
802923,4
802924,4
802925,4
802926,4
802927,4
802928,4
802929,1
802930,4
802931,4
802932,4
802933,4
802934,4
802935,1
802936,4
802937,4
802938,4
802939,4
802940,1
802941,4
802942,4
802943,4
802944,4
802945,4
802946,4
802947,4
802948,4
802949,1
802950,5
802951,1
802952,4
802953,4
802954,4
802955,4
802956,4
802957,4
802958,1
802959,4
802960,4
802961,4
802962,4
802963,4
802964,1
802965,4
802966,4
802967,4
802968,4
802969,4
802970,4
802971,4
802972,4
802973,4
802974,4
802975,4
802976,4
802977,4
802978,4
802979,4
802980,4
802981,4
802982,4
802983,4
802984,4
802985,4
802986,1
802987,4
802988,1
802989,1
802990,4
802991,4
802992,4
802993,4
802994,4
802995,4
802996,5
802997,4
802998,4
802999,4
803000,4
803001,1
803002,4
803003,4
803004,4
803005,4
803006,4
803007,4
803008,4
803009,4
803010,4
803011,4
803012,4
803013,4
803014,4
803015,4
803016,4
803017,5
803018,5
803019,4
803020,4
803021,4
803022,4
803023,4
803024,4
803025,4
803026,1
803027,4
803028,1
803029,4
803030,5
803031,1
803032,5
803033,4
803034,4
803035,4
803036,5
803037,1
803038,4
803039,4
803040,5
803041,5
803042,1
803043,4
803044,4
803045,5
803046,4
803047,4
803048,4
803049,4
803050,1
803051,4
803052,1
803053,4
803054,4
803055,4
803056,4
803057,4
803058,4
803059,4
803060,4
803061,4
803062,4
803063,4
803064,4
803065,1
803066,4
803067,4
803068,4
803069,4
803070,4
803071,1
803072,4
803073,4
803074,4
803075,4
803076,4
803077,1
803078,4
803079,4
803080,4
803081,1
803082,4
803083,4
803084,4
803085,4
803086,4
803087,4
803088,4
803089,4
803090,4
803091,4
803092,4
803093,4
803094,4
803095,4
803096,4
803097,4
803098,4
803099,4
803100,4
803101,4
803102,4
803103,1
803104,1
803105,4
803106,4
803107,4
803108,4
803109,4
803110,4
803111,4
803112,4
803113,4
803114,4
803115,4
803116,4
803117,4
803118,4
803119,4
803120,1
803121,4
803122,4
803123,4
803124,4
803125,3
803126,4
803127,4
803128,4
803129,4
803130,4
803131,4
803132,4
803133,4
803134,4
803135,4
803136,4
803137,4
803138,1
803139,4
803140,4
803141,5
803142,4
803143,4
803144,4
803145,4
803146,4
803147,4
803148,4
803149,5
803150,4
803151,5
803152,4
803153,4
803154,4
803155,4
803156,4
803157,5
803158,4
803159,1
803160,4
803161,4
803162,4
803163,4
803164,4
803165,4
803166,4
803167,4
803168,4
803169,4
803170,4
803171,1
803172,1
803173,4
803174,4
803175,5
803176,4
803177,4
803178,4
803179,4
803180,1
803181,4
803182,4
803183,1
803184,4
803185,4
803186,4
803187,4
803188,5
803189,5
803190,1
803191,4
803192,4
803193,4
803194,4
803195,4
803196,4
803197,4
803198,4
803199,4
803200,4
803201,1
803202,4
803203,4
803204,4
803205,4
803206,4
803207,4
803208,1
803209,4
803210,4
803211,4
803212,1
803213,4
803214,4
803215,4
803216,1
803217,4
803218,4
803219,4
803220,4
803221,4
803222,4
803223,4
803224,4
803225,4
803226,4
803227,4
803228,4
803229,4
803230,4
803231,4
803232,4
803233,4
803234,4
803235,1
803236,4
803237,1
803238,4
803239,4
803240,4
803241,4
803242,4
803243,1
803244,4
803245,4
803246,4
803247,4
803248,4
803249,4
803250,4
803251,4
803252,4
803253,1
803254,4
803255,4
803256,4
803257,4
803258,4
803259,4
803260,4
803261,4
803262,4
803263,4
803264,4
803265,4
803266,4
803267,4
803268,4
803269,4
803270,4
803271,4
803272,1
803273,4
803274,4
803275,4
803276,4
803277,4
803278,4
803279,4
803280,4
803281,1
803282,4
803283,4
803284,4
803285,1
803286,4
803287,4
803288,4
803289,4
803290,4
803291,4
803292,4
803293,1
803294,4
803295,4
803296,4
803297,4
803298,4
803299,4
803300,5
803301,5
803302,5
803303,4
803304,4
803305,4
803306,4
803307,5
803308,4
803309,4
803310,5
803311,1
803312,5
803313,4
803314,4
803315,4
803316,4
803317,4
803318,4
803319,5
803320,1
803321,4
803322,1
803323,4
803324,4
803325,4
803326,5
803327,4
803328,5
803329,4
803330,4
803331,5
803332,4
803333,4
803334,4
803335,4
803336,4
803337,1
803338,4
803339,4
803340,4
803341,4
803342,4
803343,4
803344,1
803345,4
803346,4
803347,4
803348,4
803349,4
803350,1
803351,4
803352,4
803353,4
803354,1
803355,4
803356,4
803357,4
803358,1
803359,4
803360,4
803361,4
803362,5
803363,1
803364,1
803365,4
803366,5
803367,5
803368,4
803369,4
803370,4
803371,4
803372,4
803373,5
803374,4
803375,1
803376,4
803377,1
803378,4
803379,1
803380,4
803381,4
803382,4
803383,4
803384,4
803385,5
803386,4
803387,4
803388,1
803389,1
803390,4
803391,4
803392,4
803393,4
803394,4
803395,4
803396,4
803397,5
803398,5
803399,5
803400,4
803401,4
803402,1
803403,4
803404,4
803405,4
803406,4
803407,4
803408,1
803409,1
803410,1
803411,5
803412,4
803413,4
803414,4
803415,4
803416,4
803417,4
803418,1
803419,4
803420,4
803421,4
803422,4
803423,1
803424,4
803425,4
803426,4
803427,1
803428,4
803429,4
803430,1
803431,4
803432,5
803433,4
803434,4
803435,4
803436,4
803437,4
803438,4
803439,4
803440,1
803441,4
803442,4
803443,4
803444,4
803445,4
803446,4
803447,4
803448,4
803449,4
803450,5
803451,4
803452,4
803453,4
803454,4
803455,4
803456,4
803457,5
803458,1
803459,4
803460,4
803461,4
803462,4
803463,4
803464,4
803465,5
803466,4
803467,5
803468,4
803469,4
803470,4
803471,4
803472,4
803473,1
803474,4
803475,4
803476,4
803477,4
803478,4
803479,4
803480,4
803481,4
803482,4
803483,4
803484,1
803485,4
803486,4
803487,4
803488,4
803489,4
803490,4
803491,1
803492,4
803493,4
803494,1
803495,4
803496,4
803497,4
803498,1
803499,4
803500,1
803501,4
803502,4
803503,4
803504,1
803505,1
803506,5
803507,4
803508,4
803509,1
803510,1
803511,4
803512,4
803513,4
803514,1
803515,4
803516,4
803517,5
803518,4
803519,4
803520,4
803521,4
803522,4
803523,4
803524,4
803525,4
803526,4
803527,4
803528,4
803529,4
803530,4
803531,4
803532,1
803533,5
803534,4
803535,4
803536,4
803537,4
803538,5
803539,4
803540,4
803541,4
803542,4
803543,4
803544,4
803545,4
803546,4
803547,4
803548,4
803549,4
803550,4
803551,4
803552,4
803553,4
803554,4
803555,1
803556,4
803557,4
803558,4
803559,1
803560,4
803561,4
803562,1
803563,1
803564,4
803565,4
803566,4
803567,4
803568,4
803569,4
803570,5
803571,4
803572,4
803573,4
803574,4
803575,4
803576,4
803577,4
803578,4
803579,4
803580,1
803581,4
803582,4
803583,4
803584,4
803585,4
803586,4
803587,4
803588,4
803589,4
803590,4
803591,4
803592,4
803593,4
803594,1
803595,4
803596,4
803597,4
803598,4
803599,4
803600,4
803601,4
803602,4
803603,4
803604,4
803605,4
803606,4
803607,4
803608,4
803609,4
803610,4
803611,1
803612,4
803613,4
803614,4
803615,4
803616,4
803617,5
803618,4
803619,4
803620,5
803621,4
803622,4
803623,1
803624,4
803625,4
803626,4
803627,4
803628,4
803629,4
803630,4
803631,4
803632,4
803633,4
803634,4
803635,4
803636,4
803637,4
803638,4
803639,4
803640,4
803641,4
803642,4
803643,4
803644,4
803645,4
803646,4
803647,4
803648,4
803649,1
803650,4
803651,4
803652,4
803653,4
803654,4
803655,5
803656,4
803657,4
803658,4
803659,5
803660,1
803661,4
803662,4
803663,4
803664,4
803665,4
803666,4
803667,5
803668,5
803669,4
803670,5
803671,4
803672,4
803673,1
803674,4
803675,4
803676,1
803677,4
803678,4
803679,3
803680,3
803681,3
803682,4
803683,3
803684,3
803685,4
803686,4
803687,4
803688,3
803689,3
803690,3
803691,4
803692,4
803693,3
803694,1
803695,3
803696,3
803697,1
803698,4
803699,4
803700,4
803701,4
803702,3
803703,4
803704,4
803705,3
803706,4
803707,3
803708,4
803709,4
803710,4
803711,1
803712,4
803713,4
803714,4
803715,3
803716,3
803717,3
803718,1
803719,1
803720,3
803721,1
803722,4
803723,1
803724,4
803725,4
803726,4
803727,4
803728,4
803729,4
803730,4
803731,3
803732,4
803733,4
803734,4
803735,4
803736,4
803737,4
803738,4
803739,5
803740,4
803741,3
803742,4
803743,5
803744,4
803745,5
803746,4
803747,1
803748,4
803749,4
803750,4
803751,1
803752,4
803753,4
803754,4
803755,4
803756,4
803757,1
803758,4
803759,3
803760,1
803761,4
803762,1
803763,4
803764,4
803765,4
803766,4
803767,4
803768,4
803769,4
803770,4
803771,4
803772,4
803773,4
803774,4
803775,4
803776,4
803777,4
803778,4
803779,4
803780,1
803781,4
803782,4
803783,4
803784,4
803785,4
803786,4
803787,4
803788,4
803789,4
803790,4
803791,4
803792,4
803793,4
803794,4
803795,4
803796,4
803797,4
803798,4
803799,4
803800,4
803801,4
803802,4
803803,4
803804,4
803805,1
803806,5
803807,5
803808,4
803809,4
803810,4
803811,4
803812,4
803813,4
803814,5
803815,4
803816,4
803817,4
803818,4
803819,4
803820,4
803821,1
803822,5
803823,1
803824,4
803825,1
803826,3
803827,3
803828,3
803829,4
803830,3
803831,3
803832,1
803833,4
803834,4
803835,4
803836,5
803837,4
803838,4
803839,5
803840,1
803841,4
803842,4
803843,4
803844,4
803845,4
803846,4
803847,4
803848,1
803849,4
803850,4
803851,4
803852,4
803853,4
803854,4
803855,4
803856,1
803857,4
803858,1
803859,1
803860,4
803861,4
803862,4
803863,4
803864,4
803865,1
803866,4
803867,5
803868,4
803869,4
803870,4
803871,4
803872,4
803873,4
803874,4
803875,4
803876,1
803877,4
803878,1
803879,4
803880,4
803881,1
803882,4
803883,4
803884,4
803885,4
803886,4
803887,1
803888,4
803889,1
803890,5
803891,4
803892,4
803893,4
803894,4
803895,4
803896,4
803897,1
803898,4
803899,4
803900,4
803901,4
803902,1
803903,5
803904,4
803905,1
803906,4
803907,4
803908,5
803909,4
803910,4
803911,4
803912,4
803913,5
803914,4
803915,4
803916,4
803917,4
803918,4
803919,5
803920,4
803921,4
803922,4
803923,4
803924,4
803925,4
803926,4
803927,4
803928,4
803929,1
803930,4
803931,4
803932,4
803933,4
803934,1
803935,4
803936,4
803937,4
803938,4
803939,4
803940,4
803941,4
803942,4
803943,1
803944,1
803945,5
803946,4
803947,4
803948,4
803949,4
803950,4
803951,4
803952,4
803953,4
803954,4
803955,4
803956,5
803957,4
803958,4
803959,4
803960,4
803961,4
803962,4
803963,4
803964,4
803965,4
803966,4
803967,4
803968,4
803969,4
803970,4
803971,4
803972,4
803973,4
803974,4
803975,4
803976,4
803977,1
803978,4
803979,4
803980,4
803981,4
803982,4
803983,4
803984,4
803985,5
803986,4
803987,4
803988,4
803989,4
803990,4
803991,1
803992,4
803993,4
803994,4
803995,4
803996,4
803997,1
803998,4
803999,4
804000,4
804001,1
804002,4
804003,4
804004,4
804005,4
804006,4
804007,1
804008,4
804009,4
804010,4
804011,4
804012,4
804013,4
804014,4
804015,4
804016,4
804017,5
804018,3
804019,4
804020,4
804021,4
804022,4
804023,4
804024,1
804025,4
804026,4
804027,4
804028,4
804029,4
804030,4
804031,4
804032,4
804033,4
804034,4
804035,4
804036,4
804037,1
804038,5
804039,4
804040,4
804041,4
804042,4
804043,4
804044,4
804045,4
804046,1
804047,4
804048,5
804049,4
804050,4
804051,4
804052,4
804053,4
804054,4
804055,1
804056,4
804057,4
804058,1
804059,4
804060,3
804061,4
804062,4
804063,4
804064,4
804065,4
804066,4
804067,4
804068,4
804069,4
804070,4
804071,4
804072,4
804073,5
804074,4
804075,4
804076,4
804077,4
804078,4
804079,3
804080,4
804081,4
804082,1
804083,5
804084,5
804085,4
804086,1
804087,4
804088,4
804089,3
804090,4
804091,4
804092,4
804093,4
804094,4
804095,4
804096,4
804097,4
804098,1
804099,4
804100,5
804101,4
804102,4
804103,4
804104,4
804105,4
804106,4
804107,4
804108,4
804109,4
804110,4
804111,4
804112,1
804113,4
804114,4
804115,4
804116,3
804117,1
804118,4
804119,4
804120,4
804121,4
804122,4
804123,4
804124,4
804125,3
804126,1
804127,4
804128,1
804129,4
804130,4
804131,4
804132,1
804133,4
804134,1
804135,5
804136,4
804137,3
804138,4
804139,4
804140,4
804141,1
804142,4
804143,1
804144,4
804145,4
804146,4
804147,4
804148,4
804149,4
804150,5
804151,5
804152,4
804153,4
804154,4
804155,4
804156,4
804157,4
804158,4
804159,4
804160,1
804161,4
804162,4
804163,4
804164,4
804165,4
804166,4
804167,1
804168,4
804169,4
804170,4
804171,3
804172,3
804173,1
804174,4
804175,3
804176,3
804177,4
804178,3
804179,3
804180,3
804181,4
804182,3
804183,4
804184,4
804185,5
804186,4
804187,4
804188,4
804189,4
804190,4
804191,4
804192,4
804193,4
804194,4
804195,1
804196,4
804197,4
804198,4
804199,4
804200,5
804201,1
804202,4
804203,4
804204,4
804205,4
804206,1
804207,4
804208,4
804209,4
804210,4
804211,5
804212,4
804213,1
804214,4
804215,4
804216,4
804217,5
804218,4
804219,4
804220,1
804221,4
804222,4
804223,4
804224,4
804225,5
804226,4
804227,4
804228,4
804229,4
804230,4
804231,4
804232,4
804233,4
804234,4
804235,4
804236,4
804237,4
804238,4
804239,4
804240,3
804241,4
804242,4
804243,1
804244,4
804245,4
804246,4
804247,4
804248,5
804249,4
804250,4
804251,4
804252,4
804253,5
804254,1
804255,4
804256,4
804257,4
804258,4
804259,1
804260,1
804261,4
804262,4
804263,4
804264,4
804265,4
804266,4
804267,4
804268,4
804269,4
804270,1
804271,4
804272,5
804273,5
804274,5
804275,5
804276,5
804277,4
804278,4
804279,4
804280,5
804281,4
804282,5
804283,4
804284,4
804285,4
804286,4
804287,4
804288,4
804289,5
804290,1
804291,4
804292,1
804293,5
804294,1
804295,4
804296,4
804297,1
804298,4
804299,5
804300,4
804301,5
804302,4
804303,4
804304,5
804305,1
804306,4
804307,4
804308,5
804309,5
804310,5
804311,5
804312,4
804313,4
804314,4
804315,4
804316,4
804317,4
804318,4
804319,4
804320,4
804321,4
804322,4
804323,4
804324,4
804325,4
804326,4
804327,4
804328,4
804329,4
804330,4
804331,4
804332,1
804333,4
804334,4
804335,1
804336,4
804337,4
804338,5
804339,4
804340,4
804341,5
804342,1
804343,1
804344,4
804345,4
804346,4
804347,4
804348,4
804349,4
804350,1
804351,4
804352,1
804353,4
804354,4
804355,5
804356,4
804357,1
804358,1
804359,4
804360,4
804361,4
804362,5
804363,4
804364,5
804365,5
804366,4
804367,4
804368,1
804369,4
804370,5
804371,4
804372,4
804373,4
804374,4
804375,4
804376,4
804377,5
804378,4
804379,4
804380,4
804381,4
804382,5
804383,4
804384,1
804385,1
804386,4
804387,4
804388,1
804389,5
804390,4
804391,4
804392,5
804393,1
804394,4
804395,4
804396,5
804397,1
804398,4
804399,5
804400,4
804401,5
804402,5
804403,4
804404,4
804405,4
804406,1
804407,4
804408,4
804409,4
804410,1
804411,4
804412,5
804413,4
804414,1
804415,5
804416,4
804417,4
804418,4
804419,4
804420,5
804421,5
804422,4
804423,4
804424,5
804425,5
804426,4
804427,4
804428,5
804429,4
804430,4
804431,4
804432,4
804433,4
804434,5
804435,4
804436,4
804437,4
804438,4
804439,4
804440,4
804441,4
804442,4
804443,4
804444,4
804445,4
804446,4
804447,4
804448,4
804449,4
804450,1
804451,4
804452,1
804453,4
804454,4
804455,4
804456,4
804457,4
804458,1
804459,4
804460,4
804461,4
804462,5
804463,1
804464,4
804465,4
804466,4
804467,4
804468,4
804469,4
804470,4
804471,4
804472,4
804473,4
804474,4
804475,4
804476,4
804477,1
804478,4
804479,4
804480,4
804481,4
804482,4
804483,3
804484,3
804485,5
804486,1
804487,1
804488,4
804489,4
804490,4
804491,5
804492,5
804493,4
804494,5
804495,4
804496,4
804497,4
804498,5
804499,4
804500,4
804501,4
804502,4
804503,4
804504,4
804505,4
804506,1
804507,4
804508,4
804509,4
804510,4
804511,4
804512,4
804513,4
804514,4
804515,4
804516,4
804517,4
804518,4
804519,4
804520,4
804521,4
804522,4
804523,4
804524,1
804525,4
804526,4
804527,4
804528,4
804529,4
804530,4
804531,4
804532,4
804533,4
804534,4
804535,4
804536,4
804537,4
804538,4
804539,4
804540,4
804541,4
804542,4
804543,1
804544,4
804545,4
804546,4
804547,4
804548,4
804549,1
804550,4
804551,4
804552,4
804553,4
804554,4
804555,4
804556,4
804557,4
804558,4
804559,4
804560,4
804561,4
804562,4
804563,1
804564,4
804565,4
804566,1
804567,1
804568,4
804569,4
804570,4
804571,4
804572,1
804573,4
804574,1
804575,4
804576,4
804577,1
804578,4
804579,4
804580,4
804581,4
804582,4
804583,4
804584,4
804585,4
804586,4
804587,4
804588,4
804589,4
804590,4
804591,4
804592,4
804593,4
804594,1
804595,4
804596,1
804597,1
804598,4
804599,4
804600,1
804601,4
804602,4
804603,4
804604,4
804605,4
804606,1
804607,4
804608,4
804609,4
804610,1
804611,4
804612,1
804613,4
804614,4
804615,4
804616,4
804617,4
804618,4
804619,4
804620,4
804621,4
804622,4
804623,4
804624,4
804625,4
804626,5
804627,4
804628,4
804629,4
804630,5
804631,4
804632,4
804633,4
804634,4
804635,5
804636,5
804637,5
804638,4
804639,1
804640,4
804641,4
804642,4
804643,4
804644,4
804645,4
804646,4
804647,1
804648,4
804649,4
804650,4
804651,4
804652,1
804653,4
804654,4
804655,4
804656,4
804657,4
804658,4
804659,4
804660,4
804661,4
804662,4
804663,4
804664,4
804665,4
804666,4
804667,5
804668,4
804669,4
804670,4
804671,4
804672,4
804673,1
804674,4
804675,4
804676,4
804677,4
804678,1
804679,4
804680,4
804681,4
804682,1
804683,4
804684,4
804685,4
804686,4
804687,4
804688,4
804689,4
804690,4
804691,5
804692,4
804693,1
804694,4
804695,4
804696,4
804697,4
804698,4
804699,4
804700,4
804701,1
804702,4
804703,4
804704,4
804705,4
804706,4
804707,4
804708,5
804709,4
804710,4
804711,4
804712,4
804713,4
804714,4
804715,4
804716,5
804717,1
804718,4
804719,5
804720,5
804721,4
804722,5
804723,5
804724,4
804725,4
804726,4
804727,4
804728,4
804729,4
804730,4
804731,4
804732,4
804733,4
804734,4
804735,4
804736,4
804737,4
804738,4
804739,4
804740,1
804741,4
804742,4
804743,4
804744,4
804745,4
804746,4
804747,4
804748,4
804749,1
804750,4
804751,4
804752,4
804753,4
804754,4
804755,4
804756,4
804757,4
804758,4
804759,4
804760,4
804761,1
804762,4
804763,5
804764,4
804765,4
804766,4
804767,4
804768,4
804769,5
804770,4
804771,1
804772,4
804773,1
804774,4
804775,4
804776,4
804777,4
804778,4
804779,4
804780,1
804781,5
804782,4
804783,1
804784,4
804785,5
804786,4
804787,4
804788,4
804789,4
804790,4
804791,4
804792,4
804793,4
804794,4
804795,4
804796,4
804797,4
804798,1
804799,4
804800,5
804801,4
804802,4
804803,4
804804,4
804805,4
804806,4
804807,4
804808,4
804809,4
804810,4
804811,4
804812,4
804813,4
804814,5
804815,4
804816,4
804817,4
804818,4
804819,4
804820,4
804821,4
804822,4
804823,4
804824,4
804825,4
804826,4
804827,4
804828,4
804829,4
804830,4
804831,4
804832,4
804833,4
804834,4
804835,4
804836,4
804837,4
804838,4
804839,4
804840,1
804841,4
804842,4
804843,4
804844,4
804845,4
804846,4
804847,4
804848,4
804849,4
804850,4
804851,4
804852,4
804853,4
804854,4
804855,4
804856,4
804857,1
804858,4
804859,4
804860,4
804861,4
804862,4
804863,4
804864,4
804865,4
804866,4
804867,4
804868,5
804869,4
804870,4
804871,4
804872,4
804873,1
804874,4
804875,4
804876,4
804877,4
804878,4
804879,4
804880,5
804881,1
804882,4
804883,4
804884,4
804885,4
804886,4
804887,4
804888,4
804889,4
804890,4
804891,4
804892,1
804893,1
804894,4
804895,4
804896,4
804897,4
804898,4
804899,4
804900,4
804901,4
804902,4
804903,4
804904,4
804905,3
804906,1
804907,4
804908,4
804909,4
804910,1
804911,4
804912,4
804913,4
804914,4
804915,4
804916,5
804917,4
804918,1
804919,4
804920,4
804921,4
804922,4
804923,4
804924,4
804925,4
804926,5
804927,5
804928,1
804929,5
804930,1
804931,4
804932,4
804933,4
804934,1
804935,4
804936,4
804937,1
804938,4
804939,5
804940,4
804941,4
804942,4
804943,1
804944,4
804945,1
804946,4
804947,4
804948,1
804949,1
804950,4
804951,4
804952,4
804953,4
804954,1
804955,4
804956,4
804957,1
804958,4
804959,1
804960,4
804961,4
804962,4
804963,4
804964,4
804965,4
804966,1
804967,1
804968,4
804969,4
804970,4
804971,1
804972,4
804973,4
804974,4
804975,4
804976,1
804977,4
804978,4
804979,4
804980,4
804981,4
804982,4
804983,4
804984,4
804985,1
804986,4
804987,5
804988,4
804989,4
804990,4
804991,1
804992,4
804993,1
804994,4
804995,4
804996,4
804997,1
804998,4
804999,4
805000,1
805001,1
805002,4
805003,3
805004,4
805005,4
805006,4
805007,4
805008,1
805009,4
805010,4
805011,4
805012,4
805013,4
805014,4
805015,4
805016,4
805017,1
805018,4
805019,4
805020,4
805021,4
805022,4
805023,4
805024,4
805025,4
805026,4
805027,4
805028,4
805029,4
805030,4
805031,1
805032,4
805033,4
805034,4
805035,4
805036,4
805037,4
805038,4
805039,4
805040,4
805041,5
805042,5
805043,4
805044,5
805045,4
805046,5
805047,5
805048,4
805049,5
805050,4
805051,5
805052,5
805053,5
805054,4
805055,5
805056,4
805057,5
805058,4
805059,5
805060,4
805061,4
805062,5
805063,4
805064,5
805065,5
805066,4
805067,5
805068,1
805069,4
805070,5
805071,5
805072,4
805073,5
805074,5
805075,4
805076,4
805077,4
805078,4
805079,5
805080,4
805081,1
805082,4
805083,4
805084,4
805085,4
805086,1
805087,1
805088,1
805089,4
805090,4
805091,5
805092,4
805093,4
805094,4
805095,4
805096,4
805097,4
805098,4
805099,4
805100,4
805101,4
805102,4
805103,4
805104,4
805105,4
805106,4
805107,4
805108,4
805109,4
805110,5
805111,4
805112,4
805113,4
805114,4
805115,4
805116,4
805117,4
805118,4
805119,4
805120,1
805121,4
805122,5
805123,1
805124,4
805125,4
805126,4
805127,4
805128,4
805129,4
805130,4
805131,4
805132,4
805133,4
805134,4
805135,1
805136,1
805137,4
805138,1
805139,5
805140,4
805141,4
805142,1
805143,3
805144,5
805145,4
805146,4
805147,4
805148,5
805149,1
805150,3
805151,3
805152,3
805153,4
805154,3
805155,3
805156,4
805157,4
805158,4
805159,4
805160,4
805161,4
805162,4
805163,4
805164,4
805165,4
805166,1
805167,4
805168,4
805169,1
805170,4
805171,1
805172,1
805173,4
805174,4
805175,4
805176,4
805177,4
805178,4
805179,3
805180,4
805181,4
805182,4
805183,4
805184,4
805185,1
805186,4
805187,4
805188,4
805189,4
805190,4
805191,4
805192,4
805193,4
805194,1
805195,4
805196,4
805197,4
805198,4
805199,4
805200,1
805201,4
805202,4
805203,4
805204,4
805205,4
805206,4
805207,4
805208,4
805209,4
805210,1
805211,1
805212,5
805213,4
805214,1
805215,4
805216,4
805217,1
805218,4
805219,4
805220,5
805221,5
805222,5
805223,4
805224,5
805225,5
805226,1
805227,4
805228,4
805229,4
805230,4
805231,5
805232,1
805233,4
805234,4
805235,1
805236,4
805237,4
805238,4
805239,4
805240,4
805241,4
805242,4
805243,4
805244,4
805245,4
805246,1
805247,5
805248,4
805249,4
805250,5
805251,5
805252,4
805253,1
805254,4
805255,4
805256,1
805257,4
805258,4
805259,4
805260,4
805261,4
805262,4
805263,4
805264,4
805265,4
805266,5
805267,4
805268,4
805269,1
805270,4
805271,1
805272,4
805273,4
805274,4
805275,4
805276,4
805277,4
805278,4
805279,4
805280,4
805281,4
805282,4
805283,4
805284,4
805285,4
805286,4
805287,4
805288,4
805289,4
805290,4
805291,5
805292,4
805293,4
805294,5
805295,4
805296,4
805297,4
805298,5
805299,1
805300,5
805301,5
805302,4
805303,4
805304,1
805305,4
805306,4
805307,4
805308,4
805309,4
805310,4
805311,4
805312,4
805313,4
805314,4
805315,4
805316,4
805317,4
805318,4
805319,4
805320,4
805321,4
805322,4
805323,4
805324,4
805325,5
805326,4
805327,4
805328,4
805329,4
805330,5
805331,5
805332,4
805333,5
805334,4
805335,3
805336,4
805337,4
805338,4
805339,1
805340,4
805341,4
805342,1
805343,4
805344,4
805345,4
805346,1
805347,4
805348,4
805349,1
805350,4
805351,4
805352,4
805353,3
805354,4
805355,4
805356,3
805357,4
805358,4
805359,4
805360,4
805361,3
805362,4
805363,4
805364,4
805365,4
805366,4
805367,3
805368,4
805369,4
805370,4
805371,4
805372,4
805373,4
805374,1
805375,1
805376,4
805377,3
805378,4
805379,4
805380,4
805381,3
805382,3
805383,4
805384,4
805385,4
805386,1
805387,4
805388,4
805389,4
805390,1
805391,4
805392,1
805393,4
805394,4
805395,1
805396,1
805397,4
805398,4
805399,4
805400,4
805401,4
805402,4
805403,4
805404,4
805405,4
805406,4
805407,4
805408,1
805409,1
805410,5
805411,5
805412,4
805413,4
805414,4
805415,4
805416,4
805417,4
805418,4
805419,3
805420,3
805421,4
805422,1
805423,4
805424,4
805425,4
805426,4
805427,4
805428,4
805429,4
805430,4
805431,1
805432,4
805433,4
805434,4
805435,1
805436,4
805437,4
805438,4
805439,4
805440,4
805441,4
805442,1
805443,4
805444,4
805445,4
805446,4
805447,4
805448,4
805449,4
805450,3
805451,4
805452,4
805453,1
805454,4
805455,4
805456,4
805457,4
805458,3
805459,4
805460,4
805461,4
805462,4
805463,4
805464,4
805465,5
805466,4
805467,4
805468,4
805469,1
805470,4
805471,1
805472,4
805473,1
805474,4
805475,4
805476,4
805477,4
805478,4
805479,4
805480,4
805481,4
805482,4
805483,4
805484,4
805485,4
805486,4
805487,4
805488,4
805489,4
805490,4
805491,4
805492,4
805493,4
805494,4
805495,4
805496,4
805497,4
805498,4
805499,4
805500,1
805501,4
805502,4
805503,4
805504,4
805505,4
805506,4
805507,5
805508,4
805509,4
805510,4
805511,4
805512,4
805513,1
805514,4
805515,4
805516,1
805517,4
805518,4
805519,4
805520,1
805521,4
805522,1
805523,4
805524,4
805525,4
805526,4
805527,4
805528,5
805529,4
805530,5
805531,4
805532,4
805533,4
805534,4
805535,4
805536,4
805537,4
805538,4
805539,4
805540,4
805541,4
805542,4
805543,1
805544,4
805545,1
805546,1
805547,4
805548,1
805549,4
805550,4
805551,4
805552,4
805553,4
805554,4
805555,1
805556,4
805557,4
805558,4
805559,4
805560,4
805561,4
805562,4
805563,4
805564,4
805565,4
805566,4
805567,4
805568,4
805569,4
805570,4
805571,4
805572,4
805573,4
805574,1
805575,1
805576,4
805577,4
805578,4
805579,4
805580,4
805581,4
805582,4
805583,5
805584,4
805585,4
805586,4
805587,4
805588,4
805589,3
805590,4
805591,4
805592,4
805593,4
805594,4
805595,4
805596,4
805597,4
805598,4
805599,4
805600,4
805601,4
805602,4
805603,1
805604,4
805605,4
805606,4
805607,4
805608,4
805609,4
805610,4
805611,4
805612,4
805613,4
805614,4
805615,4
805616,4
805617,4
805618,4
805619,5
805620,4
805621,4
805622,4
805623,4
805624,4
805625,4
805626,1
805627,4
805628,1
805629,3
805630,4
805631,1
805632,4
805633,1
805634,4
805635,4
805636,4
805637,4
805638,4
805639,4
805640,4
805641,1
805642,4
805643,4
805644,4
805645,4
805646,4
805647,4
805648,4
805649,4
805650,1
805651,4
805652,4
805653,4
805654,1
805655,4
805656,4
805657,4
805658,4
805659,1
805660,1
805661,4
805662,4
805663,5
805664,4
805665,4
805666,4
805667,4
805668,4
805669,4
805670,4
805671,1
805672,4
805673,4
805674,4
805675,4
805676,4
805677,4
805678,4
805679,4
805680,4
805681,1
805682,4
805683,4
805684,4
805685,4
805686,4
805687,4
805688,5
805689,4
805690,5
805691,4
805692,1
805693,4
805694,5
805695,4
805696,4
805697,4
805698,4
805699,4
805700,4
805701,4
805702,4
805703,4
805704,4
805705,1
805706,4
805707,4
805708,4
805709,4
805710,4
805711,1
805712,4
805713,4
805714,4
805715,4
805716,4
805717,4
805718,1
805719,4
805720,4
805721,4
805722,4
805723,4
805724,4
805725,4
805726,4
805727,4
805728,4
805729,4
805730,1
805731,4
805732,4
805733,4
805734,1
805735,4
805736,4
805737,4
805738,4
805739,4
805740,4
805741,4
805742,4
805743,4
805744,4
805745,5
805746,5
805747,4
805748,4
805749,4
805750,4
805751,4
805752,4
805753,4
805754,1
805755,1
805756,4
805757,1
805758,4
805759,4
805760,4
805761,4
805762,4
805763,4
805764,4
805765,4
805766,4
805767,4
805768,4
805769,4
805770,1
805771,1
805772,4
805773,4
805774,4
805775,4
805776,4
805777,4
805778,4
805779,5
805780,5
805781,1
805782,4
805783,4
805784,5
805785,4
805786,4
805787,1
805788,4
805789,4
805790,4
805791,5
805792,5
805793,1
805794,4
805795,4
805796,1
805797,4
805798,4
805799,4
805800,4
805801,4
805802,4
805803,4
805804,1
805805,5
805806,4
805807,4
805808,4
805809,4
805810,4
805811,4
805812,1
805813,4
805814,4
805815,4
805816,4
805817,4
805818,4
805819,4
805820,4
805821,4
805822,4
805823,4
805824,4
805825,5
805826,4
805827,4
805828,4
805829,4
805830,1
805831,4
805832,4
805833,4
805834,4
805835,4
805836,4
805837,4
805838,1
805839,1
805840,4
805841,4
805842,4
805843,4
805844,4
805845,4
805846,4
805847,4
805848,4
805849,4
805850,4
805851,1
805852,5
805853,4
805854,4
805855,4
805856,4
805857,4
805858,4
805859,4
805860,4
805861,4
805862,5
805863,4
805864,4
805865,4
805866,4
805867,4
805868,4
805869,4
805870,4
805871,4
805872,4
805873,1
805874,4
805875,4
805876,4
805877,4
805878,4
805879,4
805880,4
805881,4
805882,4
805883,1
805884,4
805885,4
805886,4
805887,4
805888,4
805889,4
805890,4
805891,1
805892,4
805893,4
805894,4
805895,4
805896,4
805897,4
805898,4
805899,4
805900,4
805901,4
805902,4
805903,4
805904,4
805905,4
805906,4
805907,4
805908,4
805909,4
805910,4
805911,4
805912,4
805913,4
805914,1
805915,4
805916,1
805917,4
805918,4
805919,4
805920,4
805921,1
805922,4
805923,4
805924,4
805925,1
805926,1
805927,4
805928,4
805929,4
805930,4
805931,4
805932,4
805933,4
805934,4
805935,4
805936,4
805937,4
805938,4
805939,4
805940,4
805941,4
805942,4
805943,4
805944,1
805945,1
805946,4
805947,4
805948,4
805949,4
805950,4
805951,4
805952,4
805953,4
805954,4
805955,4
805956,4
805957,4
805958,4
805959,4
805960,4
805961,4
805962,4
805963,4
805964,4
805965,4
805966,4
805967,5
805968,5
805969,1
805970,4
805971,4
805972,1
805973,4
805974,4
805975,1
805976,4
805977,3
805978,4
805979,4
805980,4
805981,4
805982,4
805983,4
805984,4
805985,5
805986,4
805987,4
805988,4
805989,4
805990,4
805991,4
805992,1
805993,4
805994,4
805995,4
805996,4
805997,5
805998,4
805999,3
806000,4
806001,4
806002,5
806003,5
806004,4
806005,4
806006,4
806007,4
806008,5
806009,4
806010,4
806011,1
806012,4
806013,1
806014,4
806015,4
806016,4
806017,4
806018,4
806019,4
806020,4
806021,4
806022,4
806023,4
806024,5
806025,4
806026,4
806027,4
806028,4
806029,4
806030,4
806031,4
806032,4
806033,4
806034,4
806035,5
806036,4
806037,4
806038,4
806039,4
806040,4
806041,5
806042,4
806043,4
806044,4
806045,4
806046,4
806047,4
806048,4
806049,4
806050,4
806051,4
806052,4
806053,4
806054,4
806055,1
806056,4
806057,4
806058,4
806059,4
806060,4
806061,4
806062,4
806063,4
806064,4
806065,4
806066,4
806067,4
806068,4
806069,4
806070,4
806071,4
806072,4
806073,4
806074,4
806075,4
806076,1
806077,4
806078,4
806079,4
806080,4
806081,4
806082,4
806083,4
806084,4
806085,4
806086,4
806087,4
806088,4
806089,1
806090,4
806091,4
806092,4
806093,4
806094,5
806095,4
806096,1
806097,3
806098,1
806099,4
806100,4
806101,5
806102,4
806103,1
806104,5
806105,4
806106,4
806107,4
806108,5
806109,4
806110,4
806111,4
806112,4
806113,4
806114,4
806115,4
806116,4
806117,5
806118,4
806119,4
806120,5
806121,4
806122,4
806123,5
806124,4
806125,4
806126,4
806127,4
806128,3
806129,4
806130,4
806131,4
806132,4
806133,4
806134,4
806135,4
806136,4
806137,4
806138,4
806139,4
806140,3
806141,4
806142,4
806143,4
806144,5
806145,5
806146,1
806147,5
806148,4
806149,4
806150,4
806151,4
806152,4
806153,5
806154,1
806155,1
806156,5
806157,4
806158,4
806159,4
806160,4
806161,4
806162,4
806163,4
806164,4
806165,1
806166,4
806167,4
806168,4
806169,4
806170,4
806171,4
806172,4
806173,1
806174,1
806175,4
806176,4
806177,4
806178,4
806179,1
806180,1
806181,1
806182,4
806183,4
806184,4
806185,4
806186,4
806187,4
806188,4
806189,4
806190,4
806191,4
806192,4
806193,4
806194,4
806195,4
806196,4
806197,4
806198,4
806199,4
806200,4
806201,1
806202,4
806203,5
806204,5
806205,5
806206,4
806207,5
806208,1
806209,5
806210,4
806211,4
806212,4
806213,4
806214,4
806215,4
806216,1
806217,5
806218,4
806219,5
806220,4
806221,1
806222,4
806223,1
806224,4
806225,5
806226,4
806227,5
806228,1
806229,4
806230,5
806231,5
806232,1
806233,5
806234,4
806235,5
806236,4
806237,4
806238,5
806239,4
806240,4
806241,4
806242,4
806243,4
806244,5
806245,1
806246,1
806247,4
806248,4
806249,1
806250,4
806251,4
806252,5
806253,4
806254,4
806255,4
806256,4
806257,4
806258,4
806259,4
806260,5
806261,4
806262,4
806263,4
806264,4
806265,4
806266,1
806267,1
806268,4
806269,4
806270,1
806271,4
806272,4
806273,4
806274,4
806275,4
806276,5
806277,5
806278,4
806279,4
806280,4
806281,1
806282,4
806283,4
806284,4
806285,4
806286,4
806287,4
806288,4
806289,4
806290,4
806291,4
806292,4
806293,4
806294,4
806295,4
806296,1
806297,1
806298,4
806299,4
806300,4
806301,4
806302,4
806303,4
806304,4
806305,4
806306,4
806307,4
806308,4
806309,1
806310,4
806311,1
806312,4
806313,4
806314,4
806315,4
806316,4
806317,5
806318,4
806319,4
806320,1
806321,4
806322,4
806323,4
806324,4
806325,4
806326,5
806327,4
806328,4
806329,4
806330,5
806331,5
806332,4
806333,1
806334,4
806335,4
806336,5
806337,4
806338,5
806339,4
806340,4
806341,4
806342,4
806343,4
806344,4
806345,1
806346,4
806347,4
806348,1
806349,4
806350,4
806351,1
806352,1
806353,4
806354,1
806355,4
806356,4
806357,4
806358,5
806359,4
806360,4
806361,4
806362,4
806363,4
806364,4
806365,5
806366,4
806367,4
806368,5
806369,4
806370,1
806371,4
806372,1
806373,4
806374,4
806375,4
806376,4
806377,4
806378,4
806379,4
806380,4
806381,4
806382,4
806383,5
806384,1
806385,4
806386,4
806387,5
806388,4
806389,5
806390,4
806391,4
806392,1
806393,4
806394,4
806395,4
806396,4
806397,4
806398,4
806399,4
806400,4
806401,4
806402,4
806403,1
806404,4
806405,4
806406,5
806407,4
806408,1
806409,4
806410,4
806411,4
806412,5
806413,4
806414,4
806415,4
806416,5
806417,1
806418,1
806419,4
806420,4
806421,4
806422,4
806423,4
806424,4
806425,4
806426,4
806427,4
806428,4
806429,1
806430,4
806431,4
806432,4
806433,4
806434,4
806435,4
806436,4
806437,1
806438,4
806439,4
806440,4
806441,4
806442,4
806443,4
806444,5
806445,1
806446,4
806447,4
806448,4
806449,4
806450,4
806451,1
806452,1
806453,4
806454,4
806455,4
806456,4
806457,1
806458,4
806459,4
806460,4
806461,4
806462,1
806463,4
806464,4
806465,4
806466,4
806467,5
806468,4
806469,4
806470,4
806471,4
806472,4
806473,4
806474,4
806475,4
806476,4
806477,1
806478,4
806479,4
806480,4
806481,4
806482,4
806483,4
806484,4
806485,4
806486,4
806487,4
806488,4
806489,4
806490,4
806491,4
806492,4
806493,4
806494,4
806495,4
806496,4
806497,4
806498,4
806499,4
806500,4
806501,4
806502,4
806503,4
806504,4
806505,4
806506,4
806507,4
806508,4
806509,4
806510,4
806511,4
806512,4
806513,4
806514,5
806515,4
806516,1
806517,4
806518,4
806519,4
806520,4
806521,4
806522,4
806523,1
806524,4
806525,1
806526,4
806527,4
806528,1
806529,4
806530,4
806531,4
806532,4
806533,4
806534,4
806535,4
806536,4
806537,4
806538,4
806539,4
806540,4
806541,4
806542,4
806543,4
806544,4
806545,4
806546,4
806547,4
806548,4
806549,1
806550,4
806551,4
806552,4
806553,4
806554,4
806555,4
806556,4
806557,4
806558,4
806559,4
806560,4
806561,4
806562,4
806563,4
806564,4
806565,4
806566,4
806567,4
806568,4
806569,4
806570,4
806571,4
806572,4
806573,3
806574,4
806575,4
806576,4
806577,4
806578,1
806579,4
806580,4
806581,4
806582,4
806583,4
806584,4
806585,4
806586,4
806587,4
806588,1
806589,1
806590,4
806591,4
806592,1
806593,4
806594,4
806595,4
806596,4
806597,4
806598,4
806599,1
806600,4
806601,4
806602,4
806603,4
806604,4
806605,4
806606,4
806607,4
806608,4
806609,1
806610,4
806611,4
806612,4
806613,4
806614,4
806615,4
806616,4
806617,4
806618,4
806619,4
806620,4
806621,4
806622,1
806623,4
806624,4
806625,4
806626,4
806627,4
806628,1
806629,4
806630,4
806631,4
806632,4
806633,4
806634,4
806635,4
806636,4
806637,4
806638,4
806639,4
806640,4
806641,4
806642,4
806643,4
806644,4
806645,4
806646,4
806647,4
806648,4
806649,4
806650,1
806651,4
806652,4
806653,4
806654,4
806655,4
806656,4
806657,4
806658,4
806659,4
806660,4
806661,4
806662,4
806663,4
806664,4
806665,1
806666,4
806667,4
806668,4
806669,4
806670,4
806671,4
806672,4
806673,4
806674,4
806675,4
806676,4
806677,4
806678,4
806679,4
806680,1
806681,4
806682,4
806683,4
806684,5
806685,4
806686,4
806687,4
806688,4
806689,4
806690,4
806691,4
806692,4
806693,4
806694,4
806695,4
806696,4
806697,5
806698,4
806699,4
806700,4
806701,4
806702,4
806703,1
806704,4
806705,4
806706,4
806707,5
806708,4
806709,5
806710,3
806711,4
806712,4
806713,4
806714,4
806715,4
806716,4
806717,4
806718,4
806719,1
806720,4
806721,4
806722,5
806723,4
806724,4
806725,4
806726,4
806727,1
806728,4
806729,4
806730,4
806731,4
806732,4
806733,4
806734,4
806735,1
806736,4
806737,4
806738,4
806739,4
806740,5
806741,4
806742,4
806743,4
806744,4
806745,4
806746,4
806747,4
806748,4
806749,4
806750,4
806751,1
806752,4
806753,4
806754,4
806755,4
806756,4
806757,4
806758,4
806759,4
806760,1
806761,4
806762,1
806763,4
806764,4
806765,4
806766,4
806767,4
806768,4
806769,4
806770,4
806771,4
806772,4
806773,1
806774,4
806775,4
806776,5
806777,4
806778,4
806779,4
806780,4
806781,1
806782,4
806783,4
806784,4
806785,4
806786,4
806787,4
806788,4
806789,1
806790,4
806791,4
806792,4
806793,4
806794,4
806795,5
806796,4
806797,4
806798,4
806799,4
806800,4
806801,4
806802,4
806803,4
806804,4
806805,4
806806,4
806807,4
806808,4
806809,4
806810,4
806811,4
806812,4
806813,4
806814,1
806815,4
806816,4
806817,4
806818,1
806819,4
806820,4
806821,4
806822,4
806823,4
806824,5
806825,4
806826,4
806827,4
806828,4
806829,4
806830,4
806831,1
806832,4
806833,5
806834,4
806835,4
806836,4
806837,4
806838,4
806839,4
806840,1
806841,4
806842,4
806843,5
806844,1
806845,4
806846,4
806847,5
806848,4
806849,4
806850,4
806851,4
806852,1
806853,4
806854,3
806855,4
806856,4
806857,4
806858,1
806859,4
806860,4
806861,4
806862,4
806863,5
806864,4
806865,1
806866,4
806867,4
806868,4
806869,4
806870,4
806871,4
806872,4
806873,4
806874,5
806875,4
806876,4
806877,4
806878,4
806879,1
806880,1
806881,4
806882,4
806883,4
806884,4
806885,4
806886,4
806887,1
806888,4
806889,4
806890,4
806891,4
806892,5
806893,4
806894,4
806895,4
806896,4
806897,4
806898,4
806899,4
806900,4
806901,4
806902,4
806903,4
806904,4
806905,4
806906,4
806907,4
806908,4
806909,5
806910,4
806911,4
806912,4
806913,4
806914,4
806915,4
806916,4
806917,5
806918,4
806919,1
806920,4
806921,4
806922,4
806923,4
806924,4
806925,4
806926,1
806927,3
806928,4
806929,4
806930,4
806931,4
806932,4
806933,4
806934,4
806935,4
806936,1
806937,4
806938,4
806939,4
806940,4
806941,4
806942,4
806943,4
806944,1
806945,4
806946,4
806947,3
806948,4
806949,4
806950,4
806951,4
806952,4
806953,4
806954,4
806955,3
806956,4
806957,4
806958,1
806959,4
806960,1
806961,4
806962,4
806963,4
806964,4
806965,4
806966,4
806967,4
806968,4
806969,4
806970,4
806971,1
806972,4
806973,1
806974,4
806975,1
806976,4
806977,4
806978,4
806979,4
806980,4
806981,4
806982,4
806983,4
806984,4
806985,4
806986,4
806987,4
806988,1
806989,4
806990,4
806991,4
806992,4
806993,4
806994,4
806995,4
806996,4
806997,4
806998,4
806999,4
807000,4
807001,4
807002,4
807003,4
807004,4
807005,3
807006,4
807007,4
807008,4
807009,4
807010,4
807011,4
807012,4
807013,4
807014,4
807015,4
807016,4
807017,1
807018,4
807019,4
807020,4
807021,1
807022,3
807023,4
807024,4
807025,4
807026,3
807027,4
807028,4
807029,4
807030,4
807031,4
807032,4
807033,1
807034,4
807035,4
807036,4
807037,4
807038,4
807039,4
807040,4
807041,1
807042,4
807043,1
807044,5
807045,4
807046,1
807047,5
807048,5
807049,5
807050,1
807051,1
807052,4
807053,4
807054,4
807055,4
807056,4
807057,4
807058,4
807059,5
807060,4
807061,5
807062,1
807063,4
807064,4
807065,4
807066,1
807067,5
807068,4
807069,4
807070,4
807071,1
807072,4
807073,4
807074,4
807075,5
807076,4
807077,4
807078,4
807079,4
807080,4
807081,4
807082,4
807083,4
807084,4
807085,4
807086,4
807087,4
807088,4
807089,4
807090,4
807091,4
807092,5
807093,4
807094,1
807095,4
807096,4
807097,4
807098,4
807099,4
807100,5
807101,4
807102,5
807103,4
807104,4
807105,1
807106,4
807107,4
807108,5
807109,5
807110,1
807111,4
807112,4
807113,4
807114,4
807115,4
807116,4
807117,1
807118,1
807119,4
807120,4
807121,4
807122,4
807123,4
807124,4
807125,4
807126,4
807127,4
807128,4
807129,4
807130,3
807131,4
807132,5
807133,4
807134,4
807135,4
807136,4
807137,5
807138,1
807139,4
807140,4
807141,4
807142,4
807143,4
807144,4
807145,4
807146,4
807147,4
807148,4
807149,1
807150,4
807151,4
807152,4
807153,4
807154,4
807155,4
807156,4
807157,1
807158,4
807159,4
807160,4
807161,1
807162,4
807163,4
807164,4
807165,1
807166,4
807167,4
807168,4
807169,1
807170,4
807171,4
807172,4
807173,4
807174,5
807175,1
807176,4
807177,4
807178,4
807179,4
807180,4
807181,4
807182,4
807183,4
807184,1
807185,4
807186,4
807187,4
807188,4
807189,4
807190,4
807191,4
807192,4
807193,4
807194,4
807195,5
807196,4
807197,4
807198,4
807199,4
807200,5
807201,1
807202,4
807203,4
807204,4
807205,4
807206,4
807207,4
807208,4
807209,4
807210,4
807211,4
807212,4
807213,5
807214,4
807215,4
807216,4
807217,4
807218,4
807219,1
807220,1
807221,4
807222,4
807223,4
807224,4
807225,4
807226,4
807227,4
807228,5
807229,4
807230,1
807231,4
807232,5
807233,1
807234,4
807235,1
807236,4
807237,1
807238,5
807239,4
807240,4
807241,4
807242,4
807243,4
807244,4
807245,5
807246,5
807247,4
807248,4
807249,1
807250,4
807251,4
807252,4
807253,4
807254,4
807255,4
807256,4
807257,4
807258,4
807259,4
807260,4
807261,4
807262,4
807263,4
807264,4
807265,4
807266,5
807267,4
807268,4
807269,4
807270,4
807271,4
807272,1
807273,4
807274,4
807275,5
807276,4
807277,4
807278,5
807279,4
807280,4
807281,4
807282,4
807283,4
807284,4
807285,4
807286,4
807287,4
807288,4
807289,4
807290,4
807291,4
807292,4
807293,4
807294,4
807295,4
807296,4
807297,4
807298,4
807299,4
807300,5
807301,5
807302,4
807303,5
807304,4
807305,4
807306,4
807307,4
807308,4
807309,5
807310,1
807311,4
807312,1
807313,5
807314,5
807315,4
807316,4
807317,1
807318,4
807319,4
807320,5
807321,5
807322,4
807323,5
807324,4
807325,4
807326,4
807327,4
807328,4
807329,4
807330,4
807331,4
807332,4
807333,4
807334,4
807335,5
807336,4
807337,5
807338,5
807339,5
807340,4
807341,4
807342,4
807343,4
807344,4
807345,4
807346,4
807347,4
807348,4
807349,5
807350,5
807351,1
807352,4
807353,4
807354,4
807355,5
807356,4
807357,4
807358,4
807359,1
807360,4
807361,5
807362,4
807363,4
807364,4
807365,1
807366,4
807367,4
807368,4
807369,5
807370,5
807371,4
807372,4
807373,5
807374,4
807375,4
807376,3
807377,5
807378,4
807379,4
807380,4
807381,4
807382,4
807383,4
807384,5
807385,4
807386,5
807387,4
807388,1
807389,4
807390,4
807391,5
807392,4
807393,4
807394,4
807395,4
807396,4
807397,4
807398,5
807399,5
807400,4
807401,4
807402,4
807403,1
807404,4
807405,4
807406,4
807407,5
807408,5
807409,4
807410,4
807411,4
807412,4
807413,4
807414,4
807415,4
807416,1
807417,4
807418,4
807419,1
807420,4
807421,4
807422,4
807423,4
807424,1
807425,5
807426,4
807427,1
807428,4
807429,4
807430,4
807431,4
807432,4
807433,4
807434,1
807435,4
807436,4
807437,4
807438,4
807439,4
807440,4
807441,4
807442,4
807443,4
807444,4
807445,5
807446,4
807447,4
807448,4
807449,4
807450,4
807451,4
807452,4
807453,1
807454,4
807455,4
807456,4
807457,4
807458,4
807459,4
807460,4
807461,3
807462,4
807463,4
807464,4
807465,4
807466,4
807467,4
807468,4
807469,4
807470,4
807471,4
807472,4
807473,4
807474,4
807475,4
807476,4
807477,4
807478,4
807479,4
807480,4
807481,4
807482,4
807483,4
807484,5
807485,4
807486,4
807487,4
807488,4
807489,4
807490,1
807491,4
807492,4
807493,5
807494,4
807495,4
807496,4
807497,4
807498,4
807499,4
807500,4
807501,4
807502,1
807503,4
807504,4
807505,4
807506,4
807507,4
807508,4
807509,4
807510,4
807511,4
807512,4
807513,4
807514,1
807515,4
807516,5
807517,4
807518,4
807519,4
807520,4
807521,4
807522,5
807523,4
807524,4
807525,4
807526,5
807527,5
807528,4
807529,4
807530,1
807531,5
807532,4
807533,1
807534,4
807535,4
807536,4
807537,5
807538,5
807539,4
807540,4
807541,4
807542,4
807543,4
807544,1
807545,1
807546,4
807547,4
807548,4
807549,4
807550,1
807551,4
807552,4
807553,4
807554,4
807555,4
807556,4
807557,4
807558,4
807559,4
807560,4
807561,4
807562,4
807563,1
807564,1
807565,4
807566,4
807567,4
807568,1
807569,4
807570,4
807571,4
807572,1
807573,1
807574,4
807575,4
807576,4
807577,4
807578,4
807579,4
807580,4
807581,4
807582,4
807583,4
807584,4
807585,4
807586,1
807587,4
807588,4
807589,4
807590,4
807591,4
807592,1
807593,4
807594,1
807595,4
807596,4
807597,4
807598,4
807599,4
807600,1
807601,4
807602,4
807603,4
807604,4
807605,4
807606,4
807607,4
807608,4
807609,4
807610,1
807611,4
807612,4
807613,4
807614,4
807615,4
807616,4
807617,4
807618,4
807619,4
807620,4
807621,4
807622,4
807623,4
807624,4
807625,3
807626,4
807627,4
807628,4
807629,4
807630,1
807631,4
807632,4
807633,1
807634,4
807635,4
807636,4
807637,4
807638,4
807639,4
807640,4
807641,1
807642,4
807643,4
807644,4
807645,4
807646,4
807647,4
807648,4
807649,4
807650,4
807651,4
807652,4
807653,4
807654,4
807655,4
807656,1
807657,4
807658,5
807659,4
807660,4
807661,4
807662,4
807663,4
807664,4
807665,4
807666,4
807667,4
807668,4
807669,4
807670,5
807671,4
807672,4
807673,4
807674,4
807675,4
807676,4
807677,4
807678,4
807679,1
807680,4
807681,1
807682,4
807683,4
807684,4
807685,4
807686,4
807687,4
807688,1
807689,4
807690,1
807691,4
807692,4
807693,4
807694,1
807695,4
807696,4
807697,4
807698,4
807699,1
807700,4
807701,4
807702,1
807703,4
807704,1
807705,4
807706,4
807707,4
807708,4
807709,4
807710,4
807711,1
807712,4
807713,1
807714,4
807715,4
807716,4
807717,4
807718,4
807719,4
807720,4
807721,4
807722,4
807723,4
807724,4
807725,4
807726,4
807727,1
807728,1
807729,4
807730,4
807731,4
807732,4
807733,4
807734,1
807735,4
807736,4
807737,4
807738,4
807739,4
807740,4
807741,4
807742,4
807743,4
807744,1
807745,4
807746,4
807747,4
807748,4
807749,4
807750,4
807751,1
807752,4
807753,4
807754,4
807755,4
807756,4
807757,4
807758,4
807759,4
807760,4
807761,4
807762,4
807763,4
807764,4
807765,4
807766,4
807767,4
807768,4
807769,1
807770,4
807771,4
807772,4
807773,4
807774,4
807775,4
807776,4
807777,1
807778,4
807779,4
807780,4
807781,4
807782,4
807783,4
807784,4
807785,4
807786,4
807787,5
807788,4
807789,4
807790,4
807791,4
807792,4
807793,4
807794,4
807795,4
807796,4
807797,4
807798,4
807799,4
807800,4
807801,4
807802,4
807803,4
807804,1
807805,4
807806,4
807807,4
807808,4
807809,4
807810,4
807811,4
807812,4
807813,4
807814,4
807815,4
807816,4
807817,4
807818,4
807819,5
807820,4
807821,4
807822,4
807823,4
807824,4
807825,4
807826,4
807827,4
807828,1
807829,4
807830,4
807831,5
807832,1
807833,4
807834,4
807835,4
807836,3
807837,4
807838,4
807839,4
807840,4
807841,4
807842,4
807843,4
807844,4
807845,4
807846,1
807847,4
807848,5
807849,4
807850,4
807851,1
807852,4
807853,5
807854,4
807855,1
807856,4
807857,4
807858,4
807859,4
807860,4
807861,4
807862,4
807863,4
807864,4
807865,4
807866,4
807867,1
807868,4
807869,4
807870,4
807871,1
807872,4
807873,4
807874,4
807875,4
807876,4
807877,4
807878,4
807879,4
807880,4
807881,4
807882,1
807883,4
807884,1
807885,1
807886,4
807887,4
807888,1
807889,4
807890,4
807891,4
807892,4
807893,1
807894,4
807895,4
807896,4
807897,4
807898,4
807899,4
807900,4
807901,4
807902,4
807903,4
807904,4
807905,4
807906,4
807907,4
807908,4
807909,4
807910,4
807911,4
807912,4
807913,4
807914,4
807915,4
807916,4
807917,1
807918,4
807919,4
807920,4
807921,4
807922,4
807923,4
807924,4
807925,4
807926,4
807927,4
807928,4
807929,4
807930,4
807931,4
807932,4
807933,4
807934,4
807935,1
807936,4
807937,4
807938,4
807939,1
807940,4
807941,4
807942,4
807943,4
807944,5
807945,4
807946,4
807947,4
807948,1
807949,4
807950,4
807951,4
807952,4
807953,5
807954,4
807955,4
807956,4
807957,4
807958,4
807959,4
807960,4
807961,4
807962,1
807963,1
807964,4
807965,4
807966,4
807967,4
807968,4
807969,4
807970,5
807971,4
807972,4
807973,1
807974,5
807975,5
807976,4
807977,4
807978,5
807979,5
807980,4
807981,4
807982,1
807983,4
807984,4
807985,4
807986,4
807987,1
807988,4
807989,5
807990,4
807991,4
807992,4
807993,4
807994,4
807995,4
807996,5
807997,5
807998,1
807999,4
808000,1
808001,4
808002,4
808003,4
808004,4
808005,4
808006,4
808007,4
808008,1
808009,5
808010,5
808011,5
808012,4
808013,4
808014,4
808015,4
808016,4
808017,4
808018,4
808019,4
808020,5
808021,4
808022,1
808023,4
808024,4
808025,4
808026,4
808027,1
808028,3
808029,1
808030,4
808031,1
808032,4
808033,4
808034,4
808035,4
808036,4
808037,4
808038,1
808039,4
808040,4
808041,4
808042,4
808043,4
808044,4
808045,4
808046,4
808047,5
808048,4
808049,4
808050,4
808051,4
808052,4
808053,4
808054,4
808055,4
808056,4
808057,4
808058,4
808059,4
808060,5
808061,5
808062,4
808063,4
808064,4
808065,4
808066,4
808067,1
808068,1
808069,4
808070,4
808071,4
808072,4
808073,4
808074,4
808075,4
808076,4
808077,4
808078,4
808079,4
808080,1
808081,4
808082,4
808083,4
808084,4
808085,4
808086,4
808087,4
808088,4
808089,1
808090,4
808091,5
808092,4
808093,1
808094,4
808095,5
808096,4
808097,4
808098,4
808099,4
808100,5
808101,4
808102,5
808103,4
808104,4
808105,4
808106,1
808107,4
808108,4
808109,1
808110,4
808111,4
808112,4
808113,5
808114,4
808115,4
808116,4
808117,4
808118,4
808119,5
808120,1
808121,4
808122,4
808123,4
808124,4
808125,4
808126,4
808127,4
808128,4
808129,4
808130,4
808131,4
808132,4
808133,4
808134,4
808135,4
808136,4
808137,4
808138,4
808139,4
808140,4
808141,4
808142,4
808143,4
808144,4
808145,4
808146,4
808147,1
808148,5
808149,4
808150,4
808151,4
808152,5
808153,4
808154,4
808155,4
808156,1
808157,4
808158,4
808159,4
808160,4
808161,4
808162,5
808163,4
808164,4
808165,4
808166,4
808167,4
808168,5
808169,4
808170,4
808171,4
808172,4
808173,4
808174,4
808175,4
808176,4
808177,4
808178,4
808179,4
808180,4
808181,4
808182,4
808183,1
808184,4
808185,4
808186,4
808187,4
808188,4
808189,4
808190,1
808191,5
808192,4
808193,1
808194,4
808195,5
808196,4
808197,4
808198,4
808199,4
808200,4
808201,1
808202,4
808203,4
808204,4
808205,4
808206,4
808207,4
808208,4
808209,4
808210,5
808211,4
808212,4
808213,4
808214,5
808215,4
808216,1
808217,4
808218,1
808219,4
808220,1
808221,4
808222,4
808223,4
808224,4
808225,1
808226,4
808227,4
808228,4
808229,4
808230,5
808231,4
808232,4
808233,4
808234,1
808235,4
808236,4
808237,4
808238,4
808239,4
808240,4
808241,4
808242,4
808243,4
808244,4
808245,4
808246,4
808247,4
808248,5
808249,4
808250,4
808251,4
808252,4
808253,4
808254,1
808255,4
808256,4
808257,1
808258,4
808259,4
808260,4
808261,1
808262,4
808263,4
808264,4
808265,4
808266,4
808267,4
808268,4
808269,4
808270,5
808271,4
808272,4
808273,1
808274,4
808275,4
808276,4
808277,1
808278,4
808279,4
808280,4
808281,4
808282,1
808283,4
808284,4
808285,4
808286,4
808287,4
808288,4
808289,4
808290,4
808291,1
808292,5
808293,4
808294,4
808295,4
808296,4
808297,4
808298,4
808299,4
808300,4
808301,1
808302,4
808303,1
808304,4
808305,4
808306,4
808307,4
808308,5
808309,4
808310,4
808311,4
808312,4
808313,4
808314,4
808315,4
808316,1
808317,4
808318,4
808319,4
808320,5
808321,4
808322,4
808323,1
808324,5
808325,4
808326,4
808327,4
808328,5
808329,4
808330,4
808331,4
808332,1
808333,4
808334,4
808335,4
808336,4
808337,4
808338,4
808339,1
808340,4
808341,4
808342,4
808343,1
808344,4
808345,4
808346,4
808347,4
808348,4
808349,4
808350,4
808351,5
808352,4
808353,4
808354,4
808355,4
808356,4
808357,4
808358,4
808359,4
808360,4
808361,4
808362,4
808363,4
808364,4
808365,4
808366,1
808367,4
808368,4
808369,4
808370,4
808371,4
808372,1
808373,1
808374,1
808375,4
808376,4
808377,4
808378,1
808379,4
808380,4
808381,4
808382,4
808383,4
808384,4
808385,4
808386,4
808387,4
808388,4
808389,4
808390,4
808391,4
808392,5
808393,4
808394,4
808395,4
808396,4
808397,4
808398,5
808399,4
808400,4
808401,4
808402,4
808403,4
808404,4
808405,4
808406,4
808407,4
808408,4
808409,1
808410,4
808411,4
808412,1
808413,4
808414,4
808415,4
808416,1
808417,4
808418,4
808419,4
808420,4
808421,4
808422,5
808423,4
808424,4
808425,4
808426,4
808427,5
808428,4
808429,1
808430,4
808431,4
808432,1
808433,4
808434,4
808435,5
808436,4
808437,4
808438,4
808439,4
808440,4
808441,4
808442,4
808443,4
808444,4
808445,1
808446,4
808447,1
808448,4
808449,4
808450,1
808451,4
808452,4
808453,4
808454,4
808455,4
808456,5
808457,4
808458,4
808459,1
808460,4
808461,4
808462,4
808463,4
808464,5
808465,4
808466,4
808467,4
808468,4
808469,4
808470,4
808471,3
808472,4
808473,4
808474,4
808475,4
808476,4
808477,3
808478,4
808479,1
808480,4
808481,4
808482,4
808483,4
808484,4
808485,1
808486,4
808487,4
808488,4
808489,4
808490,4
808491,4
808492,4
808493,4
808494,4
808495,4
808496,4
808497,1
808498,4
808499,4
808500,4
808501,5
808502,4
808503,4
808504,4
808505,4
808506,1
808507,4
808508,4
808509,1
808510,4
808511,4
808512,4
808513,4
808514,4
808515,4
808516,4
808517,4
808518,4
808519,4
808520,4
808521,4
808522,4
808523,4
808524,1
808525,4
808526,4
808527,4
808528,4
808529,4
808530,4
808531,4
808532,1
808533,4
808534,4
808535,4
808536,1
808537,4
808538,1
808539,4
808540,5
808541,4
808542,4
808543,4
808544,4
808545,4
808546,4
808547,4
808548,4
808549,1
808550,4
808551,4
808552,4
808553,4
808554,4
808555,4
808556,4
808557,4
808558,4
808559,4
808560,1
808561,4
808562,4
808563,4
808564,4
808565,4
808566,4
808567,4
808568,4
808569,1
808570,4
808571,4
808572,4
808573,4
808574,4
808575,4
808576,4
808577,4
808578,4
808579,4
808580,4
808581,1
808582,4
808583,4
808584,4
808585,4
808586,4
808587,4
808588,4
808589,1
808590,4
808591,1
808592,4
808593,4
808594,4
808595,4
808596,4
808597,4
808598,4
808599,4
808600,4
808601,4
808602,4
808603,4
808604,4
808605,4
808606,4
808607,4
808608,4
808609,4
808610,1
808611,5
808612,1
808613,4
808614,4
808615,1
808616,4
808617,4
808618,1
808619,4
808620,4
808621,4
808622,4
808623,4
808624,4
808625,4
808626,4
808627,1
808628,1
808629,1
808630,4
808631,4
808632,4
808633,4
808634,4
808635,4
808636,4
808637,5
808638,4
808639,4
808640,4
808641,5
808642,5
808643,4
808644,5
808645,4
808646,4
808647,5
808648,1
808649,4
808650,4
808651,4
808652,1
808653,4
808654,4
808655,4
808656,4
808657,4
808658,4
808659,4
808660,3
808661,4
808662,4
808663,4
808664,4
808665,4
808666,4
808667,4
808668,4
808669,4
808670,4
808671,4
808672,4
808673,4
808674,4
808675,4
808676,4
808677,3
808678,5
808679,4
808680,4
808681,4
808682,5
808683,4
808684,4
808685,4
808686,4
808687,4
808688,4
808689,4
808690,4
808691,4
808692,4
808693,1
808694,4
808695,5
808696,4
808697,4
808698,4
808699,1
808700,4
808701,4
808702,4
808703,1
808704,4
808705,4
808706,5
808707,4
808708,4
808709,4
808710,4
808711,4
808712,1
808713,1
808714,1
808715,4
808716,4
808717,4
808718,4
808719,4
808720,4
808721,4
808722,4
808723,4
808724,4
808725,4
808726,4
808727,4
808728,4
808729,4
808730,1
808731,4
808732,4
808733,4
808734,4
808735,1
808736,4
808737,1
808738,4
808739,1
808740,4
808741,1
808742,4
808743,4
808744,4
808745,4
808746,4
808747,4
808748,4
808749,4
808750,1
808751,4
808752,4
808753,4
808754,4
808755,4
808756,4
808757,4
808758,4
808759,4
808760,4
808761,4
808762,4
808763,4
808764,4
808765,4
808766,4
808767,4
808768,4
808769,4
808770,4
808771,1
808772,1
808773,4
808774,4
808775,4
808776,4
808777,1
808778,4
808779,4
808780,4
808781,4
808782,5
808783,4
808784,4
808785,4
808786,4
808787,4
808788,4
808789,4
808790,4
808791,1
808792,4
808793,1
808794,1
808795,4
808796,4
808797,4
808798,4
808799,4
808800,4
808801,4
808802,4
808803,4
808804,4
808805,1
808806,1
808807,4
808808,4
808809,4
808810,4
808811,1
808812,4
808813,4
808814,4
808815,4
808816,1
808817,4
808818,4
808819,4
808820,4
808821,4
808822,4
808823,4
808824,4
808825,1
808826,4
808827,4
808828,4
808829,5
808830,5
808831,1
808832,5
808833,5
808834,4
808835,4
808836,4
808837,4
808838,4
808839,5
808840,4
808841,4
808842,4
808843,4
808844,5
808845,1
808846,4
808847,4
808848,4
808849,4
808850,4
808851,4
808852,5
808853,4
808854,5
808855,4
808856,4
808857,4
808858,4
808859,4
808860,4
808861,4
808862,4
808863,5
808864,4
808865,4
808866,5
808867,4
808868,4
808869,4
808870,4
808871,4
808872,4
808873,4
808874,1
808875,4
808876,4
808877,4
808878,4
808879,4
808880,4
808881,4
808882,4
808883,4
808884,5
808885,5
808886,4
808887,5
808888,4
808889,4
808890,4
808891,4
808892,5
808893,5
808894,4
808895,5
808896,4
808897,4
808898,4
808899,4
808900,4
808901,4
808902,4
808903,4
808904,4
808905,4
808906,4
808907,4
808908,5
808909,4
808910,5
808911,4
808912,5
808913,4
808914,4
808915,5
808916,5
808917,4
808918,4
808919,4
808920,4
808921,4
808922,5
808923,4
808924,5
808925,4
808926,5
808927,4
808928,4
