952553,5
952554,4
952555,4
952556,4
952557,1
952558,4
952559,4
952560,4
952561,4
952562,4
952563,4
952564,4
952565,1
952566,4
952567,4
952568,4
952569,5
952570,4
952571,4
952572,4
952573,5
952574,4
952575,5
952576,1
952577,4
952578,4
952579,4
952580,4
952581,4
952582,4
952583,4
952584,4
952585,1
952586,4
952587,1
952588,4
952589,5
952590,1
952591,4
952592,4
952593,1
952594,4
952595,4
952596,1
952597,4
952598,4
952599,4
952600,4
952601,4
952602,4
952603,4
952604,4
952605,4
952606,4
952607,4
952608,5
952609,4
952610,4
952611,4
952612,4
952613,4
952614,4
952615,4
952616,4
952617,4
952618,4
952619,4
952620,4
952621,4
952622,4
952623,5
952624,4
952625,4
952626,1
952627,4
952628,4
952629,4
952630,4
952631,4
952632,4
952633,4
952634,5
952635,4
952636,4
952637,5
952638,4
952639,4
952640,4
952641,4
952642,4
952643,1
952644,1
952645,4
952646,4
952647,4
952648,4
952649,1
952650,4
952651,4
952652,1
952653,4
952654,5
952655,4
952656,4
952657,1
952658,4
952659,4
952660,4
952661,1
952662,4
952663,1
952664,4
952665,4
952666,5
952667,4
952668,5
952669,4
952670,4
952671,4
952672,4
952673,4
952674,4
952675,4
952676,4
952677,4
952678,4
952679,4
952680,4
952681,4
952682,4
952683,4
952684,4
952685,4
952686,4
952687,1
952688,4
952689,4
952690,3
952691,4
952692,4
952693,4
952694,4
952695,4
952696,4
952697,5
952698,4
952699,4
952700,4
952701,5
952702,4
952703,4
952704,1
952705,4
952706,4
952707,4
952708,4
952709,4
952710,4
952711,1
952712,4
952713,1
952714,4
952715,1
952716,1
952717,4
952718,4
952719,4
952720,4
952721,4
952722,4
952723,4
952724,4
952725,4
952726,4
952727,4
952728,1
952729,4
952730,4
952731,4
952732,1
952733,4
952734,4
952735,4
952736,1
952737,4
952738,1
952739,3
952740,5
952741,3
952742,4
952743,4
952744,3
952745,4
952746,4
952747,4
952748,4
952749,4
952750,4
952751,4
952752,1
952753,4
952754,4
952755,4
952756,4
952757,4
952758,4
952759,4
952760,3
952761,4
952762,3
952763,4
952764,5
952765,5
952766,4
952767,5
952768,4
952769,5
952770,4
952771,4
952772,4
952773,4
952774,4
952775,4
952776,4
952777,1
952778,4
952779,4
952780,4
952781,4
952782,4
952783,4
952784,4
952785,1
952786,1
952787,1
952788,4
952789,4
952790,4
952791,4
952792,4
952793,4
952794,4
952795,1
952796,4
952797,3
952798,4
952799,4
952800,1
952801,4
952802,4
952803,4
952804,4
952805,4
952806,4
952807,4
952808,4
952809,4
952810,4
952811,4
952812,4
952813,1
952814,1
952815,4
952816,4
952817,4
952818,4
952819,4
952820,4
952821,4
952822,4
952823,4
952824,4
952825,4
952826,4
952827,4
952828,4
952829,4
952830,4
952831,4
952832,4
952833,4
952834,4
952835,4
952836,1
952837,4
952838,4
952839,4
952840,4
952841,4
952842,4
952843,4
952844,4
952845,4
952846,4
952847,4
952848,4
952849,4
952850,4
952851,1
952852,4
952853,5
952854,4
952855,4
952856,4
952857,5
952858,4
952859,4
952860,4
952861,4
952862,4
952863,4
952864,4
952865,4
952866,5
952867,4
952868,5
952869,4
952870,4
952871,4
952872,4
952873,3
952874,4
952875,4
952876,1
952877,5
952878,4
952879,4
952880,4
952881,4
952882,4
952883,1
952884,4
952885,4
952886,4
952887,4
952888,4
952889,4
952890,4
952891,4
952892,3
952893,4
952894,4
952895,4
952896,1
952897,4
952898,3
952899,4
952900,3
952901,4
952902,4
952903,4
952904,4
952905,1
952906,4
952907,1
952908,4
952909,1
952910,4
952911,4
952912,4
952913,4
952914,4
952915,4
952916,4
952917,4
952918,4
952919,4
952920,1
952921,4
952922,4
952923,4
952924,3
952925,4
952926,4
952927,4
952928,3
952929,4
952930,4
952931,4
952932,4
952933,4
952934,4
952935,4
952936,1
952937,4
952938,4
952939,4
952940,4
952941,4
952942,4
952943,5
952944,1
952945,4
952946,4
952947,4
952948,4
952949,4
952950,4
952951,4
952952,4
952953,1
952954,1
952955,1
952956,5
952957,5
952958,4
952959,1
952960,4
952961,4
952962,4
952963,4
952964,4
952965,4
952966,1
952967,4
952968,4
952969,4
952970,1
952971,4
952972,4
952973,4
952974,1
952975,4
952976,4
952977,4
952978,1
952979,4
952980,4
952981,1
952982,1
952983,4
952984,4
952985,4
952986,4
952987,4
952988,4
952989,1
952990,4
952991,4
952992,1
952993,4
952994,4
952995,4
952996,1
952997,4
952998,4
952999,5
953000,5
953001,4
953002,5
953003,4
953004,4
953005,1
953006,4
953007,1
953008,4
953009,4
953010,4
953011,4
953012,4
953013,4
953014,4
953015,4
953016,4
953017,4
953018,4
953019,4
953020,4
953021,1
953022,5
953023,4
953024,4
953025,1
953026,4
953027,4
953028,4
953029,4
953030,4
953031,4
953032,4
953033,4
953034,4
953035,4
953036,5
953037,4
953038,4
953039,4
953040,4
953041,4
953042,4
953043,4
953044,4
953045,4
953046,4
953047,4
953048,4
953049,4
953050,3
953051,4
953052,4
953053,4
953054,5
953055,4
953056,4
953057,4
953058,4
953059,4
953060,4
953061,4
953062,4
953063,1
953064,4
953065,4
953066,4
953067,4
953068,1
953069,4
953070,4
953071,4
953072,4
953073,1
953074,4
953075,4
953076,4
953077,4
953078,5
953079,4
953080,5
953081,4
953082,4
953083,4
953084,4
953085,4
953086,4
953087,4
953088,5
953089,4
953090,4
953091,4
953092,4
953093,4
953094,4
953095,4
953096,4
953097,4
953098,1
953099,1
953100,4
953101,4
953102,4
953103,4
953104,4
953105,4
953106,4
953107,4
953108,4
953109,4
953110,4
953111,4
953112,4
953113,4
953114,4
953115,4
953116,4
953117,4
953118,4
953119,4
953120,4
953121,1
953122,4
953123,4
953124,4
953125,4
953126,4
953127,4
953128,1
953129,4
953130,4
953131,4
953132,4
953133,1
953134,4
953135,4
953136,4
953137,4
953138,4
953139,4
953140,4
953141,4
953142,4
953143,4
953144,1
953145,4
953146,1
953147,4
953148,4
953149,4
953150,4
953151,4
953152,4
953153,4
953154,4
953155,1
953156,4
953157,4
953158,5
953159,4
953160,4
953161,4
953162,1
953163,4
953164,1
953165,4
953166,4
953167,5
953168,4
953169,4
953170,4
953171,4
953172,5
953173,3
953174,4
953175,1
953176,4
953177,4
953178,4
953179,4
953180,4
953181,4
953182,4
953183,4
953184,4
953185,4
953186,4
953187,4
953188,4
953189,4
953190,4
953191,4
953192,4
953193,4
953194,4
953195,1
953196,1
953197,4
953198,1
953199,4
953200,4
953201,4
953202,4
953203,4
953204,4
953205,4
953206,1
953207,1
953208,4
953209,1
953210,4
953211,4
953212,5
953213,3
953214,4
953215,4
953216,4
953217,3
953218,4
953219,5
953220,4
953221,4
953222,4
953223,4
953224,5
953225,5
953226,4
953227,5
953228,5
953229,4
953230,1
953231,5
953232,1
953233,4
953234,4
953235,4
953236,5
953237,4
953238,4
953239,4
953240,4
953241,4
953242,4
953243,4
953244,3
953245,4
953246,4
953247,4
953248,4
953249,1
953250,4
953251,4
953252,5
953253,4
953254,5
953255,4
953256,4
953257,4
953258,4
953259,4
953260,4
953261,4
953262,4
953263,4
953264,4
953265,1
953266,4
953267,1
953268,4
953269,1
953270,4
953271,4
953272,4
953273,4
953274,1
953275,4
953276,4
953277,4
953278,4
953279,4
953280,1
953281,4
953282,4
953283,4
953284,4
953285,4
953286,4
953287,4
953288,4
953289,4
953290,4
953291,4
953292,4
953293,4
953294,1
953295,4
953296,4
953297,1
953298,4
953299,4
953300,1
953301,4
953302,4
953303,4
953304,4
953305,4
953306,4
953307,4
953308,4
953309,4
953310,1
953311,4
953312,4
953313,4
953314,4
953315,4
953316,4
953317,4
953318,1
953319,4
953320,4
953321,4
953322,4
953323,4
953324,5
953325,4
953326,4
953327,4
953328,4
953329,4
953330,1
953331,4
953332,4
953333,4
953334,4
953335,4
953336,5
953337,4
953338,4
953339,4
953340,4
953341,1
953342,4
953343,1
953344,4
953345,4
953346,1
953347,4
953348,4
953349,4
953350,4
953351,4
953352,4
953353,4
953354,4
953355,1
953356,4
953357,4
953358,4
953359,4
953360,4
953361,4
953362,4
953363,4
953364,4
953365,4
953366,1
953367,4
953368,4
953369,4
953370,4
953371,4
953372,4
953373,1
953374,4
953375,4
953376,4
953377,4
953378,5
953379,1
953380,4
953381,1
953382,4
953383,4
953384,4
953385,1
953386,4
953387,4
953388,1
953389,4
953390,4
953391,4
953392,4
953393,4
953394,4
953395,4
953396,4
953397,4
953398,1
953399,4
953400,4
953401,1
953402,4
953403,4
953404,4
953405,4
953406,4
953407,4
953408,4
953409,4
953410,4
953411,4
953412,4
953413,1
953414,4
953415,5
953416,1
953417,4
953418,5
953419,4
953420,4
953421,5
953422,5
953423,4
953424,4
953425,4
953426,5
953427,4
953428,5
953429,5
953430,1
953431,4
953432,4
953433,5
953434,5
953435,1
953436,5
953437,3
953438,4
953439,1
953440,4
953441,3
953442,4
953443,4
953444,4
953445,5
953446,1
953447,5
953448,1
953449,1
953450,4
953451,4
953452,4
953453,1
953454,4
953455,1
953456,4
953457,1
953458,4
953459,1
953460,4
953461,4
953462,4
953463,4
953464,4
953465,4
953466,5
953467,4
953468,1
953469,4
953470,4
953471,4
953472,4
953473,4
953474,4
953475,4
953476,4
953477,4
953478,4
953479,4
953480,4
953481,4
953482,4
953483,4
953484,4
953485,4
953486,4
953487,4
953488,4
953489,4
953490,4
953491,1
953492,1
953493,4
953494,4
953495,4
953496,4
953497,4
953498,4
953499,1
953500,3
953501,4
953502,4
953503,4
953504,4
953505,4
953506,4
953507,1
953508,4
953509,4
953510,4
953511,4
953512,4
953513,4
953514,4
953515,5
953516,4
953517,4
953518,4
953519,4
953520,4
953521,4
953522,4
953523,4
953524,4
953525,4
953526,1
953527,1
953528,4
953529,3
953530,4
953531,4
953532,4
953533,4
953534,4
953535,4
953536,4
953537,5
953538,4
953539,4
953540,4
953541,4
953542,4
953543,4
953544,4
953545,4
953546,4
953547,4
953548,4
953549,4
953550,4
953551,4
953552,4
953553,4
953554,4
953555,3
953556,4
953557,4
953558,4
953559,4
953560,4
953561,4
953562,1
953563,4
953564,4
953565,4
953566,4
953567,4
953568,4
953569,4
953570,5
953571,4
953572,1
953573,4
953574,4
953575,4
953576,4
953577,4
953578,4
953579,4
953580,4
953581,4
953582,4
953583,4
953584,4
953585,4
953586,4
953587,4
953588,1
953589,4
953590,4
953591,4
953592,4
953593,5
953594,4
953595,4
953596,4
953597,5
953598,4
953599,4
953600,4
953601,4
953602,4
953603,4
953604,4
953605,4
953606,4
953607,4
953608,4
953609,4
953610,4
953611,1
953612,1
953613,1
953614,1
953615,4
953616,4
953617,3
953618,4
953619,4
953620,4
953621,1
953622,4
953623,4
953624,1
953625,4
953626,4
953627,4
953628,4
953629,4
953630,4
953631,4
953632,4
953633,1
953634,4
953635,4
953636,4
953637,4
953638,4
953639,5
953640,4
953641,4
953642,4
953643,3
953644,4
953645,4
953646,4
953647,5
953648,4
953649,1
953650,4
953651,4
953652,4
953653,4
953654,4
953655,4
953656,5
953657,1
953658,4
953659,4
953660,4
953661,4
953662,5
953663,4
953664,5
953665,4
953666,1
953667,1
953668,4
953669,4
953670,5
953671,4
953672,4
953673,4
953674,4
953675,5
953676,4
953677,4
953678,4
953679,1
953680,4
953681,4
953682,4
953683,4
953684,4
953685,4
953686,4
953687,4
953688,4
953689,1
953690,1
953691,3
953692,4
953693,4
953694,4
953695,4
953696,4
953697,4
953698,1
953699,4
953700,4
953701,4
953702,4
953703,5
953704,5
953705,5
953706,4
953707,5
953708,5
953709,5
953710,1
953711,4
953712,4
953713,4
953714,4
953715,4
953716,4
953717,4
953718,1
953719,4
953720,4
953721,4
953722,4
953723,4
953724,4
953725,4
953726,4
953727,4
953728,4
953729,4
953730,4
953731,4
953732,1
953733,4
953734,5
953735,4
953736,4
953737,1
953738,4
953739,4
953740,4
953741,4
953742,4
953743,4
953744,1
953745,4
953746,4
953747,4
953748,4
953749,4
953750,4
953751,4
953752,4
953753,4
953754,4
953755,4
953756,4
953757,4
953758,5
953759,4
953760,4
953761,4
953762,4
953763,4
953764,4
953765,4
953766,4
953767,4
953768,4
953769,4
953770,4
953771,4
953772,1
953773,4
953774,1
953775,1
953776,4
953777,4
953778,1
953779,4
953780,4
953781,4
953782,4
953783,4
953784,4
953785,4
953786,4
953787,4
953788,4
953789,4
953790,4
953791,4
953792,4
953793,4
953794,5
953795,1
953796,4
953797,1
953798,4
953799,4
953800,4
953801,4
953802,4
953803,4
953804,4
953805,4
953806,4
953807,1
953808,4
953809,4
953810,4
953811,4
953812,4
953813,4
953814,4
953815,4
953816,4
953817,4
953818,4
953819,4
953820,4
953821,4
953822,5
953823,4
953824,4
953825,4
953826,4
953827,4
953828,4
953829,4
953830,5
953831,4
953832,4
953833,4
953834,4
953835,5
953836,4
953837,4
953838,4
953839,4
953840,4
953841,4
953842,4
953843,4
953844,4
953845,5
953846,4
953847,5
953848,4
953849,1
953850,1
953851,4
953852,1
953853,4
953854,5
953855,4
953856,4
953857,4
953858,4
953859,5
953860,4
953861,5
953862,4
953863,4
953864,4
953865,4
953866,4
953867,4
953868,4
953869,4
953870,4
953871,4
953872,4
953873,4
953874,4
953875,4
953876,4
953877,1
953878,4
953879,4
953880,1
953881,4
953882,4
953883,4
953884,4
953885,1
953886,4
953887,4
953888,4
953889,4
953890,1
953891,4
953892,4
953893,4
953894,4
953895,4
953896,4
953897,4
953898,4
953899,4
953900,4
953901,4
953902,1
953903,4
953904,1
953905,4
953906,4
953907,4
953908,4
953909,4
953910,4
953911,1
953912,4
953913,4
953914,4
953915,4
953916,4
953917,4
953918,4
953919,4
953920,1
953921,4
953922,4
953923,4
953924,4
953925,4
953926,4
953927,4
953928,4
953929,4
953930,4
953931,4
953932,5
953933,4
953934,4
953935,1
953936,4
953937,4
953938,1
953939,4
953940,1
953941,5
953942,1
953943,3
953944,4
953945,4
953946,1
953947,4
953948,4
953949,4
953950,4
953951,1
953952,4
953953,4
953954,4
953955,4
953956,4
953957,1
953958,1
953959,4
953960,4
953961,4
953962,4
953963,1
953964,4
953965,1
953966,4
953967,4
953968,4
953969,4
953970,1
953971,4
953972,4
953973,4
953974,4
953975,4
953976,4
953977,4
953978,4
953979,5
953980,4
953981,4
953982,4
953983,4
953984,4
953985,4
953986,4
953987,4
953988,4
953989,4
953990,5
953991,4
953992,4
953993,4
953994,4
953995,1
953996,4
953997,4
953998,4
953999,1
954000,4
954001,1
954002,4
954003,4
954004,4
954005,4
954006,4
954007,4
954008,5
954009,4
954010,4
954011,4
954012,4
954013,4
954014,4
954015,4
954016,4
954017,1
954018,4
954019,4
954020,4
954021,1
954022,4
954023,4
954024,4
954025,4
954026,1
954027,1
954028,5
954029,4
954030,4
954031,4
954032,4
954033,1
954034,4
954035,4
954036,1
954037,4
954038,5
954039,4
954040,4
954041,4
954042,1
954043,4
954044,4
954045,1
954046,4
954047,1
954048,4
954049,4
954050,1
954051,4
954052,1
954053,4
954054,4
954055,4
954056,4
954057,4
954058,4
954059,4
954060,4
954061,4
954062,4
954063,4
954064,4
954065,4
954066,4
954067,4
954068,4
954069,4
954070,4
954071,4
954072,4
954073,4
954074,4
954075,1
954076,4
954077,1
954078,4
954079,4
954080,4
954081,4
954082,4
954083,4
954084,5
954085,4
954086,4
954087,4
954088,5
954089,4
954090,4
954091,4
954092,4
954093,4
954094,4
954095,4
954096,1
954097,4
954098,4
954099,1
954100,4
954101,4
954102,4
954103,4
954104,4
954105,4
954106,1
954107,4
954108,4
954109,4
954110,1
954111,1
954112,4
954113,1
954114,4
954115,1
954116,4
954117,4
954118,4
954119,4
954120,1
954121,4
954122,1
954123,4
954124,4
954125,4
954126,4
954127,4
954128,4
954129,4
954130,4
954131,4
954132,4
954133,5
954134,4
954135,4
954136,4
954137,3
954138,4
954139,4
954140,4
954141,4
954142,4
954143,4
954144,4
954145,4
954146,1
954147,4
954148,4
954149,4
954150,1
954151,4
954152,4
954153,4
954154,1
954155,4
954156,4
954157,4
954158,4
954159,4
954160,4
954161,4
954162,4
954163,4
954164,4
954165,4
954166,4
954167,4
954168,4
954169,4
954170,4
954171,4
954172,4
954173,4
954174,4
954175,4
954176,4
954177,4
954178,4
954179,4
954180,4
954181,4
954182,4
954183,4
954184,4
954185,4
954186,4
954187,4
954188,4
954189,4
954190,4
954191,4
954192,4
954193,4
954194,4
954195,4
954196,1
954197,4
954198,4
954199,4
954200,1
954201,4
954202,4
954203,4
954204,4
954205,5
954206,4
954207,4
954208,4
954209,4
954210,4
954211,1
954212,4
954213,4
954214,4
954215,4
954216,4
954217,4
954218,4
954219,4
954220,4
954221,4
954222,4
954223,5
954224,4
954225,1
954226,4
954227,4
954228,5
954229,4
954230,4
954231,1
954232,4
954233,4
954234,4
954235,5
954236,4
954237,1
954238,4
954239,4
954240,4
954241,4
954242,4
954243,4
954244,5
954245,4
954246,5
954247,4
954248,4
954249,4
954250,4
954251,1
954252,4
954253,4
954254,1
954255,4
954256,4
954257,4
954258,4
954259,4
954260,4
954261,4
954262,4
954263,4
954264,4
954265,1
954266,4
954267,1
954268,4
954269,4
954270,4
954271,4
954272,5
954273,4
954274,4
954275,1
954276,4
954277,4
954278,4
954279,4
954280,5
954281,4
954282,4
954283,4
954284,5
954285,4
954286,1
954287,4
954288,5
954289,4
954290,1
954291,4
954292,1
954293,1
954294,5
954295,5
954296,4
954297,5
954298,4
954299,4
954300,4
954301,5
954302,5
954303,4
954304,4
954305,4
954306,4
954307,4
954308,4
954309,1
954310,4
954311,4
954312,4
954313,4
954314,4
954315,4
954316,5
954317,4
954318,4
954319,5
954320,4
954321,4
954322,5
954323,5
954324,4
954325,4
954326,4
954327,1
954328,4
954329,4
954330,4
954331,1
954332,4
954333,4
954334,4
954335,4
954336,4
954337,4
954338,4
954339,4
954340,4
954341,4
954342,4
954343,4
954344,1
954345,4
954346,4
954347,4
954348,4
954349,4
954350,4
954351,4
954352,4
954353,4
954354,4
954355,4
954356,4
954357,4
954358,4
954359,4
954360,4
954361,4
954362,4
954363,4
954364,4
954365,1
954366,4
954367,4
954368,4
954369,4
954370,4
954371,4
954372,4
954373,1
954374,1
954375,4
954376,4
954377,4
954378,1
954379,4
954380,1
954381,4
954382,4
954383,4
954384,4
954385,4
954386,4
954387,4
954388,4
954389,4
954390,4
954391,4
954392,4
954393,1
954394,4
954395,4
954396,4
954397,4
954398,4
954399,1
954400,4
954401,4
954402,1
954403,4
954404,4
954405,4
954406,4
954407,4
954408,4
954409,4
954410,1
954411,4
954412,4
954413,4
954414,4
954415,1
954416,4
954417,4
954418,4
954419,4
954420,4
954421,4
954422,4
954423,4
954424,4
954425,1
954426,4
954427,4
954428,4
954429,4
954430,4
954431,4
954432,4
954433,4
954434,4
954435,4
954436,4
954437,4
954438,4
954439,1
954440,1
954441,4
954442,4
954443,4
954444,4
954445,4
954446,4
954447,4
954448,5
954449,4
954450,4
954451,4
954452,4
954453,4
954454,4
954455,5
954456,4
954457,4
954458,4
954459,4
954460,4
954461,4
954462,4
954463,5
954464,4
954465,4
954466,4
954467,4
954468,1
954469,4
954470,4
954471,4
954472,4
954473,4
954474,4
954475,5
954476,1
954477,5
954478,4
954479,5
954480,4
954481,4
954482,4
954483,4
954484,4
954485,5
954486,5
954487,5
954488,5
954489,5
954490,4
954491,4
954492,5
954493,4
954494,4
954495,4
954496,4
954497,4
954498,1
954499,4
954500,1
954501,4
954502,4
954503,4
954504,4
954505,1
954506,5
954507,5
954508,4
954509,5
954510,4
954511,4
954512,4
954513,4
954514,4
954515,5
954516,5
954517,4
954518,4
954519,4
954520,5
954521,4
954522,4
954523,4
954524,1
954525,5
954526,1
954527,4
954528,4
954529,4
954530,4
954531,4
954532,4
954533,5
954534,4
954535,4
954536,4
954537,4
954538,4
954539,5
954540,4
954541,5
954542,4
954543,4
954544,4
954545,5
954546,4
954547,4
954548,4
954549,1
954550,5
954551,4
954552,4
954553,5
954554,5
954555,5
954556,5
954557,4
954558,4
954559,4
954560,4
954561,4
954562,5
954563,4
954564,4
954565,4
954566,5
954567,1
954568,4
954569,5
954570,4
954571,4
954572,4
954573,5
954574,4
954575,5
954576,4
954577,1
954578,5
954579,4
954580,4
954581,4
954582,4
954583,4
954584,4
954585,4
954586,4
954587,4
954588,4
954589,4
954590,4
954591,5
954592,4
954593,4
954594,4
954595,4
954596,4
954597,1
954598,4
954599,4
954600,5
954601,4
954602,4
954603,4
954604,4
954605,4
954606,4
954607,4
954608,5
954609,4
954610,1
954611,4
954612,4
954613,4
954614,4
954615,4
954616,4
954617,4
954618,4
954619,4
954620,4
954621,4
954622,4
954623,4
954624,4
954625,4
954626,4
954627,4
954628,4
954629,5
954630,4
954631,4
954632,4
954633,4
954634,4
954635,4
954636,4
954637,4
954638,1
954639,4
954640,5
954641,5
954642,4
954643,5
954644,5
954645,5
954646,5
954647,5
954648,5
954649,5
954650,5
954651,4
954652,3
954653,4
954654,4
954655,4
954656,4
954657,4
954658,4
954659,4
954660,4
954661,4
954662,3
954663,4
954664,4
954665,4
954666,4
954667,4
954668,4
954669,1
954670,4
954671,4
954672,4
954673,4
954674,4
954675,4
954676,4
954677,1
954678,4
954679,1
954680,4
954681,3
954682,4
954683,4
954684,4
954685,4
954686,4
954687,4
954688,4
954689,1
954690,1
954691,4
954692,4
954693,4
954694,4
954695,4
954696,4
954697,4
954698,4
954699,4
954700,4
954701,4
954702,4
954703,4
954704,4
954705,1
954706,4
954707,4
954708,4
954709,1
954710,4
954711,4
954712,4
954713,1
954714,4
954715,4
954716,1
954717,4
954718,4
954719,1
954720,4
954721,4
954722,4
954723,1
954724,4
954725,4
954726,4
954727,4
954728,5
954729,4
954730,4
954731,4
954732,4
954733,4
954734,4
954735,4
954736,4
954737,1
954738,4
954739,4
954740,4
954741,4
954742,4
954743,4
954744,4
954745,4
954746,4
954747,4
954748,4
954749,4
954750,4
954751,4
954752,1
954753,4
954754,4
954755,4
954756,1
954757,1
954758,4
954759,4
954760,4
954761,4
954762,1
954763,4
954764,4
954765,4
954766,4
954767,4
954768,1
954769,4
954770,4
954771,4
954772,4
954773,4
954774,4
954775,4
954776,4
954777,4
954778,4
954779,1
954780,4
954781,4
954782,4
954783,4
954784,5
954785,4
954786,4
954787,1
954788,4
954789,4
954790,4
954791,1
954792,4
954793,4
954794,4
954795,5
954796,4
954797,4
954798,1
954799,1
954800,4
954801,4
954802,4
954803,4
954804,4
954805,4
954806,4
954807,5
954808,4
954809,4
954810,4
954811,4
954812,5
954813,4
954814,4
954815,4
954816,4
954817,4
954818,4
954819,4
954820,4
954821,5
954822,4
954823,4
954824,4
954825,4
954826,4
954827,1
954828,4
954829,5
954830,1
954831,4
954832,4
954833,4
954834,4
954835,1
954836,4
954837,4
954838,5
954839,4
954840,4
954841,4
954842,4
954843,5
954844,4
954845,4
954846,4
954847,4
954848,4
954849,4
954850,4
954851,4
954852,4
954853,4
954854,4
954855,4
954856,1
954857,4
954858,4
954859,4
954860,1
954861,5
954862,1
954863,4
954864,4
954865,4
954866,1
954867,4
954868,4
954869,4
954870,4
954871,4
954872,4
954873,4
954874,4
954875,4
954876,4
954877,4
954878,4
954879,4
954880,4
954881,4
954882,1
954883,4
954884,4
954885,4
954886,4
954887,4
954888,4
954889,4
954890,4
954891,1
954892,4
954893,4
954894,4
954895,4
954896,1
954897,1
954898,4
954899,4
954900,4
954901,4
954902,4
954903,4
954904,4
954905,4
954906,4
954907,4
954908,5
954909,4
954910,4
954911,4
954912,4
954913,4
954914,4
954915,4
954916,4
954917,4
954918,4
954919,4
954920,4
954921,4
954922,4
954923,4
954924,4
954925,4
954926,5
954927,4
954928,4
954929,4
954930,5
954931,4
954932,4
954933,4
954934,4
954935,4
954936,1
954937,4
954938,4
954939,4
954940,4
954941,4
954942,4
954943,4
954944,4
954945,4
954946,4
954947,4
954948,4
954949,1
954950,4
954951,4
954952,4
954953,1
954954,4
954955,4
954956,4
954957,4
954958,4
954959,4
954960,4
954961,4
954962,4
954963,4
954964,4
954965,4
954966,1
954967,4
954968,4
954969,4
954970,4
954971,1
954972,4
954973,4
954974,4
954975,4
954976,4
954977,4
954978,4
954979,5
954980,4
954981,4
954982,4
954983,4
954984,3
954985,4
954986,1
954987,1
954988,4
954989,4
954990,5
954991,4
954992,5
954993,4
954994,4
954995,4
954996,4
954997,4
954998,4
954999,5
955000,4
955001,4
955002,4
955003,4
955004,4
955005,4
955006,4
955007,4
955008,4
955009,4
955010,4
955011,4
955012,4
955013,4
955014,4
955015,1
955016,4
955017,4
955018,1
955019,4
955020,4
955021,4
955022,4
955023,4
955024,4
955025,4
955026,4
955027,4
955028,4
955029,4
955030,4
955031,4
955032,3
955033,4
955034,4
955035,1
955036,4
955037,4
955038,4
955039,4
955040,4
955041,1
955042,4
955043,1
955044,4
955045,5
955046,4
955047,5
955048,5
955049,4
955050,4
955051,4
955052,4
955053,4
955054,5
955055,4
955056,5
955057,5
955058,4
955059,4
955060,4
955061,4
955062,4
955063,4
955064,4
955065,4
955066,4
955067,4
955068,4
955069,5
955070,4
955071,4
955072,1
955073,4
955074,4
955075,4
955076,4
955077,4
955078,4
955079,4
955080,4
955081,4
955082,4
955083,4
955084,4
955085,4
955086,4
955087,4
955088,4
955089,4
955090,4
955091,4
955092,1
955093,1
955094,4
955095,4
955096,3
955097,4
955098,5
955099,4
955100,4
955101,4
955102,4
955103,4
955104,4
955105,4
955106,4
955107,4
955108,4
955109,4
955110,4
955111,1
955112,1
955113,4
955114,4
955115,4
955116,1
955117,4
955118,1
955119,4
955120,4
955121,4
955122,4
955123,4
955124,1
955125,4
955126,4
955127,4
955128,4
955129,1
955130,4
955131,4
955132,1
955133,4
955134,4
955135,1
955136,4
955137,4
955138,4
955139,4
955140,4
955141,4
955142,1
955143,4
955144,4
955145,4
955146,4
955147,1
955148,4
955149,4
955150,4
955151,4
955152,4
955153,4
955154,4
955155,4
955156,1
955157,4
955158,4
955159,4
955160,4
955161,4
955162,4
955163,5
955164,4
955165,1
955166,5
955167,5
955168,4
955169,4
955170,4
955171,4
955172,4
955173,4
955174,4
955175,4
955176,4
955177,4
955178,4
955179,4
955180,4
955181,4
955182,4
955183,4
955184,4
955185,4
955186,4
955187,4
955188,4
955189,4
955190,4
955191,4
955192,1
955193,4
955194,4
955195,4
955196,4
955197,4
955198,4
955199,4
955200,4
955201,4
955202,4
955203,4
955204,4
955205,4
955206,1
955207,4
955208,1
955209,4
955210,4
955211,4
955212,4
955213,4
955214,5
955215,4
955216,4
955217,4
955218,4
955219,4
955220,4
955221,5
955222,4
955223,4
955224,4
955225,4
955226,4
955227,4
955228,4
955229,4
955230,4
955231,4
955232,4
955233,4
955234,4
955235,1
955236,4
955237,4
955238,4
955239,4
955240,4
955241,4
955242,4
955243,4
955244,4
955245,4
955246,5
955247,4
955248,4
955249,4
955250,4
955251,4
955252,4
955253,4
955254,4
955255,4
955256,4
955257,1
955258,4
955259,4
955260,1
955261,4
955262,4
955263,4
955264,4
955265,4
955266,4
955267,4
955268,4
955269,4
955270,5
955271,3
955272,4
955273,4
955274,4
955275,4
955276,4
955277,3
955278,1
955279,4
955280,4
955281,4
955282,1
955283,4
955284,4
955285,1
955286,4
955287,1
955288,4
955289,4
955290,4
955291,4
955292,4
955293,1
955294,4
955295,4
955296,1
955297,3
955298,4
955299,4
955300,4
955301,1
955302,4
955303,4
955304,4
955305,4
955306,5
955307,4
955308,4
955309,5
955310,4
955311,4
955312,4
955313,4
955314,4
955315,4
955316,4
955317,4
955318,4
955319,4
955320,4
955321,4
955322,4
955323,4
955324,4
955325,4
955326,4
955327,5
955328,4
955329,1
955330,4
955331,3
955332,5
955333,4
955334,4
955335,4
955336,4
955337,5
955338,4
955339,4
955340,4
955341,4
955342,3
955343,4
955344,5
955345,4
955346,1
955347,4
955348,4
955349,4
955350,4
955351,4
955352,4
955353,4
955354,4
955355,4
955356,4
955357,4
955358,4
955359,4
955360,4
955361,4
955362,4
955363,4
955364,4
955365,4
955366,4
955367,4
955368,4
955369,3
955370,4
955371,1
955372,1
955373,4
955374,4
955375,4
955376,4
955377,4
955378,1
955379,4
955380,4
955381,4
955382,4
955383,4
955384,1
955385,4
955386,4
955387,4
955388,4
955389,4
955390,4
955391,4
955392,4
955393,1
955394,4
955395,4
955396,4
955397,4
955398,1
955399,4
955400,1
955401,4
955402,4
955403,4
955404,4
955405,4
955406,4
955407,1
955408,4
955409,4
955410,4
955411,3
955412,4
955413,4
955414,4
955415,1
955416,4
955417,4
955418,1
955419,4
955420,1
955421,4
955422,4
955423,4
955424,4
955425,4
955426,4
955427,4
955428,1
955429,4
955430,1
955431,4
955432,4
955433,4
955434,4
955435,4
955436,4
955437,4
955438,4
955439,4
955440,4
955441,4
955442,4
955443,4
955444,1
955445,4
955446,4
955447,4
955448,4
955449,4
955450,4
955451,4
955452,4
955453,4
955454,4
955455,4
955456,4
955457,4
955458,4
955459,4
955460,1
955461,4
955462,1
955463,4
955464,1
955465,4
955466,1
955467,4
955468,4
955469,4
955470,4
955471,4
955472,1
955473,4
955474,4
955475,4
955476,5
955477,4
955478,4
955479,4
955480,4
955481,4
955482,4
955483,4
955484,4
955485,4
955486,4
955487,4
955488,4
955489,5
955490,4
955491,4
955492,4
955493,4
955494,4
955495,4
955496,4
955497,4
955498,4
955499,4
955500,4
955501,4
955502,4
955503,4
955504,4
955505,4
955506,4
955507,4
955508,4
955509,4
955510,4
955511,4
955512,4
955513,4
955514,4
955515,4
955516,4
955517,4
955518,4
955519,4
955520,5
955521,4
955522,4
955523,4
955524,4
955525,4
955526,4
955527,4
955528,4
955529,4
955530,4
955531,4
955532,4
955533,4
955534,4
955535,4
955536,1
955537,1
955538,4
955539,4
955540,4
955541,4
955542,4
955543,4
955544,4
955545,1
955546,4
955547,4
955548,4
955549,4
955550,4
955551,4
955552,4
955553,1
955554,4
955555,4
955556,4
955557,4
955558,4
955559,4
955560,4
955561,4
955562,4
955563,4
955564,4
955565,4
955566,4
955567,4
955568,4
955569,4
955570,1
955571,4
955572,4
955573,4
955574,4
955575,4
955576,4
955577,4
955578,4
955579,4
955580,4
955581,4
955582,1
955583,1
955584,4
955585,4
955586,4
955587,4
955588,4
955589,4
955590,1
955591,4
955592,4
955593,4
955594,4
955595,1
955596,4
955597,4
955598,4
955599,4
955600,1
955601,4
955602,4
955603,4
955604,4
955605,4
955606,4
955607,1
955608,4
955609,4
955610,4
955611,4
955612,4
955613,4
955614,5
955615,4
955616,1
955617,4
955618,4
955619,4
955620,4
955621,4
955622,4
955623,4
955624,4
955625,4
955626,1
955627,1
955628,4
955629,4
955630,4
955631,4
955632,4
955633,4
955634,4
955635,4
955636,1
955637,4
955638,4
955639,4
955640,1
955641,4
955642,4
955643,4
955644,4
955645,4
955646,4
955647,1
955648,4
955649,4
955650,4
955651,4
955652,4
955653,4
955654,4
955655,4
955656,4
955657,4
955658,4
955659,1
955660,3
955661,4
955662,5
955663,1
955664,4
955665,4
955666,4
955667,4
955668,1
955669,4
955670,4
955671,4
955672,4
955673,4
955674,4
955675,5
955676,1
955677,4
955678,4
955679,4
955680,4
955681,4
955682,4
955683,4
955684,4
955685,4
955686,4
955687,4
955688,4
955689,4
955690,4
955691,4
955692,4
955693,3
955694,1
955695,1
955696,4
955697,4
955698,1
955699,4
955700,4
955701,1
955702,4
955703,4
955704,4
955705,4
955706,4
955707,4
955708,4
955709,4
955710,4
955711,4
955712,4
955713,4
955714,1
955715,4
955716,4
955717,4
955718,4
955719,4
955720,4
955721,4
955722,4
955723,4
955724,4
955725,4
955726,4
955727,4
955728,4
955729,4
955730,4
955731,4
955732,4
955733,4
955734,1
955735,1
955736,1
955737,4
955738,4
955739,4
955740,1
955741,4
955742,4
955743,4
955744,4
955745,4
955746,4
955747,1
955748,4
955749,4
955750,4
955751,4
955752,4
955753,4
955754,1
955755,1
955756,4
955757,4
955758,4
955759,4
955760,4
955761,4
955762,4
955763,1
955764,4
955765,4
955766,4
955767,4
955768,4
955769,4
955770,4
955771,4
955772,4
955773,5
955774,1
955775,4
955776,4
955777,4
955778,4
955779,4
955780,1
955781,4
955782,4
955783,4
955784,4
955785,4
955786,4
955787,4
955788,4
955789,4
955790,4
955791,4
955792,4
955793,4
955794,4
955795,4
955796,4
955797,4
955798,4
955799,4
955800,4
955801,4
955802,4
955803,4
955804,4
955805,4
955806,4
955807,4
955808,4
955809,4
955810,4
955811,4
955812,1
955813,4
955814,4
955815,4
955816,4
955817,4
955818,4
955819,4
955820,4
955821,5
955822,4
955823,4
955824,1
955825,4
955826,5
955827,4
955828,4
955829,4
955830,4
955831,4
955832,4
955833,4
955834,5
955835,4
955836,4
955837,5
955838,4
955839,1
955840,4
955841,4
955842,4
955843,1
955844,4
955845,4
955846,1
955847,4
955848,4
955849,1
955850,4
955851,4
955852,4
955853,4
955854,4
955855,5
955856,4
955857,4
955858,4
955859,4
955860,4
955861,4
955862,4
955863,4
955864,4
955865,1
955866,4
955867,4
955868,1
955869,4
955870,1
955871,1
955872,4
955873,4
955874,5
955875,4
955876,5
955877,4
955878,4
955879,4
955880,4
955881,4
955882,4
955883,4
955884,1
955885,4
955886,4
955887,4
955888,4
955889,4
955890,1
955891,4
955892,4
955893,1
955894,4
955895,4
955896,4
955897,4
955898,3
955899,3
955900,4
955901,4
955902,1
955903,1
955904,4
955905,4
955906,4
955907,4
955908,4
955909,4
955910,4
955911,1
955912,4
955913,5
955914,4
955915,4
955916,4
955917,5
955918,4
955919,4
955920,5
955921,4
955922,4
955923,1
955924,4
955925,4
955926,4
955927,4
955928,1
955929,4
955930,4
955931,4
955932,4
955933,4
955934,4
955935,4
955936,4
955937,4
955938,4
955939,4
955940,4
955941,4
955942,1
955943,4
955944,4
955945,4
955946,1
955947,4
955948,4
955949,4
955950,4
955951,4
955952,4
955953,5
955954,4
955955,4
955956,4
955957,4
955958,4
955959,4
955960,4
955961,4
955962,4
955963,4
955964,4
955965,5
955966,1
955967,4
955968,4
955969,4
955970,4
955971,1
955972,4
955973,1
955974,4
955975,4
955976,4
955977,4
955978,5
955979,1
955980,4
955981,4
955982,4
955983,4
955984,4
955985,4
955986,4
955987,1
955988,4
955989,4
955990,4
955991,4
955992,4
955993,4
955994,4
955995,4
955996,4
955997,4
955998,4
955999,4
956000,4
956001,4
956002,4
956003,4
956004,4
956005,4
956006,1
956007,4
956008,4
956009,4
956010,4
956011,4
956012,1
956013,4
956014,4
956015,4
956016,4
956017,5
956018,4
956019,4
956020,4
956021,4
956022,4
956023,3
956024,4
956025,4
956026,5
956027,4
956028,4
956029,4
956030,4
956031,1
956032,4
956033,4
956034,5
956035,4
956036,1
956037,4
956038,4
956039,4
956040,4
956041,4
956042,4
956043,5
956044,4
956045,4
956046,4
956047,4
956048,4
956049,4
956050,4
956051,4
956052,4
956053,4
956054,4
956055,4
956056,4
956057,4
956058,4
956059,4
956060,4
956061,4
956062,4
956063,4
956064,4
956065,4
956066,4
956067,4
956068,4
956069,4
956070,1
956071,4
956072,4
956073,4
956074,4
956075,4
956076,4
956077,4
956078,1
956079,4
956080,4
956081,4
956082,4
956083,4
956084,4
956085,4
956086,4
956087,1
956088,4
956089,4
956090,4
956091,1
956092,4
956093,4
956094,1
956095,4
956096,4
956097,4
956098,4
956099,4
956100,4
956101,4
956102,4
956103,4
956104,4
956105,4
956106,1
956107,4
956108,4
956109,4
956110,1
956111,4
956112,4
956113,4
956114,4
956115,4
956116,4
956117,4
956118,4
956119,4
956120,1
956121,4
956122,4
956123,4
956124,1
956125,4
956126,4
956127,4
956128,4
956129,4
956130,4
956131,4
956132,4
956133,4
956134,4
956135,1
956136,4
956137,1
956138,4
956139,1
956140,4
956141,4
956142,4
956143,4
956144,4
956145,4
956146,4
956147,4
956148,4
956149,4
956150,4
956151,4
956152,4
956153,4
956154,4
956155,1
956156,3
956157,4
956158,4
956159,4
956160,4
956161,4
956162,4
956163,4
956164,4
956165,4
956166,4
956167,4
956168,4
956169,4
956170,4
956171,4
956172,4
956173,4
956174,4
956175,1
956176,4
956177,4
956178,4
956179,4
956180,4
956181,4
956182,4
956183,4
956184,4
956185,1
956186,4
956187,1
956188,1
956189,4
956190,4
956191,4
956192,4
956193,4
956194,5
956195,4
956196,4
956197,4
956198,4
956199,5
956200,4
956201,4
956202,4
956203,4
956204,4
956205,4
956206,5
956207,4
956208,4
956209,4
956210,4
956211,4
956212,5
956213,4
956214,4
956215,5
956216,4
956217,4
956218,4
956219,4
956220,4
956221,4
956222,4
956223,4
956224,4
956225,4
956226,4
956227,4
956228,4
956229,4
956230,4
956231,4
956232,1
956233,5
956234,4
956235,4
956236,4
956237,4
956238,4
956239,4
956240,4
956241,4
956242,4
956243,4
956244,4
956245,4
956246,4
956247,4
956248,4
956249,4
956250,4
956251,4
956252,4
956253,5
956254,4
956255,4
956256,4
956257,4
956258,4
956259,4
956260,4
956261,4
956262,4
956263,4
956264,4
956265,4
956266,4
956267,4
956268,4
956269,4
956270,4
956271,5
956272,4
956273,4
956274,4
956275,4
956276,4
956277,3
956278,4
956279,4
956280,4
956281,1
956282,4
956283,4
956284,4
956285,4
956286,4
956287,5
956288,4
956289,4
956290,4
956291,4
956292,4
956293,4
956294,4
956295,4
956296,4
956297,4
956298,4
956299,4
956300,4
956301,4
956302,4
956303,4
956304,1
956305,4
956306,4
956307,4
956308,4
956309,4
956310,4
956311,4
956312,4
956313,4
956314,1
956315,4
956316,4
956317,4
956318,4
956319,4
956320,5
956321,4
956322,4
956323,4
956324,4
956325,4
956326,4
956327,4
956328,4
956329,1
956330,4
956331,4
956332,4
956333,1
956334,1
956335,4
956336,4
956337,4
956338,5
956339,4
956340,4
956341,4
956342,4
956343,4
956344,4
956345,4
956346,4
956347,4
956348,4
956349,4
956350,4
956351,4
956352,4
956353,4
956354,1
956355,4
956356,4
956357,4
956358,4
956359,4
956360,4
956361,4
956362,4
956363,4
956364,4
956365,4
956366,4
956367,4
956368,4
956369,4
956370,4
956371,4
956372,4
956373,4
956374,4
956375,4
956376,4
956377,4
956378,4
956379,4
956380,4
956381,5
956382,5
956383,4
956384,4
956385,3
956386,4
956387,4
956388,4
956389,4
956390,4
956391,5
956392,4
956393,4
956394,4
956395,4
956396,4
956397,4
956398,4
956399,4
956400,1
956401,4
956402,4
956403,4
956404,1
956405,1
956406,4
956407,4
956408,4
956409,4
956410,4
956411,4
956412,4
956413,4
956414,4
956415,5
956416,4
956417,4
956418,5
956419,4
956420,4
956421,4
956422,1
956423,1
956424,4
956425,4
956426,4
956427,1
956428,4
956429,4
956430,4
956431,4
956432,4
956433,4
956434,4
956435,4
956436,4
956437,4
956438,4
956439,1
956440,4
956441,4
956442,4
956443,4
956444,4
956445,4
956446,4
956447,4
956448,4
956449,4
956450,4
956451,4
956452,4
956453,4
956454,4
956455,1
956456,4
956457,4
956458,5
956459,4
956460,4
956461,4
956462,4
956463,4
956464,4
956465,4
956466,4
956467,4
956468,4
956469,1
956470,1
956471,4
956472,5
956473,5
956474,4
956475,4
956476,4
956477,4
956478,4
956479,1
956480,4
956481,1
956482,4
956483,4
956484,4
956485,4
956486,4
956487,4
956488,4
956489,4
956490,4
956491,1
956492,4
956493,4
956494,1
956495,4
956496,4
956497,5
956498,5
956499,5
956500,4
956501,4
956502,4
956503,1
956504,4
956505,4
956506,4
956507,4
956508,5
956509,4
956510,4
956511,4
956512,4
956513,4
956514,4
956515,5
956516,4
956517,4
956518,1
956519,4
956520,4
956521,5
956522,4
956523,5
956524,4
956525,5
956526,1
956527,4
956528,1
956529,5
956530,5
956531,1
956532,4
956533,4
956534,4
956535,4
956536,1
956537,5
956538,4
956539,4
956540,4
956541,4
956542,1
956543,4
956544,4
956545,1
956546,5
956547,4
956548,1
956549,4
956550,5
956551,4
956552,4
956553,4
956554,4
956555,5
956556,4
956557,4
956558,4
956559,4
956560,4
956561,4
956562,4
956563,4
956564,4
956565,4
956566,4
956567,4
956568,4
956569,4
956570,1
956571,4
956572,4
956573,4
956574,4
956575,4
956576,4
956577,4
956578,4
956579,4
956580,4
956581,4
956582,4
956583,4
956584,4
956585,4
956586,4
956587,4
956588,5
956589,4
956590,1
956591,4
956592,4
956593,4
956594,4
956595,4
956596,4
956597,4
956598,4
956599,4
956600,5
956601,4
956602,4
956603,4
956604,4
956605,4
956606,4
956607,4
956608,5
956609,4
956610,4
956611,4
956612,4
956613,5
956614,4
956615,4
956616,4
956617,4
956618,4
956619,4
956620,4
956621,4
956622,5
956623,4
956624,4
956625,4
956626,5
956627,4
956628,4
956629,4
956630,4
956631,4
956632,4
956633,4
956634,1
956635,4
956636,4
956637,4
956638,4
956639,4
956640,4
956641,4
956642,4
956643,4
956644,4
956645,4
956646,4
956647,1
956648,4
956649,1
956650,4
956651,4
956652,4
956653,4
956654,4
956655,4
956656,4
956657,4
956658,4
956659,1
956660,4
956661,4
956662,1
956663,4
956664,4
956665,1
956666,1
956667,4
956668,4
956669,4
956670,4
956671,1
956672,4
956673,5
956674,4
956675,4
956676,4
956677,4
956678,4
956679,4
956680,4
956681,1
956682,4
956683,4
956684,4
956685,4
956686,4
956687,4
956688,4
956689,4
956690,3
956691,4
956692,4
956693,4
956694,4
956695,4
956696,5
956697,4
956698,3
956699,4
956700,4
956701,1
956702,4
956703,4
956704,4
956705,4
956706,1
956707,4
956708,1
956709,4
956710,1
956711,4
956712,4
956713,3
956714,4
956715,4
956716,4
956717,4
956718,1
956719,4
956720,4
956721,4
956722,4
956723,1
956724,4
956725,4
956726,1
956727,4
956728,4
956729,4
956730,4
956731,4
956732,4
956733,4
956734,4
956735,1
956736,1
956737,3
956738,4
956739,4
956740,4
956741,4
956742,4
956743,4
956744,4
956745,5
956746,5
956747,4
956748,1
956749,4
956750,4
956751,4
956752,4
956753,4
956754,4
956755,1
956756,5
956757,4
956758,4
956759,4
956760,4
956761,4
956762,4
956763,5
956764,4
956765,4
956766,3
956767,4
956768,4
956769,4
956770,4
956771,4
956772,4
956773,4
956774,4
956775,4
956776,4
956777,1
956778,1
956779,4
956780,4
956781,4
956782,1
956783,4
956784,4
956785,4
956786,4
956787,4
956788,4
956789,3
956790,4
956791,4
956792,4
956793,4
956794,4
956795,4
956796,4
956797,4
956798,4
956799,4
956800,4
956801,4
956802,4
956803,4
956804,4
956805,4
956806,4
956807,4
956808,4
956809,4
956810,4
956811,4
956812,4
956813,4
956814,4
956815,4
956816,4
956817,4
956818,4
956819,1
956820,4
956821,4
956822,4
956823,4
956824,4
956825,5
956826,4
956827,4
956828,4
956829,1
956830,1
956831,4
956832,4
956833,4
956834,4
956835,4
956836,4
956837,4
956838,4
956839,1
956840,4
956841,4
956842,4
956843,1
956844,4
956845,4
956846,4
956847,5
956848,4
956849,5
956850,4
956851,4
956852,1
956853,4
956854,5
956855,4
956856,4
956857,5
956858,4
956859,5
956860,5
956861,1
956862,4
956863,1
956864,5
956865,1
956866,4
956867,1
956868,4
956869,4
956870,4
956871,4
956872,5
956873,5
956874,4
956875,4
956876,1
956877,4
956878,4
956879,4
956880,4
956881,4
956882,4
956883,4
956884,4
956885,4
956886,4
956887,4
956888,1
956889,4
956890,4
956891,4
956892,4
956893,4
956894,4
956895,4
956896,4
956897,4
956898,4
956899,4
956900,4
956901,4
956902,4
956903,4
956904,4
956905,4
956906,4
956907,4
956908,4
956909,4
956910,4
956911,4
956912,4
956913,4
956914,4
956915,1
956916,4
956917,4
956918,4
956919,4
956920,4
956921,4
956922,4
956923,4
956924,4
956925,4
956926,4
956927,4
956928,4
956929,4
956930,5
956931,4
956932,4
956933,4
956934,4
956935,4
956936,1
956937,4
956938,4
956939,4
956940,4
956941,4
956942,4
956943,4
956944,4
956945,4
956946,4
956947,4
956948,4
956949,4
956950,4
956951,4
956952,4
956953,4
956954,1
956955,4
956956,4
956957,4
956958,4
956959,4
956960,4
956961,4
956962,1
956963,1
956964,4
956965,4
956966,4
956967,5
956968,4
956969,4
956970,4
956971,4
956972,4
956973,4
956974,4
956975,1
956976,4
956977,4
956978,4
956979,4
956980,4
956981,4
956982,4
956983,4
956984,4
956985,4
956986,4
956987,5
956988,4
956989,4
956990,4
956991,4
956992,4
956993,4
956994,4
956995,4
956996,4
956997,4
956998,4
956999,1
957000,4
957001,4
957002,1
957003,4
957004,4
957005,4
957006,1
957007,4
957008,4
957009,4
957010,4
957011,4
957012,1
957013,4
957014,4
957015,1
957016,4
957017,1
957018,5
957019,4
957020,1
957021,4
957022,4
957023,4
957024,4
957025,1
957026,4
957027,1
957028,1
957029,4
957030,4
957031,4
957032,4
957033,4
957034,4
957035,4
957036,5
957037,4
957038,4
957039,4
957040,4
957041,4
957042,4
957043,4
957044,4
957045,4
957046,4
957047,4
957048,4
957049,4
957050,4
957051,5
957052,4
957053,4
957054,1
957055,4
957056,4
957057,5
957058,4
957059,4
957060,4
957061,4
957062,4
957063,4
957064,4
957065,4
957066,4
957067,4
957068,4
957069,1
957070,1
957071,4
957072,4
957073,5
957074,5
957075,4
957076,4
957077,1
957078,4
957079,4
957080,4
957081,4
957082,4
957083,4
957084,4
957085,4
957086,4
957087,4
957088,4
957089,4
957090,4
957091,4
957092,4
957093,5
957094,4
957095,5
957096,3
957097,3
957098,3
957099,4
957100,4
957101,5
957102,4
957103,3
957104,4
957105,1
957106,3
957107,4
957108,3
957109,3
957110,1
957111,1
957112,3
957113,4
957114,3
957115,4
957116,1
957117,4
957118,4
957119,4
957120,1
957121,4
957122,4
957123,4
957124,4
957125,1
957126,4
957127,4
957128,4
957129,4
957130,4
957131,4
957132,4
957133,4
957134,5
957135,4
957136,4
957137,4
957138,4
957139,4
957140,4
957141,4
957142,1
957143,4
957144,4
957145,4
957146,4
957147,1
957148,4
957149,4
957150,1
957151,4
957152,1
957153,4
957154,4
957155,4
957156,1
957157,4
957158,4
957159,1
957160,4
957161,4
957162,4
957163,1
957164,1
957165,4
957166,4
957167,4
957168,4
957169,4
957170,4
957171,4
957172,4
957173,4
957174,4
957175,4
957176,4
957177,4
957178,1
957179,4
957180,4
957181,4
957182,4
957183,4
957184,1
957185,4
957186,4
957187,4
957188,4
957189,4
957190,4
957191,4
957192,4
957193,4
957194,1
957195,4
957196,4
957197,5
957198,4
957199,4
957200,4
957201,4
957202,4
957203,4
957204,5
957205,4
957206,4
957207,5
957208,4
957209,4
957210,4
957211,4
957212,4
957213,4
957214,4
957215,4
957216,4
957217,4
957218,4
957219,4
957220,1
957221,4
957222,4
957223,4
957224,4
957225,4
957226,4
957227,1
957228,4
957229,4
957230,4
957231,4
957232,4
957233,4
957234,4
957235,4
957236,4
957237,4
957238,4
957239,4
957240,4
957241,4
957242,4
957243,4
957244,4
957245,4
957246,5
957247,4
957248,4
957249,4
957250,4
957251,4
957252,4
957253,4
957254,4
957255,4
957256,4
957257,1
957258,4
957259,4
957260,4
957261,4
957262,4
957263,4
957264,4
957265,4
957266,4
957267,4
957268,4
957269,4
957270,4
957271,4
957272,4
957273,4
957274,4
957275,1
957276,4
957277,4
957278,4
957279,5
957280,4
957281,4
957282,1
957283,4
957284,4
957285,4
957286,4
957287,4
957288,4
957289,5
957290,4
957291,4
957292,4
957293,4
957294,4
957295,4
957296,4
957297,4
957298,1
957299,4
957300,4
957301,4
957302,4
957303,4
957304,4
957305,1
957306,4
957307,4
957308,4
957309,4
957310,4
957311,4
957312,4
957313,4
957314,5
957315,4
957316,5
957317,4
957318,4
957319,1
957320,4
957321,4
957322,4
957323,1
957324,4
957325,1
957326,4
957327,4
957328,4
957329,4
957330,4
957331,4
957332,4
957333,4
957334,4
957335,4
957336,4
957337,1
957338,4
957339,4
957340,4
957341,1
957342,4
957343,4
957344,1
957345,4
957346,5
957347,4
957348,1
957349,4
957350,4
957351,4
957352,4
957353,4
957354,4
957355,4
957356,1
957357,4
957358,4
957359,4
957360,4
957361,4
957362,4
957363,1
957364,4
957365,4
957366,4
957367,4
957368,4
957369,1
957370,4
957371,4
957372,4
957373,1
957374,4
957375,4
957376,4
957377,4
957378,4
957379,4
957380,4
957381,4
957382,4
957383,1
957384,4
957385,4
957386,4
957387,4
957388,1
957389,1
957390,1
957391,5
957392,4
957393,4
957394,4
957395,5
957396,4
957397,4
957398,4
957399,1
957400,5
957401,4
957402,4
957403,4
957404,1
957405,4
957406,4
957407,4
957408,4
957409,4
957410,4
957411,4
957412,4
957413,4
957414,4
957415,4
957416,4
957417,4
957418,4
957419,4
957420,4
957421,4
957422,4
957423,4
957424,4
957425,4
957426,4
957427,4
957428,4
957429,4
957430,4
957431,1
957432,4
957433,4
957434,4
957435,4
957436,5
957437,4
957438,4
957439,4
957440,4
957441,4
957442,4
957443,4
957444,4
957445,4
957446,4
957447,4
957448,4
957449,4
957450,4
957451,4
957452,4
957453,4
957454,4
957455,4
957456,4
957457,4
957458,4
957459,4
957460,4
957461,4
957462,4
957463,5
957464,4
957465,4
957466,4
957467,4
957468,4
957469,4
957470,4
957471,4
957472,4
957473,1
957474,4
957475,4
957476,4
957477,4
957478,4
957479,4
957480,4
957481,4
957482,4
957483,4
957484,4
957485,1
957486,1
957487,4
957488,4
957489,4
957490,4
957491,4
957492,4
957493,4
957494,4
957495,4
957496,4
957497,1
957498,1
957499,4
957500,4
957501,1
957502,4
957503,4
957504,1
957505,4
957506,4
957507,4
957508,4
957509,4
957510,4
957511,4
957512,4
957513,4
957514,4
957515,4
957516,1
957517,4
957518,4
957519,4
957520,1
957521,4
957522,4
957523,4
957524,4
957525,1
957526,4
957527,4
957528,4
957529,1
957530,4
957531,4
957532,4
957533,4
957534,4
957535,4
957536,4
957537,4
957538,4
957539,4
957540,4
957541,4
957542,5
957543,4
957544,4
957545,4
957546,1
957547,4
957548,1
957549,4
957550,4
957551,4
957552,4
957553,1
957554,4
957555,4
957556,4
957557,1
957558,4
957559,4
957560,4
957561,4
957562,4
957563,4
957564,5
957565,4
957566,4
957567,4
957568,4
957569,4
957570,4
957571,4
957572,4
957573,4
957574,4
957575,4
957576,4
957577,5
957578,4
957579,4
957580,1
957581,4
957582,4
957583,4
957584,4
957585,4
957586,4
957587,4
957588,4
957589,1
957590,4
957591,1
957592,4
957593,4
957594,4
957595,5
957596,5
957597,4
957598,4
957599,4
957600,4
957601,4
957602,4
957603,1
957604,4
957605,1
957606,4
957607,4
957608,4
957609,4
957610,4
957611,4
957612,4
957613,4
957614,4
957615,4
957616,4
957617,5
957618,4
957619,4
957620,4
957621,4
957622,4
957623,5
957624,4
957625,4
957626,4
957627,4
957628,4
957629,4
957630,4
957631,4
957632,4
957633,4
957634,4
957635,4
957636,4
957637,4
957638,4
957639,4
957640,4
957641,4
957642,4
957643,4
957644,4
957645,4
957646,4
957647,4
957648,1
957649,4
957650,4
957651,4
957652,4
957653,4
957654,4
957655,4
957656,4
957657,1
957658,4
957659,4
957660,4
957661,5
957662,4
957663,4
957664,5
957665,4
957666,4
957667,4
957668,4
957669,5
957670,4
957671,1
957672,4
957673,4
957674,1
957675,4
957676,5
957677,4
957678,4
957679,4
957680,4
957681,4
957682,1
957683,5
957684,4
957685,4
957686,4
957687,4
957688,4
957689,4
957690,1
957691,4
957692,4
957693,4
957694,4
957695,4
957696,5
957697,4
957698,5
957699,4
957700,4
957701,4
957702,1
957703,4
957704,4
957705,4
957706,1
957707,5
957708,4
957709,4
957710,4
957711,4
957712,4
957713,4
957714,4
957715,4
957716,4
957717,4
957718,4
957719,4
957720,4
957721,1
957722,4
957723,4
957724,4
957725,4
957726,5
957727,5
957728,4
957729,1
957730,4
957731,4
957732,4
957733,1
957734,5
957735,4
957736,1
957737,1
957738,4
957739,4
957740,4
957741,4
957742,4
957743,4
957744,4
957745,4
957746,1
957747,4
957748,4
957749,4
957750,4
957751,4
957752,4
957753,4
957754,1
957755,4
957756,4
957757,5
957758,4
957759,1
957760,4
957761,4
957762,1
957763,4
957764,4
957765,4
957766,4
957767,4
957768,1
957769,4
957770,1
957771,4
957772,4
957773,4
957774,4
957775,4
957776,4
957777,1
957778,4
957779,4
957780,4
957781,4
957782,5
957783,1
957784,5
957785,4
957786,4
957787,4
957788,4
957789,4
957790,4
957791,4
957792,4
957793,4
957794,4
957795,4
957796,4
957797,1
957798,1
957799,4
957800,4
957801,4
957802,4
957803,4
957804,4
957805,1
957806,4
957807,4
957808,4
957809,5
957810,4
957811,4
957812,4
957813,4
957814,4
957815,4
957816,1
957817,4
957818,1
957819,4
957820,5
957821,5
957822,5
957823,4
957824,1
957825,5
957826,5
957827,4
957828,4
957829,5
957830,1
957831,4
957832,3
957833,4
957834,3
957835,4
957836,4
957837,4
957838,4
957839,4
957840,4
957841,4
957842,4
957843,1
957844,4
957845,4
957846,4
957847,4
957848,4
957849,5
957850,4
957851,4
957852,4
957853,4
957854,4
957855,4
957856,4
957857,4
957858,4
957859,1
957860,1
957861,4
957862,4
957863,4
957864,1
957865,4
957866,1
957867,4
957868,4
957869,4
957870,4
957871,4
957872,4
957873,5
957874,4
957875,4
957876,4
957877,4
957878,4
957879,4
957880,4
957881,4
957882,4
957883,1
957884,4
957885,4
957886,1
957887,4
957888,4
957889,4
957890,4
957891,1
957892,4
957893,1
957894,4
957895,4
957896,4
957897,4
957898,4
957899,4
957900,4
957901,4
957902,3
957903,4
957904,4
957905,4
957906,4
957907,3
957908,4
957909,4
957910,4
957911,4
957912,4
957913,5
957914,4
957915,4
957916,4
957917,4
957918,4
957919,4
957920,4
957921,4
957922,4
957923,4
957924,4
957925,1
957926,4
957927,4
957928,4
957929,5
957930,4
957931,4
957932,4
957933,4
957934,4
957935,4
957936,4
957937,4
957938,4
957939,4
957940,4
957941,4
957942,4
957943,4
957944,1
957945,4
957946,4
957947,4
957948,4
957949,4
957950,4
957951,4
957952,4
957953,4
957954,4
957955,4
957956,5
957957,1
957958,4
957959,4
957960,4
957961,4
957962,4
957963,4
957964,4
957965,5
957966,4
957967,4
957968,1
957969,4
957970,4
957971,4
957972,4
957973,4
957974,5
957975,4
957976,1
957977,4
957978,4
957979,4
957980,5
957981,4
957982,5
957983,4
957984,4
957985,5
957986,4
957987,4
957988,4
957989,4
957990,4
957991,5
957992,4
957993,4
957994,4
957995,4
957996,5
957997,4
957998,4
957999,4
958000,5
958001,4
958002,4
958003,4
958004,4
958005,4
958006,4
958007,5
958008,4
958009,5
958010,4
958011,4
958012,4
958013,4
958014,4
958015,4
958016,4
958017,4
958018,4
958019,1
958020,5
958021,4
958022,4
958023,4
958024,4
958025,5
958026,4
958027,4
958028,4
958029,1
958030,4
958031,4
958032,4
958033,4
958034,4
958035,4
958036,4
958037,4
958038,4
958039,1
958040,4
958041,4
958042,1
958043,4
958044,4
958045,4
958046,4
958047,5
958048,5
958049,1
958050,1
958051,5
958052,4
958053,4
958054,4
958055,4
958056,4
958057,4
958058,4
958059,1
958060,4
958061,4
958062,4
958063,4
958064,4
958065,4
958066,4
958067,4
958068,4
958069,4
958070,1
958071,4
958072,4
958073,4
958074,1
958075,4
958076,4
958077,4
958078,4
958079,4
958080,4
958081,4
958082,4
958083,4
958084,4
958085,1
958086,4
958087,4
958088,4
958089,4
958090,4
958091,4
958092,4
958093,4
958094,5
958095,4
958096,4
958097,4
958098,4
958099,4
958100,4
958101,4
958102,4
958103,1
958104,4
958105,4
958106,4
958107,4
958108,4
958109,4
958110,4
958111,4
958112,4
958113,1
958114,4
958115,4
958116,1
958117,4
958118,4
958119,4
958120,4
958121,4
958122,4
958123,4
958124,1
958125,4
958126,4
958127,4
958128,4
958129,4
958130,4
958131,4
958132,4
958133,4
958134,1
958135,4
958136,4
958137,4
958138,4
958139,4
958140,4
958141,4
958142,4
958143,4
958144,1
958145,4
958146,4
958147,4
958148,4
958149,4
958150,4
958151,4
958152,4
958153,4
958154,1
958155,1
958156,4
958157,4
958158,4
958159,4
958160,4
958161,4
958162,4
958163,4
958164,1
958165,4
958166,4
958167,4
958168,4
958169,4
958170,4
958171,4
958172,4
958173,4
958174,4
958175,4
958176,4
958177,4
958178,4
958179,4
958180,4
958181,4
958182,4
958183,4
958184,4
958185,4
958186,4
958187,1
958188,4
958189,4
958190,4
958191,4
958192,4
958193,1
958194,4
958195,1
958196,4
958197,4
958198,4
958199,4
958200,5
958201,1
958202,4
958203,4
958204,1
958205,4
958206,4
958207,1
958208,4
958209,3
958210,4
958211,4
958212,4
958213,4
958214,4
958215,1
958216,4
958217,4
958218,4
958219,4
958220,4
958221,4
958222,3
958223,4
958224,4
958225,4
958226,4
958227,4
958228,4
958229,1
958230,5
958231,4
958232,3
958233,1
958234,4
958235,4
958236,4
958237,1
958238,1
958239,3
958240,4
958241,4
958242,3
958243,4
958244,4
958245,5
958246,5
958247,5
958248,4
958249,5
958250,5
958251,4
958252,5
958253,5
958254,1
958255,4
958256,5
958257,4
958258,4
958259,4
958260,4
958261,4
958262,4
958263,4
958264,4
958265,4
958266,4
958267,4
958268,4
958269,4
958270,4
958271,4
958272,4
958273,4
958274,4
958275,4
958276,4
958277,5
958278,4
958279,4
958280,4
958281,4
958282,4
958283,4
958284,4
958285,1
958286,4
958287,4
958288,4
958289,1
958290,4
958291,4
958292,4
958293,1
958294,4
958295,1
958296,1
958297,1
958298,4
958299,5
958300,4
958301,4
958302,5
958303,4
958304,4
958305,4
958306,4
958307,4
958308,4
958309,4
958310,4
958311,4
958312,4
958313,4
958314,4
958315,4
958316,1
958317,1
958318,4
958319,4
958320,4
958321,4
958322,4
958323,4
958324,4
958325,4
958326,1
958327,4
958328,4
958329,4
958330,4
958331,4
958332,4
958333,4
958334,4
958335,4
958336,4
958337,4
958338,4
958339,4
958340,4
958341,1
958342,4
958343,4
958344,4
958345,4
958346,4
958347,4
958348,4
958349,4
958350,1
958351,4
958352,4
958353,4
958354,4
958355,4
958356,4
958357,4
958358,4
958359,4
958360,4
958361,4
958362,4
958363,4
958364,4
958365,4
958366,4
958367,4
958368,1
958369,4
958370,4
958371,4
958372,4
958373,4
958374,5
958375,5
958376,4
958377,4
958378,4
958379,4
958380,4
958381,4
958382,4
958383,5
958384,5
958385,4
958386,5
958387,4
958388,4
958389,4
958390,4
958391,4
958392,4
958393,4
958394,1
958395,4
958396,4
958397,4
958398,4
958399,4
958400,4
958401,4
958402,4
958403,4
958404,4
958405,1
958406,1
958407,5
958408,4
958409,4
958410,4
958411,4
958412,4
958413,4
958414,4
958415,4
958416,4
958417,4
958418,4
958419,4
958420,5
958421,4
958422,4
958423,4
958424,4
958425,4
958426,4
958427,4
958428,4
958429,4
958430,5
958431,1
958432,1
958433,4
958434,4
958435,4
958436,4
958437,4
958438,4
958439,4
958440,4
958441,4
958442,4
958443,4
958444,4
958445,4
958446,4
958447,4
958448,1
958449,4
958450,4
958451,4
958452,4
958453,4
958454,5
958455,4
958456,4
958457,1
958458,4
958459,4
958460,4
958461,3
958462,3
958463,4
958464,1
958465,1
958466,1
958467,4
958468,3
958469,3
958470,3
958471,1
958472,1
958473,3
958474,1
958475,4
958476,1
958477,3
958478,4
958479,4
958480,1
958481,4
958482,4
958483,1
958484,1
958485,3
958486,4
958487,3
958488,3
958489,4
958490,4
958491,3
958492,1
958493,3
958494,3
958495,1
958496,4
958497,3
958498,3
958499,4
958500,3
958501,3
958502,4
958503,1
958504,4
958505,1
958506,4
958507,3
958508,3
958509,4
958510,1
958511,3
958512,3
958513,3
958514,4
958515,4
958516,1
958517,3
958518,3
958519,5
958520,3
958521,1
958522,3
958523,3
958524,1
958525,3
958526,3
958527,3
958528,3
958529,3
958530,3
958531,3
958532,3
958533,3
958534,3
958535,4
958536,3
958537,3
958538,1
958539,3
958540,3
958541,3
958542,1
958543,3
958544,1
958545,3
958546,1
958547,3
958548,4
958549,1
958550,4
958551,3
958552,3
