988553,1
988554,4
988555,4
988556,4
988557,4
988558,4
988559,4
988560,4
988561,4
988562,4
988563,4
988564,4
988565,4
988566,4
988567,4
988568,4
988569,4
988570,4
988571,1
988572,4
988573,4
988574,4
988575,4
988576,4
988577,4
988578,1
988579,4
988580,4
988581,4
988582,4
988583,4
988584,4
988585,4
988586,4
988587,3
988588,4
988589,4
988590,4
988591,4
988592,4
988593,4
988594,4
988595,4
988596,4
988597,4
988598,4
988599,4
988600,4
988601,4
988602,4
988603,4
988604,4
988605,4
988606,4
988607,4
988608,4
988609,4
988610,1
988611,4
988612,4
988613,4
988614,4
988615,4
988616,4
988617,4
988618,4
988619,4
988620,4
988621,4
988622,3
988623,4
988624,4
988625,3
988626,4
988627,4
988628,1
988629,1
988630,1
988631,4
988632,4
988633,1
988634,4
988635,4
988636,4
988637,4
988638,4
988639,1
988640,4
988641,1
988642,4
988643,4
988644,4
988645,4
988646,4
988647,4
988648,4
988649,4
988650,4
988651,4
988652,4
988653,4
988654,4
988655,4
988656,4
988657,4
988658,4
988659,4
988660,4
988661,4
988662,4
988663,4
988664,4
988665,4
988666,4
988667,1
988668,4
988669,1
988670,4
988671,4
988672,4
988673,4
988674,4
988675,4
988676,4
988677,4
988678,4
988679,4
988680,4
988681,3
988682,4
988683,4
988684,4
988685,4
988686,4
988687,4
988688,4
988689,1
988690,1
988691,4
988692,4
988693,4
988694,4
988695,4
988696,4
988697,4
988698,4
988699,4
988700,4
988701,4
988702,4
988703,4
988704,4
988705,1
988706,4
988707,4
988708,1
988709,4
988710,4
988711,4
988712,4
988713,4
988714,4
988715,1
988716,4
988717,1
988718,4
988719,4
988720,4
988721,4
988722,4
988723,1
988724,1
988725,3
988726,1
988727,4
988728,4
988729,4
988730,4
988731,4
988732,4
988733,4
988734,4
988735,5
988736,4
988737,4
988738,4
988739,4
988740,3
988741,4
988742,4
988743,4
988744,4
988745,4
988746,4
988747,3
988748,4
988749,4
988750,4
988751,4
988752,4
988753,4
988754,4
988755,1
988756,4
988757,4
988758,5
988759,4
988760,4
988761,4
988762,4
988763,4
988764,4
988765,1
988766,4
988767,4
988768,1
988769,4
988770,4
988771,5
988772,4
988773,4
988774,4
988775,4
988776,1
988777,4
988778,4
988779,4
988780,4
988781,5
988782,4
988783,4
988784,4
988785,4
988786,4
988787,4
988788,4
988789,4
988790,4
988791,4
988792,4
988793,4
988794,4
988795,4
988796,4
988797,4
988798,3
988799,4
988800,4
988801,4
988802,4
988803,4
988804,4
988805,4
988806,4
988807,4
988808,4
988809,4
988810,4
988811,1
988812,4
988813,1
988814,4
988815,4
988816,5
988817,4
988818,4
988819,4
988820,5
988821,4
988822,5
988823,4
988824,4
988825,4
988826,1
988827,4
988828,4
988829,4
988830,4
988831,4
988832,4
988833,4
988834,4
988835,4
988836,1
988837,4
988838,4
988839,4
988840,4
988841,4
988842,1
988843,4
988844,4
988845,4
988846,5
988847,4
988848,4
988849,4
988850,5
988851,4
988852,4
988853,4
988854,4
988855,4
988856,4
988857,1
988858,4
988859,4
988860,1
988861,4
988862,5
988863,4
988864,4
988865,4
988866,4
988867,4
988868,4
988869,4
988870,4
988871,4
988872,4
988873,4
988874,4
988875,5
988876,4
988877,4
988878,5
988879,1
988880,4
988881,1
988882,5
988883,4
988884,4
988885,4
988886,4
988887,4
988888,4
988889,4
988890,4
988891,4
988892,4
988893,4
988894,1
988895,4
988896,4
988897,4
988898,4
988899,1
988900,4
988901,5
988902,4
988903,4
988904,1
988905,4
988906,4
988907,4
988908,4
988909,5
988910,5
988911,4
988912,4
988913,4
988914,4
988915,1
988916,4
988917,4
988918,1
988919,5
988920,4
988921,5
988922,4
988923,1
988924,4
988925,4
988926,4
988927,1
988928,4
988929,4
988930,4
988931,5
988932,4
988933,4
988934,4
988935,4
988936,4
988937,4
988938,4
988939,1
988940,5
988941,5
988942,1
988943,4
988944,5
988945,4
988946,4
988947,4
988948,4
988949,4
988950,4
988951,1
988952,4
988953,4
988954,4
988955,4
988956,4
988957,4
988958,4
988959,4
988960,4
988961,4
988962,4
988963,4
988964,4
988965,3
988966,4
988967,4
988968,4
988969,4
988970,4
988971,1
988972,4
988973,4
988974,4
988975,4
988976,4
988977,4
988978,1
988979,4
988980,4
988981,4
988982,4
988983,4
988984,4
988985,4
988986,4
988987,4
988988,1
988989,4
988990,4
988991,4
988992,4
988993,4
988994,4
988995,4
988996,4
988997,1
988998,4
988999,4
989000,4
989001,4
989002,4
989003,4
989004,4
989005,4
989006,4
989007,4
989008,4
989009,4
989010,4
989011,4
989012,4
989013,4
989014,4
989015,4
989016,4
989017,4
989018,4
989019,4
989020,1
989021,4
989022,4
989023,4
989024,4
989025,4
989026,4
989027,4
989028,4
989029,4
989030,4
989031,4
989032,4
989033,4
989034,1
989035,3
989036,4
989037,4
989038,4
989039,4
989040,4
989041,4
989042,4
989043,4
989044,4
989045,4
989046,4
989047,1
989048,1
989049,4
989050,4
989051,4
989052,5
989053,4
989054,4
989055,4
989056,4
989057,4
989058,4
989059,4
989060,4
989061,4
989062,4
989063,1
989064,4
989065,4
989066,4
989067,4
989068,1
989069,4
989070,4
989071,4
989072,4
989073,4
989074,4
989075,4
989076,4
989077,4
989078,4
989079,4
989080,1
989081,4
989082,4
989083,4
989084,4
989085,4
989086,1
989087,4
989088,4
989089,4
989090,5
989091,4
989092,5
989093,4
989094,4
989095,4
989096,5
989097,5
989098,5
989099,4
989100,4
989101,4
989102,4
989103,5
989104,4
989105,4
989106,4
989107,4
989108,4
989109,4
989110,4
989111,4
989112,1
989113,4
989114,4
989115,4
989116,4
989117,4
989118,4
989119,1
989120,4
989121,4
989122,4
989123,4
989124,1
989125,4
989126,4
989127,4
989128,5
989129,5
989130,4
989131,4
989132,4
989133,4
989134,4
989135,4
989136,4
989137,5
989138,4
989139,4
989140,4
989141,4
989142,4
989143,4
989144,4
989145,1
989146,1
989147,1
989148,1
989149,1
989150,4
989151,4
989152,4
989153,4
989154,4
989155,1
989156,4
989157,4
989158,4
989159,4
989160,4
989161,4
989162,4
989163,4
989164,4
989165,4
989166,4
989167,4
989168,4
989169,4
989170,4
989171,4
989172,4
989173,4
989174,1
989175,4
989176,4
989177,4
989178,5
989179,4
989180,4
989181,4
989182,4
989183,4
989184,4
989185,1
989186,1
989187,4
989188,4
989189,4
989190,4
989191,4
989192,4
989193,4
989194,1
989195,4
989196,4
989197,1
989198,4
989199,4
989200,4
989201,5
989202,4
989203,4
989204,4
989205,1
989206,4
989207,4
989208,4
989209,1
989210,4
989211,4
989212,4
989213,4
989214,4
989215,4
989216,5
989217,1
989218,4
989219,5
989220,4
989221,1
989222,4
989223,1
989224,5
989225,5
989226,5
989227,4
989228,4
989229,4
989230,4
989231,4
989232,4
989233,4
989234,4
989235,4
989236,4
989237,4
989238,5
989239,4
989240,4
989241,4
989242,4
989243,4
989244,4
989245,4
989246,4
989247,4
989248,4
989249,4
989250,4
989251,4
989252,1
989253,4
989254,4
989255,4
989256,4
989257,4
989258,4
989259,4
989260,4
989261,4
989262,4
989263,4
989264,5
989265,3
989266,4
989267,4
989268,4
989269,4
989270,4
989271,4
989272,4
989273,4
989274,4
989275,3
989276,1
989277,4
989278,4
989279,4
989280,4
989281,4
989282,4
989283,3
989284,4
989285,4
989286,4
989287,4
989288,4
989289,4
989290,4
989291,1
989292,5
989293,4
989294,4
989295,5
989296,4
989297,5
989298,4
989299,5
989300,4
989301,1
989302,5
989303,4
989304,4
989305,4
989306,4
989307,5
989308,4
989309,5
989310,5
989311,4
989312,5
989313,5
989314,4
989315,4
989316,4
989317,4
989318,5
989319,5
989320,4
989321,4
989322,1
989323,4
989324,4
989325,4
989326,4
989327,1
989328,4
989329,1
989330,1
989331,5
989332,4
989333,4
989334,4
989335,4
989336,1
989337,4
989338,4
989339,1
989340,4
989341,4
989342,4
989343,5
989344,4
989345,4
989346,5
989347,4
989348,4
989349,4
989350,4
989351,4
989352,4
989353,4
989354,4
989355,4
989356,4
989357,1
989358,4
989359,4
989360,4
989361,1
989362,4
989363,4
989364,4
989365,4
989366,4
989367,4
989368,4
989369,4
989370,4
989371,4
989372,4
989373,4
989374,4
989375,4
989376,4
989377,4
989378,4
989379,4
989380,4
989381,4
989382,4
989383,4
989384,4
989385,4
989386,4
989387,4
989388,1
989389,4
989390,4
989391,1
989392,4
989393,4
989394,4
989395,1
989396,4
989397,4
989398,4
989399,4
989400,4
989401,4
989402,4
989403,4
989404,4
989405,4
989406,1
989407,4
989408,1
989409,4
989410,4
989411,4
989412,4
989413,4
989414,4
989415,5
989416,5
989417,4
989418,4
989419,4
989420,4
989421,4
989422,4
989423,1
989424,4
989425,4
989426,4
989427,4
989428,4
989429,4
989430,4
989431,4
989432,1
989433,4
989434,4
989435,4
989436,4
989437,4
989438,4
989439,4
989440,5
989441,4
989442,4
989443,4
989444,4
989445,4
989446,4
989447,4
989448,4
989449,4
989450,4
989451,4
989452,4
989453,1
989454,1
989455,4
989456,4
989457,4
989458,4
989459,4
989460,4
989461,4
989462,4
989463,4
989464,4
989465,4
989466,4
989467,4
989468,4
989469,4
989470,4
989471,1
989472,4
989473,4
989474,4
989475,4
989476,4
989477,4
989478,1
989479,1
989480,4
989481,4
989482,4
989483,4
989484,4
989485,5
989486,4
989487,4
989488,4
989489,4
989490,4
989491,1
989492,4
989493,4
989494,1
989495,4
989496,1
989497,4
989498,4
989499,4
989500,4
989501,4
989502,4
989503,4
989504,4
989505,4
989506,4
989507,4
989508,4
989509,1
989510,4
989511,1
989512,4
989513,4
989514,4
989515,4
989516,4
989517,4
989518,1
989519,4
989520,4
989521,4
989522,5
989523,4
989524,4
989525,1
989526,4
989527,4
989528,4
989529,4
989530,4
989531,4
989532,4
989533,4
989534,1
989535,4
989536,5
989537,4
989538,4
989539,5
989540,5
989541,4
989542,4
989543,5
989544,4
989545,4
989546,5
989547,4
989548,4
989549,4
989550,4
989551,5
989552,4
989553,4
989554,4
989555,4
989556,5
989557,5
989558,5
989559,4
989560,5
989561,4
989562,4
989563,5
989564,4
989565,5
989566,4
989567,5
989568,4
989569,4
989570,5
989571,4
989572,4
989573,5
989574,4
989575,4
989576,4
989577,4
989578,4
989579,4
989580,4
989581,4
989582,4
989583,1
989584,4
989585,4
989586,4
989587,4
989588,4
989589,4
989590,4
989591,4
989592,4
989593,1
989594,5
989595,4
989596,4
989597,4
989598,4
989599,1
989600,4
989601,4
989602,4
989603,4
989604,4
989605,4
989606,4
989607,4
989608,4
989609,4
989610,4
989611,4
989612,4
989613,1
989614,5
989615,1
989616,5
989617,4
989618,4
989619,4
989620,4
989621,4
989622,4
989623,1
989624,4
989625,4
989626,4
989627,4
989628,4
989629,4
989630,4
989631,4
989632,4
989633,4
989634,4
989635,4
989636,4
989637,4
989638,4
989639,1
989640,1
989641,4
989642,4
989643,4
989644,4
989645,4
989646,1
989647,4
989648,3
989649,4
989650,4
989651,4
989652,4
989653,4
989654,4
989655,4
989656,4
989657,4
989658,4
989659,1
989660,4
989661,4
989662,4
989663,4
989664,4
989665,4
989666,4
989667,4
989668,4
989669,4
989670,4
989671,4
989672,4
989673,4
989674,4
989675,4
989676,4
989677,1
989678,4
989679,4
989680,4
989681,4
989682,4
989683,4
989684,1
989685,4
989686,4
989687,4
989688,4
989689,4
989690,4
989691,4
989692,1
989693,4
989694,4
989695,4
989696,4
989697,5
989698,4
989699,1
989700,4
989701,4
989702,4
989703,1
989704,4
989705,1
989706,4
989707,4
989708,4
989709,4
989710,4
989711,4
989712,1
989713,4
989714,4
989715,1
989716,1
989717,4
989718,4
989719,4
989720,4
989721,4
989722,4
989723,4
989724,1
989725,1
989726,4
989727,4
989728,4
989729,4
989730,4
989731,4
989732,4
989733,4
989734,4
989735,4
989736,4
989737,4
989738,4
989739,1
989740,4
989741,4
989742,1
989743,4
989744,4
989745,4
989746,4
989747,4
989748,4
989749,4
989750,4
989751,4
989752,4
989753,4
989754,1
989755,4
989756,4
989757,4
989758,4
989759,4
989760,4
989761,5
989762,4
989763,4
989764,4
989765,4
989766,4
989767,1
989768,4
989769,4
989770,4
989771,1
989772,4
989773,4
989774,4
989775,1
989776,5
989777,5
989778,5
989779,4
989780,1
989781,4
989782,4
989783,4
989784,4
989785,4
989786,4
989787,4
989788,4
989789,4
989790,4
989791,4
989792,1
989793,4
989794,4
989795,4
989796,4
989797,4
989798,4
989799,4
989800,4
989801,1
989802,4
989803,4
989804,4
989805,4
989806,4
989807,1
989808,5
989809,4
989810,1
989811,4
989812,5
989813,4
989814,4
989815,4
989816,4
989817,5
989818,4
989819,4
989820,4
989821,4
989822,4
989823,4
989824,4
989825,1
989826,4
989827,4
989828,4
989829,4
989830,4
989831,4
989832,5
989833,4
989834,4
989835,4
989836,4
989837,4
989838,4
989839,4
989840,4
989841,4
989842,5
989843,4
989844,4
989845,5
989846,4
989847,4
989848,4
989849,4
989850,4
989851,4
989852,4
989853,4
989854,1
989855,4
989856,1
989857,4
989858,4
989859,4
989860,4
989861,4
989862,4
989863,4
989864,4
989865,4
989866,1
989867,4
989868,4
989869,4
989870,4
989871,4
989872,1
989873,1
989874,4
989875,5
989876,4
989877,5
989878,4
989879,4
989880,4
989881,4
989882,4
989883,4
989884,4
989885,4
989886,4
989887,1
989888,4
989889,4
989890,4
989891,4
989892,4
989893,1
989894,5
989895,5
989896,4
989897,4
989898,4
989899,4
989900,4
989901,4
989902,1
989903,4
989904,4
989905,4
989906,4
989907,1
989908,4
989909,5
989910,4
989911,5
989912,4
989913,4
989914,4
989915,4
989916,4
989917,4
989918,4
989919,1
989920,4
989921,5
989922,4
989923,4
989924,4
989925,5
989926,4
989927,4
989928,4
989929,4
989930,5
989931,1
989932,4
989933,4
989934,4
989935,5
989936,4
989937,4
989938,1
989939,4
989940,4
989941,4
989942,4
989943,4
989944,4
989945,4
989946,4
989947,4
989948,4
989949,4
989950,4
989951,4
989952,1
989953,4
989954,4
989955,4
989956,4
989957,4
989958,4
989959,4
989960,1
989961,4
989962,4
989963,1
989964,4
989965,4
989966,4
989967,4
989968,4
989969,4
989970,4
989971,4
989972,4
989973,4
989974,5
989975,4
989976,4
989977,1
989978,4
989979,4
989980,4
989981,4
989982,1
989983,4
989984,1
989985,4
989986,4
989987,4
989988,4
989989,1
989990,4
989991,4
989992,5
989993,4
989994,4
989995,4
989996,4
989997,1
989998,4
989999,4
990000,4
990001,5
990002,4
990003,4
990004,4
990005,4
990006,4
990007,1
990008,4
990009,4
990010,4
990011,1
990012,4
990013,4
990014,4
990015,4
990016,4
990017,4
990018,4
990019,3
990020,5
990021,1
990022,3
990023,4
990024,4
990025,4
990026,4
990027,4
990028,4
990029,4
990030,4
990031,4
990032,4
990033,4
990034,4
990035,4
990036,4
990037,4
990038,4
990039,4
990040,4
990041,4
990042,1
990043,4
990044,4
990045,1
990046,1
990047,4
990048,4
990049,1
990050,4
990051,4
990052,4
990053,4
990054,4
990055,1
990056,4
990057,4
990058,4
990059,4
990060,4
990061,4
990062,5
990063,4
990064,4
990065,4
990066,4
990067,1
990068,1
990069,5
990070,4
990071,4
990072,1
990073,4
990074,1
990075,4
990076,5
990077,4
990078,4
990079,4
990080,1
990081,4
990082,4
990083,5
990084,4
990085,4
990086,4
990087,4
990088,1
990089,4
990090,4
990091,4
990092,4
990093,4
990094,1
990095,4
990096,1
990097,4
990098,4
990099,4
990100,4
990101,4
990102,4
990103,4
990104,4
990105,4
990106,4
990107,5
990108,4
990109,4
990110,4
990111,4
990112,4
990113,1
990114,1
990115,4
990116,4
990117,4
990118,5
990119,1
990120,5
990121,1
990122,1
990123,4
990124,4
990125,4
990126,4
990127,4
990128,4
990129,4
990130,4
990131,4
990132,4
990133,4
990134,4
990135,4
990136,1
990137,4
990138,4
990139,4
990140,4
990141,1
990142,5
990143,5
990144,4
990145,4
990146,4
990147,1
990148,5
990149,4
990150,4
990151,5
990152,4
990153,4
990154,5
990155,4
990156,4
990157,4
990158,5
990159,4
990160,4
990161,4
990162,4
990163,4
990164,4
990165,4
990166,4
990167,4
990168,4
990169,4
990170,5
990171,4
990172,4
990173,5
990174,5
990175,4
990176,4
990177,4
990178,4
990179,4
990180,5
990181,1
990182,5
990183,4
990184,4
990185,4
990186,1
990187,1
990188,4
990189,1
990190,4
990191,4
990192,4
990193,4
990194,4
990195,1
990196,3
990197,4
990198,4
990199,4
990200,4
990201,1
990202,4
990203,4
990204,4
990205,4
990206,4
990207,4
990208,4
990209,1
990210,1
990211,1
990212,4
990213,4
990214,1
990215,5
990216,1
990217,1
990218,4
990219,4
990220,4
990221,4
990222,4
990223,1
990224,4
990225,4
990226,3
990227,4
990228,1
990229,1
990230,4
990231,1
990232,4
990233,5
990234,4
990235,4
990236,4
990237,4
990238,1
990239,4
990240,4
990241,4
990242,4
990243,4
990244,4
990245,4
990246,4
990247,4
990248,4
990249,4
990250,4
990251,4
990252,4
990253,4
990254,4
990255,4
990256,4
990257,4
990258,4
990259,4
990260,4
990261,4
990262,1
990263,4
990264,4
990265,4
990266,4
990267,4
990268,4
990269,1
990270,4
990271,4
990272,4
990273,4
990274,4
990275,4
990276,4
990277,4
990278,4
990279,4
990280,4
990281,4
990282,4
990283,4
990284,4
990285,4
990286,4
990287,4
990288,1
990289,4
990290,4
990291,4
990292,1
990293,4
990294,4
990295,4
990296,4
990297,4
990298,4
990299,4
990300,4
990301,4
990302,4
990303,4
990304,1
990305,4
990306,4
990307,4
990308,4
990309,4
990310,4
990311,1
990312,4
990313,4
990314,4
990315,4
990316,4
990317,4
990318,4
990319,1
990320,4
990321,4
990322,4
990323,4
990324,4
990325,5
990326,4
990327,1
990328,4
990329,4
990330,4
990331,4
990332,1
990333,4
990334,5
990335,5
990336,4
990337,1
990338,5
990339,4
990340,4
990341,1
990342,5
990343,4
990344,1
990345,4
990346,4
990347,4
990348,4
990349,5
990350,4
990351,5
990352,4
990353,5
990354,4
990355,4
990356,4
990357,5
990358,4
990359,4
990360,5
990361,5
990362,4
990363,4
990364,4
990365,4
990366,4
990367,4
990368,5
990369,5
990370,4
990371,5
990372,4
990373,1
990374,4
990375,5
990376,4
990377,4
990378,5
990379,4
990380,4
990381,3
990382,4
990383,4
990384,4
990385,4
990386,4
990387,1
990388,4
990389,4
990390,5
990391,4
990392,4
990393,4
990394,4
990395,4
990396,4
990397,5
990398,1
990399,4
990400,4
990401,4
990402,4
990403,4
990404,4
990405,4
990406,4
990407,4
990408,4
990409,4
990410,1
990411,5
990412,4
990413,4
990414,5
990415,4
990416,4
990417,4
990418,1
990419,4
990420,4
990421,4
990422,4
990423,4
990424,5
990425,4
990426,4
990427,4
990428,5
990429,4
990430,4
990431,4
990432,4
990433,5
990434,4
990435,4
990436,4
990437,4
990438,5
990439,4
990440,4
990441,1
990442,4
990443,4
990444,1
990445,4
990446,4
990447,4
990448,4
990449,4
990450,4
990451,4
990452,4
990453,4
990454,1
990455,4
990456,4
990457,1
990458,4
990459,4
990460,4
990461,4
990462,4
990463,4
990464,4
990465,4
990466,4
990467,1
990468,4
990469,1
990470,4
990471,1
990472,4
990473,4
990474,1
990475,4
990476,1
990477,1
990478,4
990479,3
990480,1
990481,4
990482,4
990483,4
990484,4
990485,4
990486,4
990487,4
990488,4
990489,4
990490,4
990491,4
990492,5
990493,4
990494,1
990495,4
990496,4
990497,4
990498,4
990499,4
990500,4
990501,4
990502,4
990503,4
990504,4
990505,4
990506,5
990507,4
990508,4
990509,4
990510,3
990511,3
990512,4
990513,5
990514,4
990515,3
990516,4
990517,4
990518,4
990519,4
990520,3
990521,4
990522,4
990523,4
990524,1
990525,4
990526,4
990527,1
990528,4
990529,4
990530,4
990531,4
990532,4
990533,4
990534,4
990535,3
990536,4
990537,4
990538,4
990539,4
990540,4
990541,1
990542,4
990543,4
990544,4
990545,4
990546,4
990547,4
990548,4
990549,5
990550,4
990551,4
990552,3
990553,4
990554,4
990555,4
990556,4
990557,1
990558,4
990559,3
990560,3
990561,4
990562,4
990563,4
990564,4
990565,4
990566,4
990567,4
990568,4
990569,4
990570,4
990571,4
990572,1
990573,3
990574,4
990575,4
990576,4
990577,4
990578,4
990579,4
990580,4
990581,4
990582,4
990583,4
990584,1
990585,4
990586,4
990587,4
990588,4
990589,4
990590,4
990591,4
990592,1
990593,4
990594,4
990595,4
990596,5
990597,4
990598,4
990599,4
990600,4
990601,4
990602,1
990603,4
990604,4
990605,4
990606,4
990607,4
990608,4
990609,4
990610,4
990611,4
990612,4
990613,1
990614,4
990615,4
990616,5
990617,4
990618,4
990619,4
990620,4
990621,4
990622,4
990623,4
990624,4
990625,5
990626,4
990627,4
990628,5
990629,4
990630,4
990631,5
990632,5
990633,4
990634,5
990635,4
990636,4
990637,4
990638,4
990639,4
990640,4
990641,4
990642,4
990643,4
990644,4
990645,4
990646,4
990647,4
990648,4
990649,4
990650,4
990651,4
990652,1
990653,4
990654,5
990655,4
990656,4
990657,1
990658,4
990659,4
990660,4
990661,4
990662,4
990663,4
990664,4
990665,4
990666,4
990667,4
990668,4
990669,5
990670,5
990671,4
990672,4
990673,4
990674,1
990675,4
990676,4
990677,5
990678,1
990679,4
990680,4
990681,4
990682,5
990683,4
990684,4
990685,5
990686,4
990687,4
990688,1
990689,4
990690,4
990691,4
990692,4
990693,4
990694,4
990695,4
990696,4
990697,4
990698,4
990699,4
990700,4
990701,4
990702,4
990703,4
990704,4
990705,4
990706,4
990707,4
990708,5
990709,4
990710,4
990711,4
990712,4
990713,4
990714,4
990715,4
990716,4
990717,4
990718,4
990719,4
990720,4
990721,4
990722,1
990723,5
990724,4
990725,4
990726,5
990727,1
990728,4
990729,4
990730,5
990731,4
990732,4
990733,1
990734,4
990735,5
990736,4
990737,5
990738,4
990739,3
990740,4
990741,1
990742,4
990743,4
990744,4
990745,4
990746,4
990747,3
990748,1
990749,4
990750,4
990751,4
990752,3
990753,1
990754,4
990755,4
990756,4
990757,4
990758,4
990759,4
990760,4
990761,4
990762,4
990763,5
990764,5
990765,4
990766,1
990767,4
990768,4
990769,4
990770,4
990771,4
990772,4
990773,4
990774,5
990775,4
990776,4
990777,4
990778,4
990779,4
990780,4
990781,4
990782,4
990783,4
990784,4
990785,4
990786,4
990787,4
990788,4
990789,4
990790,4
990791,4
990792,4
990793,4
990794,4
990795,4
990796,4
990797,4
990798,4
990799,4
990800,1
990801,4
990802,4
990803,4
990804,4
990805,4
990806,4
990807,4
990808,4
990809,4
990810,4
990811,4
990812,1
990813,4
990814,4
990815,4
990816,4
990817,5
990818,4
990819,4
990820,4
990821,4
990822,4
990823,4
990824,1
990825,4
990826,1
990827,1
990828,4
990829,4
990830,4
990831,4
990832,4
990833,4
990834,1
990835,5
990836,4
990837,3
990838,4
990839,4
990840,4
990841,4
990842,1
990843,5
990844,4
990845,5
990846,4
990847,1
990848,4
990849,4
990850,5
990851,4
990852,4
990853,1
990854,4
990855,4
990856,4
990857,4
990858,4
990859,4
990860,4
990861,4
990862,4
990863,4
990864,1
990865,4
990866,4
990867,4
990868,4
990869,4
990870,4
990871,4
990872,4
990873,4
990874,1
990875,1
990876,4
990877,4
990878,4
990879,4
990880,4
990881,4
990882,4
990883,4
990884,4
990885,4
990886,4
990887,5
990888,4
990889,4
990890,4
990891,4
990892,4
990893,4
990894,5
990895,4
990896,4
990897,4
990898,4
990899,4
990900,4
990901,4
990902,4
990903,4
990904,4
990905,5
990906,4
990907,4
990908,4
990909,1
990910,1
990911,4
990912,4
990913,4
990914,4
990915,4
990916,4
990917,4
990918,4
990919,5
990920,4
990921,1
990922,4
990923,4
990924,5
990925,4
990926,5
990927,4
990928,4
990929,1
990930,4
990931,1
990932,5
990933,5
990934,4
990935,4
990936,4
990937,4
990938,4
990939,1
990940,5
990941,4
990942,5
990943,4
990944,4
990945,4
990946,4
990947,4
990948,5
990949,4
990950,4
990951,1
990952,4
990953,5
990954,5
990955,4
990956,5
990957,5
990958,4
990959,4
990960,1
990961,1
990962,4
990963,4
990964,4
990965,1
990966,5
990967,4
990968,5
990969,4
990970,4
990971,4
990972,4
990973,4
990974,4
990975,5
990976,1
990977,4
990978,4
990979,4
990980,4
990981,4
990982,1
990983,4
990984,4
990985,4
990986,5
990987,1
990988,4
990989,4
990990,4
990991,4
990992,4
990993,1
990994,1
990995,4
990996,4
990997,4
990998,4
990999,4
991000,1
991001,4
991002,4
991003,4
991004,4
991005,4
991006,4
991007,4
991008,4
991009,4
991010,4
991011,5
991012,4
991013,4
991014,5
991015,4
991016,4
991017,4
991018,4
991019,4
991020,4
991021,4
991022,4
991023,5
991024,5
991025,4
991026,4
991027,4
991028,4
991029,4
991030,4
991031,4
991032,4
991033,1
991034,4
991035,4
991036,4
991037,5
991038,4
991039,4
991040,4
991041,4
991042,4
991043,4
991044,4
991045,4
991046,4
991047,4
991048,4
991049,4
991050,4
991051,1
991052,4
991053,4
991054,4
991055,4
991056,4
991057,4
991058,4
991059,4
991060,1
991061,4
991062,5
991063,5
991064,4
991065,4
991066,4
991067,4
991068,4
991069,4
991070,4
991071,4
991072,1
991073,4
991074,4
991075,4
991076,4
991077,4
991078,4
991079,1
991080,4
991081,4
991082,4
991083,4
991084,4
991085,4
991086,4
991087,4
991088,1
991089,4
991090,4
991091,4
991092,4
991093,4
991094,4
991095,4
991096,4
991097,4
991098,4
991099,1
991100,4
991101,4
991102,4
991103,4
991104,4
991105,4
991106,1
991107,4
991108,4
991109,4
991110,4
991111,4
991112,4
991113,4
991114,4
991115,4
991116,4
991117,4
991118,4
991119,4
991120,4
991121,4
991122,4
991123,1
991124,4
991125,4
991126,1
991127,4
991128,4
991129,4
991130,4
991131,4
991132,4
991133,4
991134,4
991135,4
991136,4
991137,1
991138,4
991139,4
991140,4
991141,4
991142,4
991143,4
991144,4
991145,4
991146,4
991147,4
991148,4
991149,4
991150,1
991151,4
991152,4
991153,4
991154,4
991155,4
991156,4
991157,4
991158,4
991159,4
991160,4
991161,4
991162,4
991163,4
991164,5
991165,4
991166,4
991167,4
991168,4
991169,4
991170,4
991171,4
991172,4
991173,4
991174,4
991175,1
991176,4
991177,4
991178,4
991179,1
991180,4
991181,4
991182,4
991183,4
991184,4
991185,4
991186,4
991187,4
991188,1
991189,4
991190,4
991191,4
991192,4
991193,4
991194,4
991195,4
991196,5
991197,4
991198,5
991199,5
991200,4
991201,4
991202,4
991203,4
991204,4
991205,4
991206,5
991207,4
991208,5
991209,4
991210,4
991211,4
991212,4
991213,4
991214,1
991215,4
991216,4
991217,1
991218,1
991219,4
991220,4
991221,4
991222,4
991223,4
991224,4
991225,4
991226,4
991227,5
991228,4
991229,5
991230,4
991231,4
991232,4
991233,4
991234,4
991235,1
991236,4
991237,4
991238,5
991239,4
991240,4
991241,4
991242,4
991243,4
991244,4
991245,4
991246,4
991247,4
991248,4
991249,5
991250,1
991251,4
991252,4
991253,1
991254,4
991255,4
991256,4
991257,5
991258,4
991259,4
991260,4
991261,1
991262,4
991263,4
991264,1
991265,4
991266,1
991267,4
991268,5
991269,4
991270,4
991271,4
991272,4
991273,4
991274,4
991275,1
991276,4
991277,4
991278,4
991279,4
991280,4
991281,4
991282,4
991283,4
991284,4
991285,4
991286,4
991287,4
991288,4
991289,1
991290,4
991291,4
991292,1
991293,1
991294,4
991295,4
991296,4
991297,4
991298,4
991299,4
991300,1
991301,4
991302,4
991303,4
991304,4
991305,1
991306,5
991307,4
991308,4
991309,4
991310,4
991311,4
991312,4
991313,4
991314,1
991315,4
991316,4
991317,4
991318,4
991319,4
991320,1
991321,4
991322,4
991323,4
991324,4
991325,4
991326,4
991327,4
991328,4
991329,4
991330,5
991331,4
991332,4
991333,4
991334,4
991335,5
991336,4
991337,4
991338,4
991339,4
991340,4
991341,1
991342,5
991343,4
991344,4
991345,4
991346,4
991347,5
991348,4
991349,4
991350,4
991351,4
991352,5
991353,4
991354,4
991355,5
991356,4
991357,1
991358,4
991359,5
991360,4
991361,4
991362,4
991363,4
991364,4
991365,4
991366,4
991367,4
991368,4
991369,4
991370,4
991371,4
991372,4
991373,4
991374,4
991375,4
991376,4
991377,1
991378,1
991379,4
991380,4
991381,4
991382,4
991383,4
991384,4
991385,4
991386,4
991387,4
991388,4
991389,4
991390,4
991391,4
991392,4
991393,4
991394,1
991395,4
991396,4
991397,4
991398,4
991399,4
991400,4
991401,4
991402,4
991403,4
991404,4
991405,4
991406,4
991407,1
991408,1
991409,4
991410,1
991411,4
991412,4
991413,4
991414,4
991415,4
991416,4
991417,4
991418,4
991419,4
991420,4
991421,3
991422,4
991423,4
991424,3
991425,4
991426,4
991427,4
991428,3
991429,4
991430,4
991431,4
991432,4
991433,4
991434,4
991435,4
991436,4
991437,4
991438,4
991439,4
991440,4
991441,4
991442,1
991443,4
991444,4
991445,4
991446,4
991447,4
991448,4
991449,4
991450,4
991451,4
991452,4
991453,4
991454,4
991455,4
991456,1
991457,4
991458,1
991459,4
991460,4
991461,3
991462,4
991463,4
991464,4
991465,3
991466,4
991467,3
991468,4
991469,4
991470,4
991471,4
991472,4
991473,4
991474,3
991475,4
991476,4
991477,4
991478,4
991479,1
991480,1
991481,1
991482,4
991483,4
991484,4
991485,4
991486,1
991487,5
991488,5
991489,4
991490,5
991491,4
991492,4
991493,1
991494,4
991495,4
991496,4
991497,4
991498,5
991499,1
991500,5
991501,4
991502,4
991503,5
991504,1
991505,4
991506,4
991507,4
991508,4
991509,4
991510,1
991511,4
991512,5
991513,4
991514,1
991515,4
991516,5
991517,4
991518,1
991519,1
991520,4
991521,4
991522,4
991523,4
991524,4
991525,4
991526,4
991527,4
991528,4
991529,4
991530,1
991531,4
991532,4
991533,4
991534,4
991535,4
991536,4
991537,4
991538,4
991539,5
991540,1
991541,4
991542,4
991543,4
991544,1
991545,4
991546,4
991547,4
991548,4
991549,4
991550,4
991551,4
991552,4
991553,4
991554,4
991555,4
991556,4
991557,4
991558,4
991559,4
991560,4
991561,4
991562,5
991563,4
991564,4
991565,4
991566,4
991567,4
991568,4
991569,4
991570,4
991571,4
991572,4
991573,4
991574,4
991575,4
991576,5
991577,1
991578,1
991579,4
991580,5
991581,4
991582,4
991583,1
991584,4
991585,4
991586,4
991587,5
991588,5
991589,5
991590,4
991591,4
991592,4
991593,4
991594,5
991595,4
991596,4
991597,4
991598,4
991599,4
991600,5
991601,5
991602,4
991603,4
991604,4
991605,4
991606,4
991607,5
991608,4
991609,4
991610,4
991611,4
991612,4
991613,4
991614,4
991615,1
991616,4
991617,4
991618,4
991619,1
991620,4
991621,1
991622,1
991623,5
991624,1
991625,4
991626,5
991627,1
991628,4
991629,4
991630,4
991631,4
991632,4
991633,4
991634,4
991635,1
991636,4
991637,4
991638,4
991639,4
991640,4
991641,4
991642,4
991643,4
991644,4
991645,4
991646,4
991647,1
991648,4
991649,4
991650,4
991651,4
991652,4
991653,4
991654,4
991655,4
991656,4
991657,4
991658,4
991659,4
991660,1
991661,4
991662,4
991663,4
991664,4
991665,4
991666,4
991667,4
991668,4
991669,4
991670,4
991671,1
991672,4
991673,4
991674,4
991675,4
991676,1
991677,5
991678,5
991679,1
991680,4
991681,4
991682,4
991683,5
991684,1
991685,4
991686,4
991687,4
991688,4
991689,4
991690,4
991691,4
991692,4
991693,4
991694,4
991695,4
991696,4
991697,4
991698,4
991699,4
991700,4
991701,4
991702,4
991703,1
991704,4
991705,1
991706,4
991707,4
991708,4
991709,4
991710,5
991711,1
991712,4
991713,4
991714,4
991715,5
991716,4
991717,4
991718,4
991719,5
991720,1
991721,1
991722,4
991723,4
991724,5
991725,4
991726,4
991727,4
991728,4
991729,1
991730,4
991731,4
991732,4
991733,4
991734,5
991735,4
991736,4
991737,5
991738,4
991739,5
991740,4
991741,4
991742,5
991743,4
991744,1
991745,4
991746,5
991747,3
991748,1
991749,1
991750,3
991751,4
991752,4
991753,3
991754,3
991755,4
991756,4
991757,3
991758,4
991759,3
991760,3
991761,4
991762,4
991763,3
991764,4
991765,3
991766,3
991767,4
991768,4
991769,4
991770,4
991771,3
991772,4
991773,4
991774,3
991775,4
991776,3
991777,3
991778,5
991779,4
991780,3
991781,4
991782,4
991783,3
991784,4
991785,3
991786,3
991787,4
991788,3
991789,4
991790,4
991791,4
991792,4
991793,3
991794,3
991795,4
991796,3
991797,3
991798,4
991799,3
991800,3
991801,4
991802,1
991803,4
991804,4
991805,3
991806,3
991807,4
991808,3
991809,3
991810,3
991811,3
991812,4
991813,3
991814,4
991815,4
991816,3
991817,1
991818,3
991819,3
991820,4
991821,4
991822,4
991823,1
991824,1
991825,4
991826,4
991827,4
991828,1
991829,4
991830,4
991831,4
991832,4
991833,4
991834,4
991835,4
991836,4
991837,4
991838,4
991839,4
991840,4
991841,1
991842,4
991843,4
991844,4
991845,4
991846,1
991847,4
991848,4
991849,4
991850,4
991851,4
991852,4
991853,4
991854,1
991855,1
991856,4
991857,4
991858,4
991859,4
991860,4
991861,1
991862,1
991863,1
991864,4
991865,4
991866,4
991867,1
991868,1
991869,4
991870,4
991871,1
991872,4
991873,4
991874,4
991875,4
991876,4
991877,4
991878,4
991879,4
991880,4
991881,1
991882,4
991883,1
991884,5
991885,4
991886,4
991887,4
991888,4
991889,4
991890,4
991891,4
991892,4
991893,4
991894,4
991895,4
991896,4
991897,5
991898,4
991899,4
991900,4
991901,4
991902,4
991903,4
991904,4
991905,4
991906,1
991907,4
991908,4
991909,4
991910,4
991911,4
991912,4
991913,5
991914,4
991915,4
991916,1
991917,4
991918,4
991919,1
991920,1
991921,4
991922,4
991923,1
991924,4
991925,4
991926,4
991927,4
991928,4
991929,4
991930,4
991931,4
991932,4
991933,4
991934,4
991935,4
991936,4
991937,4
991938,4
991939,4
991940,4
991941,4
991942,4
991943,4
991944,4
991945,4
991946,4
991947,5
991948,4
991949,4
991950,4
991951,4
991952,4
991953,1
991954,4
991955,4
991956,4
991957,4
991958,4
991959,4
991960,4
991961,4
991962,4
991963,4
991964,4
991965,4
991966,4
991967,4
991968,4
991969,4
991970,4
991971,4
991972,4
991973,4
991974,5
991975,4
991976,4
991977,4
991978,4
991979,4
991980,4
991981,4
991982,1
991983,4
991984,4
991985,4
991986,1
991987,4
991988,4
991989,4
991990,4
991991,4
991992,4
991993,4
991994,4
991995,4
991996,4
991997,4
991998,4
991999,4
992000,4
992001,4
992002,4
992003,4
992004,4
992005,5
992006,4
992007,4
992008,5
992009,5
992010,5
992011,4
992012,4
992013,4
992014,4
992015,4
992016,4
992017,4
992018,4
992019,5
992020,4
992021,4
992022,1
992023,4
992024,4
992025,4
992026,4
992027,5
992028,5
992029,4
992030,5
992031,4
992032,4
992033,1
992034,4
992035,1
992036,1
992037,1
992038,5
992039,4
992040,4
992041,4
992042,4
992043,5
992044,4
992045,5
992046,4
992047,4
992048,4
992049,4
992050,4
992051,4
992052,4
992053,4
992054,4
992055,1
992056,4
992057,4
992058,4
992059,5
992060,1
992061,4
992062,4
992063,4
992064,1
992065,4
992066,4
992067,4
992068,1
992069,4
992070,4
992071,5
992072,5
992073,3
992074,4
992075,4
992076,4
992077,4
992078,4
992079,4
992080,1
992081,4
992082,5
992083,4
992084,4
992085,4
992086,1
992087,4
992088,1
992089,4
992090,4
992091,1
992092,4
992093,4
992094,4
992095,4
992096,4
992097,4
992098,4
992099,4
992100,4
992101,4
992102,4
992103,4
992104,4
992105,4
992106,4
992107,4
992108,4
992109,4
992110,4
992111,4
992112,4
992113,1
992114,1
992115,4
992116,3
992117,4
992118,4
992119,4
992120,4
992121,4
992122,1
992123,4
992124,4
992125,4
992126,4
992127,4
992128,3
992129,1
992130,4
992131,4
992132,4
992133,4
992134,4
992135,4
992136,4
992137,4
992138,4
992139,4
992140,4
992141,4
992142,4
992143,1
992144,5
992145,4
992146,4
992147,4
992148,4
992149,4
992150,3
992151,4
992152,5
992153,4
992154,4
992155,4
992156,4
992157,4
992158,4
992159,4
992160,3
992161,4
992162,3
992163,4
992164,4
992165,4
992166,4
992167,4
992168,4
992169,4
992170,3
992171,3
992172,4
992173,4
992174,3
992175,1
992176,5
992177,1
992178,4
992179,4
992180,4
992181,4
992182,4
992183,4
992184,1
992185,3
992186,4
992187,4
992188,4
992189,3
992190,4
992191,4
992192,4
992193,4
992194,1
992195,4
992196,4
992197,4
992198,4
992199,1
992200,3
992201,4
992202,4
992203,4
992204,4
992205,1
992206,5
992207,4
992208,4
992209,1
992210,4
992211,1
992212,4
992213,4
992214,4
992215,4
992216,4
992217,4
992218,4
992219,4
992220,4
992221,4
992222,4
992223,4
992224,3
992225,4
992226,4
992227,4
992228,4
992229,4
992230,4
992231,1
992232,4
992233,4
992234,4
992235,4
992236,1
992237,4
992238,4
992239,4
992240,4
992241,4
992242,4
992243,4
992244,4
992245,1
992246,4
992247,1
992248,5
992249,1
992250,4
992251,4
992252,4
992253,4
992254,4
992255,4
992256,4
992257,4
992258,5
992259,4
992260,4
992261,4
992262,1
992263,4
992264,4
992265,4
992266,4
992267,4
992268,4
992269,4
992270,4
992271,4
992272,5
992273,4
992274,4
992275,4
992276,4
992277,4
992278,4
992279,5
992280,4
992281,4
992282,4
992283,1
992284,4
992285,4
992286,4
992287,4
992288,5
992289,4
992290,5
992291,4
992292,4
992293,3
992294,4
992295,4
992296,4
992297,4
992298,4
992299,4
992300,4
992301,1
992302,4
992303,4
992304,4
992305,4
992306,1
992307,4
992308,4
992309,4
992310,4
992311,4
992312,4
992313,4
992314,4
992315,4
992316,4
992317,4
992318,4
992319,1
992320,4
992321,4
992322,4
992323,4
992324,4
992325,4
992326,4
992327,4
992328,4
992329,4
992330,4
992331,4
992332,4
992333,4
992334,4
992335,4
992336,4
992337,4
992338,4
992339,4
992340,4
992341,4
992342,4
992343,4
992344,4
992345,1
992346,4
992347,4
992348,4
992349,4
992350,4
992351,4
992352,4
992353,4
992354,4
992355,1
992356,4
992357,4
992358,4
992359,5
992360,5
992361,5
992362,5
992363,5
992364,1
992365,4
992366,4
992367,4
992368,4
992369,1
992370,4
992371,4
992372,5
992373,4
992374,5
992375,4
992376,4
992377,4
992378,4
992379,4
992380,1
992381,4
992382,5
992383,4
992384,4
992385,5
992386,4
992387,4
992388,4
992389,4
992390,4
992391,1
992392,4
992393,4
992394,4
992395,1
992396,4
992397,4
992398,4
992399,4
992400,4
992401,4
992402,4
992403,1
992404,4
992405,4
992406,4
992407,1
992408,4
992409,4
992410,4
992411,4
992412,4
992413,4
992414,5
992415,4
992416,4
992417,4
992418,1
992419,4
992420,4
992421,4
992422,4
992423,4
992424,4
992425,4
992426,4
992427,4
992428,4
992429,1
992430,4
992431,4
992432,4
992433,4
992434,4
992435,4
992436,4
992437,4
992438,4
992439,3
992440,5
992441,4
992442,4
992443,4
992444,4
992445,5
992446,4
992447,1
992448,4
992449,4
992450,4
992451,1
992452,4
992453,4
992454,4
992455,4
992456,4
992457,5
992458,1
992459,4
992460,4
992461,4
992462,4
992463,4
992464,4
992465,4
992466,4
992467,5
992468,4
992469,4
992470,4
992471,4
992472,4
992473,4
992474,4
992475,4
992476,4
992477,4
992478,4
992479,4
992480,4
992481,4
992482,4
992483,4
992484,4
992485,5
992486,1
992487,4
992488,1
992489,4
992490,5
992491,4
992492,5
992493,1
992494,4
992495,4
992496,4
992497,4
992498,4
992499,4
992500,4
992501,1
992502,4
992503,4
992504,1
992505,4
992506,4
992507,4
992508,4
992509,4
992510,4
992511,4
992512,4
992513,4
992514,4
992515,4
992516,5
992517,4
992518,1
992519,4
992520,1
992521,4
992522,1
992523,1
992524,4
992525,4
992526,4
992527,1
992528,4
992529,4
992530,4
992531,1
992532,4
992533,4
992534,5
992535,4
992536,4
992537,1
992538,4
992539,4
992540,4
992541,4
992542,4
992543,4
992544,3
992545,4
992546,4
992547,4
992548,4
992549,4
992550,4
992551,5
992552,3
992553,4
992554,4
992555,4
992556,4
992557,4
992558,4
992559,4
992560,4
992561,4
992562,4
992563,4
992564,4
992565,4
992566,4
992567,4
992568,4
992569,1
992570,4
992571,4
992572,4
992573,4
992574,4
992575,4
992576,4
992577,4
992578,4
992579,4
992580,4
992581,5
992582,4
992583,4
992584,4
992585,4
992586,4
992587,4
992588,4
992589,4
992590,4
992591,4
992592,4
992593,4
992594,4
992595,4
992596,4
992597,4
992598,4
992599,4
992600,1
992601,4
992602,5
992603,4
992604,4
992605,4
992606,1
992607,4
992608,4
992609,1
992610,4
992611,4
992612,4
992613,4
992614,1
992615,4
992616,1
992617,5
992618,4
992619,4
992620,4
992621,4
992622,5
992623,4
992624,4
992625,4
992626,4
992627,4
992628,4
992629,4
992630,4
992631,5
992632,4
992633,4
992634,1
992635,4
992636,4
992637,1
992638,4
992639,4
992640,4
992641,4
992642,4
992643,4
992644,4
992645,4
992646,4
992647,4
992648,4
992649,5
992650,4
992651,4
992652,4
992653,1
992654,4
992655,4
992656,4
992657,4
992658,5
992659,4
992660,4
992661,4
992662,4
992663,4
992664,1
992665,4
992666,4
992667,4
992668,4
992669,4
992670,4
992671,4
992672,4
992673,3
992674,5
992675,4
992676,4
992677,4
992678,1
992679,4
992680,5
992681,4
992682,4
992683,4
992684,4
992685,4
992686,4
992687,4
992688,4
992689,4
992690,1
992691,4
992692,1
992693,4
992694,4
992695,4
992696,4
992697,4
992698,4
992699,1
992700,4
992701,4
992702,4
992703,4
992704,4
992705,4
992706,4
992707,4
992708,1
992709,4
992710,4
992711,4
992712,4
992713,4
992714,1
992715,1
992716,4
992717,1
992718,1
992719,4
992720,4
992721,4
992722,4
992723,4
992724,4
992725,4
992726,4
992727,4
992728,3
992729,3
992730,4
992731,3
992732,1
992733,3
992734,1
992735,4
992736,4
992737,4
992738,4
992739,4
992740,4
992741,5
992742,4
992743,4
992744,4
992745,4
992746,1
992747,4
992748,4
992749,1
992750,4
992751,4
992752,4
992753,4
992754,4
992755,4
992756,4
992757,1
992758,1
992759,1
992760,4
992761,1
992762,4
992763,4
992764,4
992765,4
992766,4
992767,4
992768,4
992769,4
992770,4
992771,4
992772,1
992773,5
992774,5
992775,1
992776,5
992777,5
992778,4
992779,1
992780,5
992781,4
992782,4
992783,4
992784,4
992785,4
992786,4
992787,4
992788,4
992789,4
992790,4
992791,4
992792,4
992793,4
992794,4
992795,4
992796,4
992797,5
992798,4
992799,4
992800,4
992801,4
992802,4
992803,4
992804,5
992805,4
992806,4
992807,4
992808,1
992809,4
992810,4
992811,5
992812,4
992813,4
992814,5
992815,4
992816,4
992817,5
992818,4
992819,4
992820,4
992821,5
992822,4
992823,4
992824,3
992825,4
992826,4
992827,4
992828,1
992829,4
992830,4
992831,1
992832,4
992833,4
992834,5
992835,4
992836,4
992837,4
992838,4
992839,4
992840,4
992841,4
992842,4
992843,4
992844,5
992845,1
992846,5
992847,4
992848,4
992849,1
992850,4
992851,4
992852,4
992853,5
992854,4
992855,4
992856,5
992857,4
992858,4
992859,4
992860,1
992861,4
992862,4
992863,5
992864,4
992865,5
992866,5
992867,5
992868,4
992869,1
992870,4
992871,5
992872,4
992873,4
992874,4
992875,4
992876,4
992877,1
992878,1
992879,4
992880,4
992881,4
992882,4
992883,4
992884,4
992885,4
992886,4
992887,4
992888,4
992889,1
992890,4
992891,4
992892,5
992893,5
992894,4
992895,1
992896,4
992897,4
992898,4
992899,5
992900,4
992901,4
992902,4
992903,4
992904,4
992905,5
992906,4
992907,5
992908,5
992909,4
992910,4
992911,4
992912,4
992913,4
992914,4
992915,4
992916,5
992917,4
992918,4
992919,4
992920,4
992921,4
992922,4
992923,4
992924,4
992925,1
992926,4
992927,4
992928,4
992929,4
992930,4
992931,4
992932,4
992933,1
992934,4
992935,4
992936,4
992937,5
992938,4
992939,1
992940,4
992941,4
992942,4
992943,4
992944,1
992945,4
992946,4
992947,1
992948,4
992949,4
992950,4
992951,4
992952,4
992953,4
992954,4
992955,4
992956,4
992957,5
992958,4
992959,4
992960,4
992961,4
992962,1
992963,4
992964,4
992965,4
992966,5
992967,4
992968,4
992969,5
992970,4
992971,4
992972,4
992973,1
992974,4
992975,4
992976,4
992977,4
992978,4
992979,4
992980,4
992981,5
992982,5
992983,4
992984,5
992985,5
992986,4
992987,1
992988,4
992989,4
992990,4
992991,4
992992,1
992993,4
992994,5
992995,4
992996,5
992997,4
992998,4
992999,5
993000,4
993001,4
993002,5
993003,4
993004,4
993005,4
993006,4
993007,4
993008,4
993009,4
993010,4
993011,4
993012,4
993013,4
993014,4
993015,4
993016,4
993017,4
993018,4
993019,4
993020,4
993021,4
993022,4
993023,5
993024,1
993025,4
993026,4
993027,4
993028,4
993029,4
993030,4
993031,4
993032,4
993033,4
993034,4
993035,4
993036,4
993037,4
993038,3
993039,4
993040,4
993041,4
993042,4
993043,4
993044,4
993045,4
993046,4
993047,4
993048,4
993049,4
993050,4
993051,4
993052,4
993053,4
993054,4
993055,4
993056,4
993057,4
993058,4
993059,4
993060,4
993061,4
993062,4
993063,4
993064,4
993065,4
993066,4
993067,4
993068,4
993069,4
993070,4
993071,4
993072,4
993073,4
993074,4
993075,4
993076,4
993077,4
993078,4
993079,4
993080,4
993081,4
993082,4
993083,1
993084,1
993085,4
993086,4
993087,4
993088,4
993089,4
993090,4
993091,4
993092,4
993093,4
993094,4
993095,4
993096,4
993097,5
993098,4
993099,4
993100,4
993101,4
993102,1
993103,1
993104,1
993105,4
993106,1
993107,4
993108,4
993109,4
993110,4
993111,4
993112,4
993113,5
993114,5
993115,4
993116,4
993117,4
993118,4
993119,4
993120,1
993121,4
993122,4
993123,4
993124,5
993125,4
993126,4
993127,4
993128,4
993129,4
993130,1
993131,5
993132,4
993133,5
993134,4
993135,4
993136,4
993137,4
993138,4
993139,4
993140,1
993141,1
993142,4
993143,4
993144,5
993145,4
993146,4
993147,4
993148,4
993149,4
993150,4
993151,4
993152,4
993153,4
993154,4
993155,4
993156,4
993157,4
993158,5
993159,4
993160,4
993161,4
993162,4
993163,4
993164,4
993165,1
993166,4
993167,4
993168,4
993169,4
993170,5
993171,4
993172,4
993173,4
993174,4
993175,4
993176,4
993177,4
993178,1
993179,4
993180,1
993181,4
993182,4
993183,4
993184,1
993185,4
993186,4
993187,4
993188,4
993189,4
993190,4
993191,1
993192,4
993193,1
993194,4
993195,4
993196,4
993197,4
993198,4
993199,4
993200,1
993201,1
993202,4
993203,4
993204,4
993205,4
993206,4
993207,4
993208,4
993209,4
993210,4
993211,4
993212,5
993213,1
993214,4
993215,5
993216,4
993217,1
993218,4
993219,4
993220,4
993221,1
993222,4
993223,5
993224,4
993225,4
993226,4
993227,1
993228,4
993229,4
993230,4
993231,4
993232,4
993233,4
993234,4
993235,4
993236,4
993237,1
993238,4
993239,4
993240,4
993241,4
993242,4
993243,4
993244,1
993245,4
993246,4
993247,1
993248,4
993249,1
993250,4
993251,5
993252,4
993253,4
993254,1
993255,4
993256,4
993257,4
993258,4
993259,4
993260,4
993261,4
993262,4
993263,4
993264,4
993265,4
993266,4
993267,4
993268,4
993269,4
993270,5
993271,4
993272,4
993273,5
993274,4
993275,4
993276,4
993277,4
993278,5
993279,5
993280,4
993281,1
993282,4
993283,3
993284,4
993285,4
993286,4
993287,4
993288,1
993289,4
993290,4
993291,1
993292,4
993293,4
993294,4
993295,4
993296,4
993297,4
993298,4
993299,1
993300,4
993301,4
993302,5
993303,4
993304,5
993305,4
993306,4
993307,4
993308,4
993309,4
993310,4
993311,4
993312,4
993313,4
993314,4
993315,4
993316,4
993317,4
993318,4
993319,4
993320,5
993321,4
993322,4
993323,4
993324,4
993325,4
993326,1
993327,4
993328,4
993329,4
993330,5
993331,4
993332,4
993333,4
993334,4
993335,4
993336,1
993337,4
993338,4
993339,4
993340,4
993341,4
993342,4
993343,4
993344,4
993345,4
993346,4
993347,1
993348,1
993349,4
993350,4
993351,4
993352,4
993353,4
993354,4
993355,1
993356,4
993357,1
993358,4
993359,4
993360,5
993361,1
993362,4
993363,4
993364,4
993365,4
993366,4
993367,4
993368,1
993369,1
993370,4
993371,4
993372,5
993373,1
993374,4
993375,4
993376,4
993377,4
993378,4
993379,4
993380,4
993381,5
993382,4
993383,1
993384,4
993385,4
993386,4
993387,4
993388,4
993389,1
993390,4
993391,4
993392,4
993393,4
993394,4
993395,4
993396,4
993397,4
993398,4
993399,4
993400,4
993401,4
993402,4
993403,4
993404,4
993405,4
993406,4
993407,1
993408,4
993409,4
993410,4
993411,4
993412,4
993413,4
993414,4
993415,4
993416,4
993417,4
993418,4
993419,4
993420,4
993421,3
993422,4
993423,4
993424,4
993425,4
993426,4
993427,4
993428,1
993429,4
993430,4
993431,4
993432,4
993433,4
993434,4
993435,4
993436,4
993437,4
993438,4
993439,4
993440,4
993441,4
993442,4
993443,4
993444,4
993445,4
993446,1
993447,4
993448,4
993449,4
993450,4
993451,4
993452,4
993453,4
993454,4
993455,5
993456,4
993457,4
993458,4
993459,4
993460,4
993461,4
993462,4
993463,4
993464,5
993465,4
993466,4
993467,4
993468,4
993469,4
993470,4
993471,4
993472,4
993473,4
993474,4
993475,4
993476,4
993477,4
993478,4
993479,4
993480,1
993481,1
993482,4
993483,1
993484,4
993485,4
993486,4
993487,4
993488,4
993489,4
993490,4
993491,4
993492,4
993493,4
993494,1
993495,4
993496,4
993497,4
993498,4
993499,1
993500,1
993501,4
993502,4
993503,4
993504,4
993505,4
993506,4
993507,4
993508,4
993509,4
993510,4
993511,4
993512,4
993513,4
993514,4
993515,4
993516,4
993517,4
993518,4
993519,4
993520,4
993521,4
993522,4
993523,4
993524,4
993525,1
993526,4
993527,4
993528,4
993529,4
993530,4
993531,4
993532,4
993533,4
993534,4
993535,4
993536,4
993537,4
993538,1
993539,4
993540,4
993541,4
993542,4
993543,4
993544,4
993545,4
993546,4
993547,4
993548,4
993549,4
993550,4
993551,4
993552,4
993553,4
993554,1
993555,4
993556,4
993557,1
993558,5
993559,4
993560,4
993561,4
993562,4
993563,4
993564,4
993565,4
993566,4
993567,5
993568,5
993569,5
993570,4
993571,4
993572,4
993573,5
993574,4
993575,4
993576,4
993577,4
993578,4
993579,4
993580,4
993581,1
993582,4
993583,4
993584,4
993585,4
993586,4
993587,4
993588,4
993589,4
993590,5
993591,4
993592,1
993593,4
993594,4
993595,4
993596,4
993597,4
993598,4
993599,5
993600,4
993601,4
993602,4
993603,4
993604,4
993605,5
993606,4
993607,4
993608,4
993609,5
993610,4
993611,3
993612,1
993613,4
993614,4
993615,4
993616,5
993617,4
993618,4
993619,4
993620,4
993621,4
993622,4
993623,4
993624,4
993625,1
993626,4
993627,5
993628,4
993629,4
993630,4
993631,4
993632,4
993633,4
993634,1
993635,4
993636,4
993637,4
993638,4
993639,1
993640,4
993641,4
993642,4
993643,4
993644,5
993645,4
993646,4
993647,5
993648,4
993649,4
993650,1
993651,4
993652,4
993653,5
993654,4
993655,4
993656,4
993657,4
993658,4
993659,4
993660,4
993661,4
993662,4
993663,4
993664,4
993665,4
993666,4
993667,4
993668,4
993669,5
993670,5
993671,4
993672,1
993673,4
993674,4
993675,4
993676,4
993677,5
993678,4
993679,4
993680,4
993681,4
993682,1
993683,4
993684,4
993685,4
993686,3
993687,4
993688,4
993689,4
993690,5
993691,4
993692,4
993693,4
993694,4
993695,1
993696,4
993697,4
993698,4
993699,4
993700,1
993701,4
993702,4
993703,4
993704,4
993705,4
993706,4
993707,1
993708,4
993709,4
993710,4
993711,4
993712,4
993713,4
993714,4
993715,1
993716,4
993717,4
993718,4
993719,4
993720,5
993721,4
993722,4
993723,5
993724,4
993725,4
993726,4
993727,4
993728,4
993729,4
993730,4
993731,1
993732,1
993733,4
993734,1
993735,5
993736,4
993737,4
993738,4
993739,4
993740,4
993741,4
993742,1
993743,4
993744,4
993745,5
993746,4
993747,4
993748,4
993749,4
993750,4
993751,4
993752,4
993753,4
993754,4
993755,4
993756,4
993757,4
993758,4
993759,5
993760,4
993761,4
993762,4
993763,4
993764,4
993765,4
993766,4
993767,4
993768,4
993769,4
993770,4
993771,4
993772,4
993773,4
993774,5
993775,4
993776,5
993777,4
993778,4
993779,4
993780,1
993781,4
993782,4
993783,4
993784,4
993785,4
993786,4
993787,1
993788,4
993789,4
993790,4
993791,4
993792,4
993793,4
993794,4
993795,4
993796,4
993797,4
993798,4
993799,4
993800,4
993801,4
993802,4
993803,4
993804,4
993805,1
993806,4
993807,1
993808,1
993809,4
993810,5
993811,4
993812,4
993813,5
993814,4
993815,5
993816,4
993817,4
993818,4
993819,1
993820,4
993821,4
993822,4
993823,4
993824,4
993825,3
993826,4
993827,4
993828,4
993829,4
993830,4
993831,4
993832,4
993833,4
993834,4
993835,4
993836,1
993837,4
993838,4
993839,4
993840,4
993841,4
993842,4
993843,4
993844,4
993845,4
993846,4
993847,4
993848,4
993849,4
993850,4
993851,4
993852,4
993853,4
993854,4
993855,4
993856,4
993857,4
993858,4
993859,4
993860,4
993861,1
993862,4
993863,4
993864,4
993865,4
993866,4
993867,4
993868,3
993869,4
993870,4
993871,4
993872,4
993873,1
993874,4
993875,4
993876,4
993877,4
993878,4
993879,4
993880,1
993881,4
993882,4
993883,4
993884,4
993885,4
993886,4
993887,4
993888,4
993889,4
993890,4
993891,1
993892,4
993893,1
993894,4
993895,4
993896,4
993897,1
993898,4
993899,1
993900,4
993901,4
993902,4
993903,4
993904,4
993905,4
993906,1
993907,4
993908,4
993909,4
993910,1
993911,4
993912,4
993913,4
993914,4
993915,4
993916,4
993917,4
993918,4
993919,4
993920,4
993921,4
993922,1
993923,4
993924,4
993925,1
993926,4
993927,4
993928,4
993929,4
993930,4
993931,4
993932,4
993933,1
993934,4
993935,4
993936,4
993937,4
993938,4
993939,4
993940,4
993941,4
993942,4
993943,1
993944,4
993945,5
993946,4
993947,1
993948,4
993949,4
993950,4
993951,4
993952,4
993953,4
993954,4
993955,4
993956,5
993957,4
993958,4
993959,4
993960,4
993961,4
993962,4
993963,4
993964,4
993965,4
993966,4
993967,4
993968,5
993969,4
993970,4
993971,4
993972,4
993973,4
993974,4
993975,4
993976,5
993977,5
993978,4
993979,4
993980,5
993981,4
993982,5
993983,4
993984,4
993985,4
993986,4
993987,1
993988,1
993989,4
993990,4
993991,5
993992,1
993993,4
993994,4
993995,4
993996,1
993997,4
993998,5
993999,4
994000,4
994001,4
994002,4
994003,4
994004,4
994005,1
994006,1
994007,4
994008,4
994009,4
994010,4
994011,5
994012,5
994013,1
994014,4
994015,4
994016,4
994017,4
994018,4
994019,4
994020,1
994021,4
994022,4
994023,4
994024,4
994025,5
994026,4
994027,4
994028,5
994029,4
994030,4
994031,4
994032,4
994033,4
994034,4
994035,1
994036,1
994037,5
994038,4
994039,5
994040,1
994041,4
994042,4
994043,4
994044,4
994045,4
994046,4
994047,5
994048,1
994049,5
994050,4
994051,4
994052,4
994053,4
994054,1
994055,4
994056,4
994057,4
994058,4
994059,5
994060,4
994061,4
994062,5
994063,4
994064,4
994065,4
994066,4
994067,4
994068,4
994069,4
994070,4
994071,4
994072,4
994073,1
994074,4
994075,4
994076,4
994077,4
994078,4
994079,5
994080,4
994081,4
994082,4
994083,4
994084,4
994085,4
994086,4
994087,4
994088,4
994089,4
994090,1
994091,4
994092,4
994093,4
994094,4
994095,4
994096,5
994097,4
994098,1
994099,5
994100,4
994101,4
994102,4
994103,4
994104,4
994105,4
994106,4
994107,4
994108,1
994109,4
994110,5
994111,5
994112,5
994113,5
994114,5
994115,4
994116,4
994117,4
994118,4
994119,5
994120,5
994121,4
994122,4
994123,5
994124,5
994125,1
994126,4
994127,1
994128,4
994129,4
994130,4
994131,4
994132,4
994133,4
994134,4
994135,4
994136,4
994137,4
994138,4
994139,4
994140,4
994141,4
994142,5
994143,4
994144,5
994145,4
994146,5
994147,5
994148,4
994149,4
994150,4
994151,4
994152,4
994153,4
994154,5
994155,4
994156,4
994157,1
994158,4
994159,4
994160,4
994161,4
994162,4
994163,4
994164,4
994165,4
994166,4
994167,4
994168,4
994169,4
994170,4
994171,4
994172,4
994173,4
994174,4
994175,4
994176,1
994177,5
994178,4
994179,5
994180,4
994181,1
994182,4
994183,1
994184,4
994185,4
994186,4
994187,5
994188,1
994189,5
994190,5
994191,4
994192,1
994193,5
994194,4
994195,4
994196,4
994197,5
994198,4
994199,4
994200,4
994201,4
994202,5
994203,4
994204,4
994205,5
994206,4
994207,4
994208,4
994209,4
994210,5
994211,1
994212,4
994213,4
994214,4
994215,4
994216,4
994217,4
994218,5
994219,4
994220,5
994221,4
994222,5
994223,1
994224,5
994225,4
994226,4
994227,5
994228,4
994229,4
994230,1
994231,4
994232,4
994233,4
994234,4
994235,1
994236,4
994237,5
994238,4
994239,1
994240,4
994241,4
994242,4
994243,4
994244,1
994245,4
994246,4
994247,1
994248,4
994249,4
994250,5
994251,4
994252,4
994253,1
994254,4
994255,4
994256,4
994257,4
994258,1
994259,4
994260,4
994261,4
994262,4
994263,4
994264,4
994265,4
994266,4
994267,1
994268,4
994269,4
994270,4
994271,4
994272,4
994273,4
994274,4
994275,4
994276,1
994277,4
994278,4
994279,4
994280,5
994281,4
994282,4
994283,4
994284,5
994285,1
994286,4
994287,4
994288,4
994289,4
994290,4
994291,1
994292,4
994293,5
994294,4
994295,1
994296,4
994297,4
994298,4
994299,4
994300,5
994301,4
994302,4
994303,4
994304,4
994305,4
994306,1
994307,4
994308,4
994309,5
994310,4
994311,4
994312,4
994313,4
994314,4
994315,4
994316,5
994317,5
994318,1
994319,4
994320,4
994321,4
994322,5
994323,4
994324,4
994325,5
994326,1
994327,4
994328,4
994329,4
994330,4
994331,4
994332,1
994333,4
994334,5
994335,1
994336,4
994337,4
994338,5
994339,5
994340,5
994341,4
994342,4
994343,4
994344,4
994345,4
994346,5
994347,5
994348,4
994349,1
994350,1
994351,4
994352,4
994353,4
994354,5
994355,5
994356,4
994357,4
994358,4
994359,5
994360,4
994361,4
994362,4
994363,4
994364,4
994365,4
994366,4
994367,4
994368,4
994369,4
994370,5
994371,4
994372,4
994373,4
994374,5
994375,5
994376,4
994377,4
994378,4
994379,4
994380,4
994381,4
994382,4
994383,4
994384,4
994385,4
994386,4
994387,4
994388,4
994389,4
994390,4
994391,5
994392,5
994393,5
994394,4
994395,5
994396,5
994397,5
994398,3
994399,4
994400,4
994401,4
994402,5
994403,4
994404,5
994405,5
994406,4
994407,4
994408,4
994409,4
994410,5
994411,4
994412,5
994413,4
994414,5
994415,4
994416,4
994417,5
994418,4
994419,4
994420,4
994421,4
994422,4
994423,1
994424,4
994425,4
994426,4
994427,4
994428,1
994429,5
994430,4
994431,1
994432,1
994433,4
994434,4
994435,4
994436,4
994437,1
994438,4
994439,4
994440,4
994441,4
994442,4
994443,4
994444,4
994445,4
994446,4
994447,4
994448,4
994449,4
994450,4
994451,4
994452,4
994453,4
994454,4
994455,5
994456,1
994457,5
994458,5
994459,1
994460,4
994461,5
994462,4
994463,4
994464,4
994465,4
994466,4
994467,5
994468,4
994469,4
994470,4
994471,4
994472,4
994473,5
994474,4
994475,4
994476,4
994477,4
994478,4
994479,5
994480,4
994481,5
994482,4
994483,4
994484,5
994485,4
994486,4
994487,4
994488,4
994489,4
994490,4
994491,4
994492,4
994493,4
994494,4
994495,4
994496,5
994497,4
994498,4
994499,4
994500,4
994501,4
994502,4
994503,4
994504,5
994505,1
994506,4
994507,4
994508,4
994509,4
994510,5
994511,4
994512,5
994513,1
994514,4
994515,4
994516,4
994517,4
994518,4
994519,4
994520,4
994521,4
994522,4
994523,1
994524,4
994525,4
994526,4
994527,4
994528,4
994529,4
994530,4
994531,4
994532,4
994533,5
994534,4
994535,4
994536,4
994537,4
994538,4
994539,4
994540,4
994541,4
994542,4
994543,4
994544,1
994545,4
994546,4
994547,4
994548,4
994549,4
994550,4
994551,4
994552,4
