946553,5
946554,4
946555,4
946556,4
946557,1
946558,4
946559,4
946560,4
946561,4
946562,4
946563,1
946564,4
946565,4
946566,5
946567,4
946568,4
946569,4
946570,5
946571,4
946572,4
946573,4
946574,4
946575,1
946576,4
946577,1
946578,4
946579,4
946580,4
946581,4
946582,4
946583,4
946584,4
946585,4
946586,4
946587,1
946588,4
946589,4
946590,4
946591,5
946592,4
946593,4
946594,4
946595,4
946596,4
946597,4
946598,4
946599,1
946600,4
946601,4
946602,4
946603,4
946604,4
946605,4
946606,5
946607,4
946608,4
946609,4
946610,4
946611,4
946612,4
946613,4
946614,4
946615,1
946616,4
946617,4
946618,4
946619,4
946620,4
946621,4
946622,1
946623,4
946624,4
946625,4
946626,4
946627,4
946628,1
946629,4
946630,4
946631,4
946632,1
946633,4
946634,4
946635,4
946636,4
946637,4
946638,4
946639,1
946640,4
946641,4
946642,4
946643,5
946644,4
946645,4
946646,4
946647,4
946648,4
946649,4
946650,4
946651,4
946652,4
946653,4
946654,4
946655,4
946656,4
946657,4
946658,1
946659,4
946660,4
946661,4
946662,4
946663,4
946664,4
946665,4
946666,4
946667,4
946668,4
946669,1
946670,4
946671,4
946672,4
946673,4
946674,4
946675,4
946676,4
946677,4
946678,5
946679,4
946680,1
946681,4
946682,5
946683,4
946684,4
946685,5
946686,5
946687,4
946688,4
946689,4
946690,4
946691,4
946692,1
946693,4
946694,4
946695,1
946696,4
946697,4
946698,4
946699,4
946700,5
946701,4
946702,4
946703,4
946704,4
946705,4
946706,4
946707,1
946708,1
946709,4
946710,4
946711,4
946712,4
946713,1
946714,4
946715,4
946716,4
946717,4
946718,4
946719,4
946720,4
946721,4
946722,4
946723,4
946724,4
946725,4
946726,4
946727,4
946728,3
946729,4
946730,4
946731,4
946732,4
946733,1
946734,4
946735,4
946736,4
946737,4
946738,4
946739,4
946740,4
946741,4
946742,4
946743,4
946744,4
946745,4
946746,4
946747,4
946748,4
946749,4
946750,1
946751,4
946752,4
946753,4
946754,4
946755,4
946756,4
946757,4
946758,4
946759,1
946760,1
946761,4
946762,4
946763,4
946764,4
946765,4
946766,4
946767,4
946768,4
946769,4
946770,4
946771,4
946772,4
946773,4
946774,4
946775,1
946776,4
946777,4
946778,1
946779,4
946780,4
946781,4
946782,4
946783,1
946784,4
946785,4
946786,4
946787,4
946788,4
946789,4
946790,4
946791,4
946792,4
946793,1
946794,4
946795,1
946796,4
946797,1
946798,4
946799,4
946800,3
946801,4
946802,3
946803,4
946804,3
946805,4
946806,4
946807,4
946808,4
946809,4
946810,1
946811,3
946812,3
946813,4
946814,4
946815,4
946816,4
946817,4
946818,3
946819,3
946820,3
946821,4
946822,3
946823,4
946824,4
946825,4
946826,1
946827,4
946828,4
946829,4
946830,3
946831,4
946832,4
946833,1
946834,3
946835,3
946836,4
946837,1
946838,4
946839,4
946840,1
946841,1
946842,4
946843,4
946844,4
946845,4
946846,4
946847,4
946848,4
946849,4
946850,4
946851,4
946852,4
946853,1
946854,4
946855,5
946856,4
946857,4
946858,4
946859,4
946860,4
946861,4
946862,4
946863,4
946864,4
946865,4
946866,1
946867,4
946868,1
946869,4
946870,5
946871,4
946872,4
946873,4
946874,4
946875,1
946876,4
946877,4
946878,4
946879,4
946880,4
946881,4
946882,1
946883,4
946884,4
946885,4
946886,4
946887,4
946888,4
946889,1
946890,4
946891,4
946892,1
946893,4
946894,1
946895,4
946896,4
946897,1
946898,4
946899,4
946900,4
946901,4
946902,4
946903,1
946904,4
946905,4
946906,4
946907,1
946908,4
946909,4
946910,4
946911,4
946912,4
946913,4
946914,4
946915,4
946916,4
946917,4
946918,4
946919,1
946920,4
946921,4
946922,4
946923,4
946924,1
946925,4
946926,4
946927,4
946928,4
946929,1
946930,4
946931,4
946932,4
946933,4
946934,4
946935,4
946936,4
946937,4
946938,4
946939,4
946940,4
946941,4
946942,4
946943,4
946944,4
946945,4
946946,4
946947,4
946948,4
946949,4
946950,4
946951,4
946952,5
946953,4
946954,5
946955,5
946956,1
946957,5
946958,5
946959,4
946960,4
946961,5
946962,4
946963,1
946964,5
946965,4
946966,5
946967,4
946968,4
946969,4
946970,4
946971,4
946972,4
946973,5
946974,4
946975,4
946976,1
946977,4
946978,5
946979,4
946980,4
946981,4
946982,4
946983,1
946984,4
946985,4
946986,5
946987,4
946988,4
946989,5
946990,4
946991,5
946992,5
946993,4
946994,4
946995,4
946996,5
946997,4
946998,4
946999,5
947000,1
947001,4
947002,4
947003,4
947004,4
947005,4
947006,1
947007,4
947008,4
947009,4
947010,4
947011,4
947012,1
947013,4
947014,4
947015,5
947016,4
947017,4
947018,4
947019,4
947020,4
947021,4
947022,4
947023,4
947024,4
947025,4
947026,1
947027,4
947028,4
947029,4
947030,4
947031,1
947032,4
947033,4
947034,4
947035,4
947036,3
947037,4
947038,4
947039,4
947040,3
947041,4
947042,3
947043,1
947044,5
947045,3
947046,4
947047,3
947048,4
947049,4
947050,1
947051,3
947052,4
947053,4
947054,3
947055,4
947056,4
947057,3
947058,4
947059,3
947060,3
947061,4
947062,3
947063,3
947064,3
947065,4
947066,4
947067,3
947068,3
947069,3
947070,4
947071,3
947072,1
947073,3
947074,4
947075,3
947076,4
947077,4
947078,4
947079,3
947080,3
947081,4
947082,4
947083,3
947084,3
947085,3
947086,1
947087,4
947088,4
947089,3
947090,4
947091,4
947092,4
947093,3
947094,4
947095,3
947096,4
947097,1
947098,1
947099,3
947100,3
947101,4
947102,4
947103,4
947104,4
947105,5
947106,3
947107,4
947108,4
947109,4
947110,3
947111,4
947112,1
947113,4
947114,4
947115,4
947116,4
947117,4
947118,4
947119,4
947120,4
947121,4
947122,4
947123,4
947124,4
947125,4
947126,4
947127,4
947128,4
947129,4
947130,4
947131,1
947132,4
947133,4
947134,3
947135,1
947136,4
947137,4
947138,4
947139,1
947140,1
947141,4
947142,1
947143,4
947144,4
947145,4
947146,1
947147,4
947148,4
947149,4
947150,4
947151,4
947152,4
947153,1
947154,4
947155,4
947156,4
947157,1
947158,4
947159,1
947160,4
947161,4
947162,4
947163,4
947164,4
947165,4
947166,1
947167,1
947168,5
947169,4
947170,4
947171,4
947172,4
947173,4
947174,1
947175,4
947176,1
947177,4
947178,4
947179,4
947180,4
947181,1
947182,4
947183,4
947184,4
947185,4
947186,4
947187,4
947188,4
947189,4
947190,4
947191,4
947192,4
947193,1
947194,4
947195,4
947196,1
947197,4
947198,1
947199,4
947200,4
947201,4
947202,4
947203,4
947204,4
947205,4
947206,4
947207,1
947208,4
947209,4
947210,4
947211,4
947212,4
947213,4
947214,5
947215,1
947216,4
947217,4
947218,1
947219,4
947220,4
947221,1
947222,1
947223,4
947224,4
947225,1
947226,4
947227,4
947228,4
947229,4
947230,4
947231,1
947232,4
947233,4
947234,4
947235,1
947236,4
947237,4
947238,4
947239,4
947240,4
947241,4
947242,4
947243,4
947244,4
947245,4
947246,4
947247,4
947248,4
947249,5
947250,4
947251,1
947252,4
947253,4
947254,4
947255,4
947256,4
947257,4
947258,4
947259,4
947260,4
947261,4
947262,1
947263,1
947264,5
947265,4
947266,4
947267,4
947268,4
947269,4
947270,4
947271,4
947272,4
947273,4
947274,4
947275,1
947276,4
947277,4
947278,4
947279,4
947280,4
947281,4
947282,5
947283,4
947284,4
947285,4
947286,4
947287,1
947288,1
947289,4
947290,4
947291,4
947292,4
947293,4
947294,4
947295,1
947296,4
947297,4
947298,4
947299,3
947300,4
947301,4
947302,4
947303,4
947304,1
947305,4
947306,4
947307,5
947308,4
947309,4
947310,4
947311,4
947312,4
947313,4
947314,4
947315,4
947316,4
947317,4
947318,3
947319,4
947320,5
947321,4
947322,4
947323,4
947324,1
947325,4
947326,4
947327,4
947328,4
947329,1
947330,3
947331,4
947332,4
947333,4
947334,4
947335,5
947336,4
947337,4
947338,4
947339,5
947340,4
947341,4
947342,4
947343,5
947344,5
947345,4
947346,4
947347,4
947348,4
947349,4
947350,4
947351,4
947352,4
947353,4
947354,4
947355,4
947356,4
947357,4
947358,4
947359,1
947360,4
947361,5
947362,4
947363,4
947364,1
947365,4
947366,4
947367,4
947368,4
947369,1
947370,3
947371,4
947372,4
947373,4
947374,1
947375,3
947376,4
947377,4
947378,4
947379,4
947380,4
947381,4
947382,4
947383,4
947384,4
947385,4
947386,4
947387,4
947388,4
947389,5
947390,4
947391,4
947392,4
947393,4
947394,4
947395,4
947396,4
947397,4
947398,4
947399,4
947400,1
947401,4
947402,4
947403,4
947404,1
947405,4
947406,4
947407,4
947408,3
947409,3
947410,4
947411,4
947412,4
947413,4
947414,4
947415,4
947416,4
947417,4
947418,4
947419,4
947420,4
947421,4
947422,4
947423,4
947424,4
947425,4
947426,1
947427,4
947428,4
947429,4
947430,4
947431,1
947432,4
947433,4
947434,4
947435,4
947436,4
947437,4
947438,4
947439,4
947440,1
947441,4
947442,4
947443,4
947444,4
947445,4
947446,4
947447,1
947448,3
947449,4
947450,4
947451,4
947452,4
947453,4
947454,3
947455,3
947456,3
947457,3
947458,1
947459,3
947460,4
947461,1
947462,3
947463,3
947464,3
947465,4
947466,3
947467,3
947468,5
947469,3
947470,4
947471,3
947472,3
947473,3
947474,3
947475,1
947476,4
947477,4
947478,4
947479,4
947480,3
947481,3
947482,4
947483,1
947484,3
947485,5
947486,3
947487,4
947488,3
947489,4
947490,3
947491,4
947492,4
947493,4
947494,4
947495,1
947496,4
947497,4
947498,3
947499,3
947500,3
947501,3
947502,3
947503,4
947504,3
947505,4
947506,3
947507,3
947508,4
947509,3
947510,1
947511,3
947512,4
947513,3
947514,3
947515,4
947516,4
947517,3
947518,3
947519,3
947520,4
947521,4
947522,4
947523,3
947524,5
947525,5
947526,3
947527,4
947528,3
947529,1
947530,1
947531,4
947532,4
947533,4
947534,3
947535,3
947536,4
947537,3
947538,3
947539,3
947540,5
947541,3
947542,5
947543,4
947544,3
947545,3
947546,3
947547,4
947548,4
947549,3
947550,3
947551,1
947552,3
947553,4
947554,3
947555,4
947556,5
947557,3
947558,3
947559,4
947560,3
947561,4
947562,4
947563,4
947564,4
947565,4
947566,3
947567,4
947568,3
947569,3
947570,4
947571,4
947572,3
947573,3
947574,4
947575,3
947576,3
947577,4
947578,1
947579,3
947580,4
947581,4
947582,3
947583,3
947584,4
947585,3
947586,3
947587,4
947588,4
947589,3
947590,3
947591,4
947592,3
947593,4
947594,3
947595,4
947596,4
947597,4
947598,3
947599,4
947600,3
947601,1
947602,3
947603,3
947604,3
947605,4
947606,1
947607,1
947608,3
947609,4
947610,3
947611,4
947612,3
947613,1
947614,3
947615,3
947616,4
947617,3
947618,3
947619,5
947620,3
947621,4
947622,4
947623,4
947624,4
947625,3
947626,4
947627,4
947628,4
947629,1
947630,5
947631,4
947632,5
947633,4
947634,4
947635,4
947636,4
947637,4
947638,4
947639,4
947640,4
947641,4
947642,5
947643,1
947644,4
947645,1
947646,4
947647,4
947648,4
947649,4
947650,4
947651,4
947652,4
947653,4
947654,4
947655,4
947656,4
947657,4
947658,4
947659,4
947660,4
947661,4
947662,1
947663,4
947664,4
947665,4
947666,5
947667,4
947668,5
947669,4
947670,5
947671,5
947672,4
947673,1
947674,1
947675,4
947676,4
947677,4
947678,4
947679,5
947680,4
947681,4
947682,4
947683,4
947684,3
947685,4
947686,4
947687,5
947688,4
947689,4
947690,4
947691,4
947692,5
947693,4
947694,5
947695,4
947696,4
947697,4
947698,4
947699,4
947700,4
947701,4
947702,4
947703,4
947704,4
947705,4
947706,4
947707,5
947708,4
947709,4
947710,4
947711,4
947712,5
947713,4
947714,4
947715,4
947716,4
947717,4
947718,1
947719,5
947720,4
947721,4
947722,1
947723,4
947724,4
947725,4
947726,4
947727,5
947728,4
947729,4
947730,4
947731,4
947732,4
947733,4
947734,4
947735,4
947736,4
947737,4
947738,4
947739,4
947740,5
947741,4
947742,4
947743,5
947744,4
947745,4
947746,4
947747,4
947748,4
947749,4
947750,4
947751,5
947752,4
947753,4
947754,4
947755,1
947756,4
947757,4
947758,4
947759,4
947760,4
947761,4
947762,4
947763,4
947764,4
947765,4
947766,4
947767,4
947768,5
947769,4
947770,1
947771,4
947772,1
947773,4
947774,4
947775,4
947776,4
947777,4
947778,4
947779,4
947780,1
947781,4
947782,4
947783,4
947784,4
947785,4
947786,4
947787,1
947788,1
947789,4
947790,4
947791,4
947792,1
947793,4
947794,4
947795,4
947796,4
947797,4
947798,4
947799,4
947800,4
947801,5
947802,5
947803,4
947804,4
947805,4
947806,4
947807,4
947808,4
947809,4
947810,4
947811,4
947812,1
947813,4
947814,4
947815,1
947816,4
947817,4
947818,4
947819,4
947820,1
947821,4
947822,4
947823,1
947824,4
947825,4
947826,4
947827,4
947828,4
947829,1
947830,4
947831,4
947832,4
947833,4
947834,4
947835,4
947836,4
947837,4
947838,4
947839,4
947840,4
947841,4
947842,4
947843,4
947844,4
947845,4
947846,4
947847,4
947848,4
947849,4
947850,4
947851,4
947852,4
947853,4
947854,4
947855,4
947856,4
947857,4
947858,4
947859,4
947860,4
947861,4
947862,1
947863,4
947864,4
947865,4
947866,4
947867,1
947868,1
947869,4
947870,4
947871,4
947872,4
947873,1
947874,4
947875,4
947876,4
947877,4
947878,4
947879,4
947880,4
947881,4
947882,4
947883,4
947884,4
947885,4
947886,1
947887,4
947888,4
947889,4
947890,4
947891,1
947892,4
947893,4
947894,1
947895,4
947896,4
947897,4
947898,4
947899,1
947900,4
947901,4
947902,4
947903,4
947904,4
947905,4
947906,4
947907,4
947908,4
947909,4
947910,4
947911,4
947912,4
947913,4
947914,1
947915,4
947916,4
947917,4
947918,4
947919,4
947920,4
947921,4
947922,4
947923,1
947924,4
947925,4
947926,4
947927,4
947928,4
947929,4
947930,4
947931,4
947932,1
947933,4
947934,4
947935,4
947936,4
947937,4
947938,1
947939,4
947940,4
947941,1
947942,4
947943,4
947944,1
947945,4
947946,4
947947,4
947948,4
947949,4
947950,5
947951,4
947952,4
947953,4
947954,4
947955,4
947956,1
947957,4
947958,4
947959,4
947960,4
947961,4
947962,4
947963,4
947964,4
947965,4
947966,4
947967,5
947968,4
947969,4
947970,4
947971,4
947972,4
947973,4
947974,4
947975,4
947976,4
947977,4
947978,4
947979,4
947980,4
947981,4
947982,4
947983,4
947984,4
947985,4
947986,4
947987,4
947988,4
947989,4
947990,4
947991,3
947992,4
947993,4
947994,5
947995,4
947996,4
947997,4
947998,4
947999,4
948000,5
948001,5
948002,4
948003,4
948004,4
948005,4
948006,4
948007,4
948008,4
948009,4
948010,5
948011,5
948012,5
948013,5
948014,5
948015,1
948016,1
948017,5
948018,4
948019,4
948020,5
948021,4
948022,4
948023,1
948024,4
948025,5
948026,5
948027,5
948028,4
948029,4
948030,4
948031,4
948032,4
948033,1
948034,5
948035,5
948036,4
948037,5
948038,4
948039,4
948040,5
948041,4
948042,4
948043,5
948044,4
948045,4
948046,4
948047,4
948048,1
948049,4
948050,5
948051,1
948052,1
948053,4
948054,4
948055,4
948056,1
948057,4
948058,4
948059,4
948060,4
948061,1
948062,4
948063,4
948064,4
948065,1
948066,4
948067,4
948068,4
948069,4
948070,4
948071,4
948072,4
948073,4
948074,4
948075,1
948076,4
948077,4
948078,4
948079,4
948080,4
948081,1
948082,4
948083,4
948084,4
948085,4
948086,4
948087,1
948088,1
948089,4
948090,4
948091,4
948092,4
948093,4
948094,4
948095,4
948096,1
948097,4
948098,4
948099,4
948100,4
948101,4
948102,4
948103,1
948104,1
948105,4
948106,4
948107,4
948108,4
948109,1
948110,4
948111,4
948112,4
948113,4
948114,4
948115,4
948116,4
948117,1
948118,1
948119,1
948120,4
948121,4
948122,4
948123,4
948124,4
948125,4
948126,4
948127,4
948128,4
948129,1
948130,4
948131,4
948132,4
948133,4
948134,4
948135,1
948136,4
948137,4
948138,1
948139,4
948140,4
948141,4
948142,4
948143,1
948144,4
948145,4
948146,4
948147,5
948148,4
948149,4
948150,4
948151,4
948152,4
948153,4
948154,5
948155,4
948156,1
948157,1
948158,4
948159,4
948160,4
948161,1
948162,1
948163,1
948164,4
948165,4
948166,4
948167,4
948168,4
948169,4
948170,4
948171,4
948172,4
948173,4
948174,4
948175,1
948176,4
948177,1
948178,4
948179,1
948180,1
948181,1
948182,4
948183,4
948184,4
948185,4
948186,4
948187,4
948188,4
948189,4
948190,4
948191,4
948192,4
948193,1
948194,4
948195,1
948196,5
948197,4
948198,4
948199,4
948200,4
948201,4
948202,4
948203,4
948204,4
948205,4
948206,4
948207,1
948208,1
948209,1
948210,4
948211,1
948212,4
948213,4
948214,4
948215,4
948216,4
948217,1
948218,4
948219,4
948220,4
948221,4
948222,4
948223,4
948224,4
948225,4
948226,4
948227,1
948228,4
948229,4
948230,4
948231,4
948232,4
948233,4
948234,1
948235,4
948236,4
948237,4
948238,4
948239,4
948240,4
948241,4
948242,4
948243,4
948244,4
948245,1
948246,4
948247,4
948248,4
948249,4
948250,4
948251,4
948252,4
948253,4
948254,4
948255,4
948256,4
948257,4
948258,4
948259,4
948260,4
948261,4
948262,4
948263,4
948264,4
948265,4
948266,4
948267,4
948268,4
948269,5
948270,4
948271,5
948272,4
948273,1
948274,4
948275,4
948276,1
948277,5
948278,4
948279,5
948280,5
948281,5
948282,4
948283,5
948284,5
948285,4
948286,4
948287,5
948288,4
948289,4
948290,4
948291,4
948292,4
948293,4
948294,5
948295,1
948296,5
948297,5
948298,1
948299,4
948300,5
948301,4
948302,1
948303,1
948304,5
948305,4
948306,1
948307,5
948308,4
948309,4
948310,4
948311,4
948312,1
948313,5
948314,4
948315,4
948316,4
948317,5
948318,5
948319,1
948320,5
948321,4
948322,4
948323,4
948324,5
948325,4
948326,4
948327,5
948328,5
948329,4
948330,4
948331,4
948332,4
948333,4
948334,5
948335,5
948336,5
948337,5
948338,5
948339,5
948340,5
948341,4
948342,5
948343,4
948344,5
948345,4
948346,4
948347,1
948348,4
948349,5
948350,4
948351,5
948352,4
948353,5
948354,4
948355,4
948356,4
948357,4
948358,4
948359,4
948360,4
948361,5
948362,4
948363,4
948364,5
948365,5
948366,1
948367,1
948368,4
948369,4
948370,4
948371,4
948372,1
948373,4
948374,4
948375,4
948376,1
948377,4
948378,4
948379,4
948380,4
948381,3
948382,4
948383,4
948384,4
948385,4
948386,4
948387,4
948388,4
948389,4
948390,4
948391,4
948392,4
948393,4
948394,4
948395,4
948396,1
948397,4
948398,4
948399,5
948400,4
948401,4
948402,4
948403,4
948404,4
948405,4
948406,4
948407,4
948408,1
948409,4
948410,1
948411,4
948412,4
948413,4
948414,4
948415,4
948416,4
948417,1
948418,4
948419,1
948420,4
948421,1
948422,4
948423,4
948424,4
948425,4
948426,1
948427,4
948428,4
948429,1
948430,4
948431,4
948432,4
948433,4
948434,4
948435,4
948436,4
948437,1
948438,4
948439,1
948440,1
948441,4
948442,4
948443,5
948444,4
948445,4
948446,4
948447,4
948448,4
948449,4
948450,4
948451,4
948452,4
948453,4
948454,5
948455,4
948456,4
948457,4
948458,4
948459,4
948460,4
948461,4
948462,4
948463,4
948464,1
948465,4
948466,4
948467,4
948468,4
948469,4
948470,4
948471,4
948472,4
948473,1
948474,4
948475,4
948476,4
948477,4
948478,4
948479,4
948480,4
948481,4
948482,4
948483,4
948484,4
948485,4
948486,4
948487,4
948488,4
948489,4
948490,4
948491,4
948492,4
948493,4
948494,4
948495,4
948496,4
948497,4
948498,4
948499,4
948500,4
948501,4
948502,4
948503,4
948504,4
948505,4
948506,4
948507,4
948508,4
948509,5
948510,4
948511,4
948512,4
948513,5
948514,4
948515,4
948516,4
948517,4
948518,4
948519,4
948520,4
948521,4
948522,4
948523,1
948524,4
948525,1
948526,4
948527,1
948528,4
948529,4
948530,4
948531,4
948532,4
948533,4
948534,4
948535,4
948536,4
948537,4
948538,4
948539,4
948540,4
948541,4
948542,4
948543,4
948544,4
948545,1
948546,4
948547,4
948548,4
948549,4
948550,4
948551,4
948552,4
948553,4
948554,4
948555,4
948556,4
948557,4
948558,4
948559,4
948560,4
948561,4
948562,4
948563,4
948564,4
948565,4
948566,4
948567,4
948568,4
948569,1
948570,4
948571,4
948572,4
948573,4
948574,4
948575,4
948576,4
948577,4
948578,4
948579,4
948580,4
948581,4
948582,4
948583,4
948584,4
948585,4
948586,4
948587,4
948588,4
948589,4
948590,4
948591,4
948592,4
948593,4
948594,4
948595,1
948596,4
948597,4
948598,4
948599,4
948600,4
948601,4
948602,4
948603,4
948604,1
948605,4
948606,4
948607,1
948608,4
948609,1
948610,4
948611,1
948612,4
948613,1
948614,4
948615,4
948616,4
948617,4
948618,5
948619,1
948620,4
948621,4
948622,4
948623,4
948624,4
948625,4
948626,4
948627,4
948628,4
948629,4
948630,4
948631,4
948632,4
948633,4
948634,1
948635,1
948636,4
948637,4
948638,4
948639,4
948640,4
948641,4
948642,4
948643,4
948644,4
948645,4
948646,4
948647,4
948648,4
948649,4
948650,4
948651,4
948652,4
948653,4
948654,1
948655,4
948656,4
948657,4
948658,4
948659,4
948660,4
948661,4
948662,4
948663,5
948664,4
948665,4
948666,4
948667,4
948668,4
948669,5
948670,4
948671,4
948672,4
948673,4
948674,5
948675,4
948676,4
948677,4
948678,5
948679,5
948680,5
948681,4
948682,4
948683,4
948684,4
948685,5
948686,4
948687,4
948688,4
948689,5
948690,4
948691,4
948692,4
948693,4
948694,4
948695,5
948696,5
948697,5
948698,1
948699,4
948700,5
948701,4
948702,5
948703,4
948704,4
948705,4
948706,1
948707,4
948708,5
948709,4
948710,5
948711,4
948712,4
948713,1
948714,5
948715,4
948716,4
948717,4
948718,4
948719,1
948720,5
948721,4
948722,1
948723,4
948724,4
948725,4
948726,4
948727,4
948728,4
948729,4
948730,1
948731,5
948732,5
948733,4
948734,4
948735,5
948736,4
948737,4
948738,4
948739,4
948740,4
948741,1
948742,4
948743,3
948744,3
948745,3
948746,1
948747,5
948748,3
948749,1
948750,1
948751,3
948752,1
948753,4
948754,3
948755,1
948756,3
948757,3
948758,1
948759,4
948760,3
948761,3
948762,3
948763,3
948764,1
948765,3
948766,5
948767,4
948768,1
948769,3
948770,3
948771,3
948772,4
948773,5
948774,3
948775,4
948776,1
948777,3
948778,3
948779,4
948780,5
948781,3
948782,4
948783,4
948784,4
948785,4
948786,4
948787,3
948788,3
948789,5
948790,1
948791,3
948792,3
948793,3
948794,5
948795,4
948796,3
948797,1
948798,3
948799,3
948800,3
948801,4
948802,1
948803,3
948804,3
948805,1
948806,3
948807,3
948808,3
948809,3
948810,3
948811,3
948812,3
948813,3
948814,5
948815,3
948816,3
948817,3
948818,3
948819,3
948820,3
948821,1
948822,3
948823,4
948824,3
948825,3
948826,3
948827,4
948828,3
948829,3
948830,3
948831,3
948832,5
948833,5
948834,4
948835,4
948836,4
948837,4
948838,4
948839,1
948840,4
948841,4
948842,4
948843,4
948844,4
948845,4
948846,4
948847,4
948848,4
948849,4
948850,4
948851,4
948852,4
948853,4
948854,4
948855,4
948856,1
948857,4
948858,4
948859,4
948860,4
948861,4
948862,5
948863,4
948864,4
948865,4
948866,4
948867,3
948868,4
948869,4
948870,5
948871,4
948872,4
948873,4
948874,4
948875,4
948876,4
948877,4
948878,1
948879,4
948880,4
948881,4
948882,4
948883,4
948884,1
948885,1
948886,4
948887,4
948888,1
948889,4
948890,4
948891,4
948892,4
948893,4
948894,4
948895,5
948896,1
948897,4
948898,1
948899,4
948900,4
948901,1
948902,4
948903,4
948904,4
948905,4
948906,4
948907,4
948908,4
948909,4
948910,4
948911,4
948912,4
948913,1
948914,4
948915,4
948916,4
948917,4
948918,4
948919,4
948920,4
948921,4
948922,4
948923,4
948924,1
948925,4
948926,1
948927,4
948928,4
948929,1
948930,4
948931,1
948932,4
948933,4
948934,4
948935,4
948936,4
948937,1
948938,4
948939,1
948940,1
948941,1
948942,4
948943,4
948944,4
948945,5
948946,4
948947,4
948948,1
948949,4
948950,4
948951,4
948952,4
948953,4
948954,4
948955,4
948956,4
948957,4
948958,4
948959,4
948960,4
948961,5
948962,4
948963,4
948964,4
948965,4
948966,4
948967,4
948968,4
948969,4
948970,4
948971,4
948972,4
948973,4
948974,4
948975,4
948976,4
948977,4
948978,4
948979,4
948980,4
948981,4
948982,4
948983,4
948984,4
948985,4
948986,4
948987,4
948988,4
948989,4
948990,4
948991,4
948992,4
948993,4
948994,4
948995,4
948996,4
948997,5
948998,5
948999,4
949000,4
949001,4
949002,4
949003,1
949004,4
949005,4
949006,1
949007,1
949008,4
949009,4
949010,4
949011,4
949012,4
949013,4
949014,4
949015,4
949016,1
949017,1
949018,4
949019,1
949020,4
949021,1
949022,4
949023,4
949024,4
949025,4
949026,4
949027,4
949028,1
949029,4
949030,4
949031,4
949032,4
949033,5
949034,4
949035,1
949036,4
949037,4
949038,4
949039,5
949040,4
949041,4
949042,4
949043,4
949044,4
949045,4
949046,4
949047,4
949048,4
949049,4
949050,4
949051,1
949052,4
949053,5
949054,4
949055,4
949056,4
949057,4
949058,4
949059,4
949060,4
949061,4
949062,4
949063,4
949064,4
949065,5
949066,3
949067,4
949068,1
949069,4
949070,4
949071,3
949072,3
949073,5
949074,4
949075,4
949076,1
949077,4
949078,4
949079,4
949080,1
949081,4
949082,4
949083,4
949084,4
949085,4
949086,4
949087,4
949088,4
949089,4
949090,4
949091,4
949092,4
949093,4
949094,4
949095,4
949096,4
949097,4
949098,4
949099,1
949100,4
949101,4
949102,4
949103,4
949104,4
949105,4
949106,4
949107,4
949108,4
949109,4
949110,4
949111,4
949112,4
949113,4
949114,1
949115,4
949116,4
949117,4
949118,4
949119,1
949120,4
949121,4
949122,4
949123,4
949124,4
949125,4
949126,1
949127,4
949128,4
949129,4
949130,4
949131,4
949132,4
949133,4
949134,5
949135,4
949136,4
949137,4
949138,5
949139,1
949140,4
949141,5
949142,4
949143,4
949144,1
949145,4
949146,4
949147,4
949148,1
949149,4
949150,4
949151,4
949152,5
949153,5
949154,4
949155,4
949156,3
949157,4
949158,1
949159,4
949160,4
949161,4
949162,4
949163,4
949164,5
949165,4
949166,4
949167,4
949168,4
949169,4
949170,4
949171,4
949172,4
949173,4
949174,4
949175,4
949176,1
949177,5
949178,4
949179,1
949180,4
949181,4
949182,4
949183,4
949184,5
949185,4
949186,4
949187,4
949188,4
949189,4
949190,4
949191,4
949192,4
949193,4
949194,1
949195,3
949196,4
949197,4
949198,1
949199,4
949200,4
949201,1
949202,4
949203,4
949204,4
949205,4
949206,1
949207,4
949208,4
949209,4
949210,1
949211,4
949212,1
949213,4
949214,4
949215,4
949216,4
949217,4
949218,4
949219,4
949220,1
949221,4
949222,4
949223,4
949224,4
949225,4
949226,4
949227,4
949228,5
949229,4
949230,4
949231,4
949232,1
949233,4
949234,4
949235,4
949236,4
949237,4
949238,4
949239,1
949240,4
949241,4
949242,4
949243,4
949244,4
949245,4
949246,4
949247,4
949248,4
949249,4
949250,4
949251,3
949252,3
949253,4
949254,3
949255,4
949256,4
949257,4
949258,4
949259,3
949260,1
949261,1
949262,4
949263,4
949264,4
949265,1
949266,4
949267,1
949268,3
949269,4
949270,3
949271,4
949272,4
949273,4
949274,4
949275,1
949276,4
949277,1
949278,3
949279,4
949280,4
949281,4
949282,3
949283,4
949284,4
949285,4
949286,1
949287,4
949288,3
949289,3
949290,4
949291,1
949292,3
949293,4
949294,5
949295,3
949296,4
949297,3
949298,3
949299,4
949300,4
949301,4
949302,4
949303,4
949304,4
949305,5
949306,4
949307,4
949308,4
949309,4
949310,4
949311,4
949312,5
949313,4
949314,4
949315,1
949316,4
949317,1
949318,1
949319,5
949320,4
949321,5
949322,5
949323,4
949324,5
949325,4
949326,1
949327,4
949328,4
949329,5
949330,4
949331,4
949332,1
949333,1
949334,4
949335,4
949336,4
949337,4
949338,4
949339,4
949340,1
949341,4
949342,4
949343,4
949344,1
949345,1
949346,1
949347,4
949348,4
949349,4
949350,4
949351,4
949352,4
949353,4
949354,4
949355,4
949356,4
949357,1
949358,4
949359,5
949360,4
949361,4
949362,4
949363,4
949364,4
949365,4
949366,5
949367,4
949368,1
949369,5
949370,4
949371,5
949372,5
949373,4
949374,5
949375,5
949376,4
949377,5
949378,4
949379,4
949380,4
949381,4
949382,5
949383,4
949384,5
949385,4
949386,4
949387,4
949388,5
949389,4
949390,4
949391,4
949392,4
949393,4
949394,4
949395,4
949396,4
949397,4
949398,4
949399,4
949400,4
949401,1
949402,4
949403,4
949404,4
949405,4
949406,4
949407,4
949408,4
949409,4
949410,4
949411,4
949412,4
949413,4
949414,4
949415,4
949416,4
949417,4
949418,4
949419,5
949420,4
949421,1
949422,4
949423,4
949424,4
949425,1
949426,4
949427,1
949428,4
949429,4
949430,4
949431,4
949432,4
949433,1
949434,1
949435,4
949436,4
949437,4
949438,4
949439,3
949440,4
949441,4
949442,3
949443,3
949444,1
949445,4
949446,4
949447,3
949448,4
949449,4
949450,4
949451,3
949452,4
949453,4
949454,4
949455,4
949456,4
949457,4
949458,3
949459,3
949460,3
949461,3
949462,4
949463,3
949464,4
949465,3
949466,4
949467,3
949468,3
949469,4
949470,3
949471,3
949472,4
949473,4
949474,1
949475,4
949476,3
949477,1
949478,4
949479,4
949480,3
949481,4
949482,4
949483,4
949484,1
949485,4
949486,3
949487,4
949488,1
949489,4
949490,3
949491,3
949492,4
949493,4
949494,4
949495,4
949496,3
949497,3
949498,4
949499,4
949500,1
949501,4
949502,4
949503,3
949504,3
949505,3
949506,4
949507,4
949508,4
949509,4
949510,4
949511,3
949512,4
949513,3
949514,4
949515,4
949516,5
949517,3
949518,1
949519,5
949520,4
949521,4
949522,3
949523,1
949524,4
949525,5
949526,3
949527,5
949528,5
949529,4
949530,3
949531,3
949532,4
949533,4
949534,4
949535,4
949536,3
949537,5
949538,3
949539,4
949540,4
949541,4
949542,4
949543,4
949544,5
949545,1
949546,3
949547,1
949548,3
949549,3
949550,4
949551,4
949552,3
949553,3
949554,1
949555,4
949556,4
949557,3
949558,4
949559,4
949560,4
949561,4
949562,3
949563,5
949564,4
949565,1
949566,4
949567,3
949568,1
949569,4
949570,4
949571,4
949572,5
949573,4
949574,3
949575,3
949576,3
949577,3
949578,4
949579,5
949580,1
949581,4
949582,1
949583,4
949584,1
949585,4
949586,3
949587,4
949588,3
949589,5
949590,3
949591,4
949592,3
949593,4
949594,3
949595,3
949596,4
949597,5
949598,5
949599,1
949600,3
949601,5
949602,1
949603,3
949604,5
949605,4
949606,4
949607,3
949608,3
949609,4
949610,3
949611,4
949612,4
949613,4
949614,4
949615,4
949616,4
949617,3
949618,3
949619,3
949620,1
949621,3
949622,4
949623,3
949624,5
949625,1
949626,3
949627,4
949628,4
949629,3
949630,4
949631,3
949632,3
949633,4
949634,3
949635,3
949636,4
949637,3
949638,4
949639,4
949640,5
949641,4
949642,4
949643,5
949644,4
949645,4
949646,4
949647,5
949648,4
949649,5
949650,4
949651,4
949652,4
949653,3
949654,5
949655,4
949656,3
949657,5
949658,4
949659,3
949660,5
949661,4
949662,5
949663,4
949664,5
949665,4
949666,4
949667,4
949668,3
949669,5
949670,3
949671,4
949672,5
949673,4
949674,4
949675,4
949676,5
949677,3
949678,4
949679,3
949680,3
949681,4
949682,4
949683,4
949684,4
949685,4
949686,3
949687,4
949688,4
949689,4
949690,4
949691,4
949692,4
949693,4
949694,3
949695,5
949696,3
949697,5
949698,1
949699,1
949700,4
949701,1
949702,5
949703,5
949704,3
949705,4
949706,3
949707,1
949708,3
949709,1
949710,4
949711,4
949712,4
949713,4
949714,4
949715,4
949716,4
949717,4
949718,1
949719,4
949720,4
949721,4
949722,4
949723,4
949724,5
949725,4
949726,4
949727,4
949728,4
949729,4
949730,5
949731,4
949732,4
949733,4
949734,4
949735,4
949736,4
949737,4
949738,4
949739,4
949740,4
949741,5
949742,4
949743,1
949744,1
949745,1
949746,4
949747,4
949748,4
949749,4
949750,1
949751,5
949752,4
949753,4
949754,4
949755,1
949756,4
949757,5
949758,4
949759,4
949760,4
949761,4
949762,4
949763,4
949764,4
949765,5
949766,4
949767,4
949768,4
949769,4
949770,4
949771,4
949772,4
949773,4
949774,4
949775,4
949776,4
949777,4
949778,4
949779,4
949780,4
949781,5
949782,4
949783,4
949784,4
949785,4
949786,1
949787,4
949788,4
949789,4
949790,4
949791,1
949792,4
949793,1
949794,4
949795,4
949796,4
949797,1
949798,4
949799,4
949800,4
949801,4
949802,4
949803,4
949804,4
949805,4
949806,4
949807,4
949808,4
949809,4
949810,4
949811,5
949812,4
949813,4
949814,4
949815,4
949816,4
949817,4
949818,1
949819,4
949820,4
949821,4
949822,4
949823,4
949824,4
949825,4
949826,4
949827,4
949828,4
949829,4
949830,4
949831,4
949832,4
949833,4
949834,4
949835,4
949836,4
949837,4
949838,4
949839,1
949840,4
949841,4
949842,4
949843,4
949844,4
949845,4
949846,4
949847,4
949848,1
949849,4
949850,5
949851,4
949852,4
949853,4
949854,4
949855,1
949856,4
949857,4
949858,4
949859,4
949860,1
949861,4
949862,4
949863,5
949864,4
949865,4
949866,1
949867,4
949868,4
949869,4
949870,1
949871,4
949872,4
949873,4
949874,4
949875,4
949876,4
949877,1
949878,1
949879,4
949880,4
949881,5
949882,1
949883,4
949884,4
949885,1
949886,4
949887,4
949888,3
949889,5
949890,4
949891,4
949892,4
949893,1
949894,1
949895,1
949896,4
949897,4
949898,4
949899,4
949900,4
949901,4
949902,4
949903,4
949904,4
949905,4
949906,4
949907,4
949908,4
949909,1
949910,4
949911,4
949912,4
949913,4
949914,4
949915,1
949916,4
949917,4
949918,4
949919,4
949920,4
949921,1
949922,1
949923,4
949924,5
949925,4
949926,4
949927,4
949928,4
949929,4
949930,4
949931,4
949932,4
949933,4
949934,4
949935,4
949936,5
949937,4
949938,4
949939,4
949940,4
949941,4
949942,1
949943,4
949944,4
949945,4
949946,4
949947,4
949948,4
949949,4
949950,5
949951,4
949952,4
949953,4
949954,5
949955,4
949956,1
949957,4
949958,4
949959,4
949960,1
949961,4
949962,5
949963,1
949964,4
949965,4
949966,1
949967,4
949968,4
949969,4
949970,4
949971,1
949972,1
949973,4
949974,1
949975,4
949976,4
949977,4
949978,4
949979,4
949980,4
949981,4
949982,4
949983,4
949984,4
949985,4
949986,4
949987,4
949988,4
949989,1
949990,4
949991,4
949992,4
949993,4
949994,4
949995,4
949996,4
949997,4
949998,4
949999,4
950000,4
950001,4
950002,4
950003,4
950004,4
950005,4
950006,4
950007,4
950008,4
950009,1
950010,4
950011,4
950012,4
950013,4
950014,4
950015,4
950016,4
950017,4
950018,4
950019,4
950020,4
950021,4
950022,4
950023,4
950024,1
950025,4
950026,4
950027,4
950028,4
950029,1
950030,4
950031,4
950032,1
950033,1
950034,4
950035,4
950036,4
950037,4
950038,4
950039,4
950040,4
950041,4
950042,4
950043,4
950044,4
950045,4
950046,1
950047,4
950048,4
950049,4
950050,4
950051,4
950052,1
950053,4
950054,4
950055,4
950056,4
950057,4
950058,4
950059,4
950060,1
950061,4
950062,4
950063,5
950064,4
950065,4
950066,4
950067,4
950068,5
950069,4
950070,1
950071,4
950072,4
950073,4
950074,4
950075,1
950076,4
950077,4
950078,4
950079,4
950080,4
950081,4
950082,4
950083,4
950084,4
950085,4
950086,4
950087,4
950088,4
950089,4
950090,4
950091,4
950092,4
950093,4
950094,4
950095,1
950096,1
950097,4
950098,4
950099,4
950100,4
950101,4
950102,4
950103,4
950104,4
950105,1
950106,4
950107,1
950108,4
950109,4
950110,4
950111,4
950112,4
950113,4
950114,4
950115,4
950116,4
950117,4
950118,4
950119,4
950120,4
950121,4
950122,4
950123,4
950124,4
950125,4
950126,4
950127,1
950128,5
950129,4
950130,4
950131,4
950132,4
950133,4
950134,4
950135,5
950136,5
950137,4
950138,5
950139,4
950140,4
950141,4
950142,5
950143,4
950144,4
950145,5
950146,4
950147,4
950148,4
950149,4
950150,4
950151,1
950152,4
950153,5
950154,4
950155,4
950156,4
950157,4
950158,4
950159,4
950160,4
950161,4
950162,4
950163,4
950164,5
950165,4
950166,4
950167,4
950168,1
950169,4
950170,4
950171,5
950172,4
950173,1
950174,4
950175,4
950176,4
950177,1
950178,4
950179,4
950180,1
950181,4
950182,4
950183,4
950184,1
950185,4
950186,4
950187,4
950188,4
950189,4
950190,4
950191,4
950192,4
950193,4
950194,4
950195,4
950196,1
950197,4
950198,4
950199,4
950200,1
950201,4
950202,4
950203,4
950204,4
950205,1
950206,4
950207,4
950208,4
950209,4
950210,4
950211,1
950212,4
950213,1
950214,4
950215,4
950216,1
950217,3
950218,4
950219,4
950220,4
950221,4
950222,4
950223,4
950224,4
950225,4
950226,4
950227,4
950228,4
950229,4
950230,4
950231,4
950232,4
950233,4
950234,4
950235,4
950236,1
950237,4
950238,4
950239,4
950240,4
950241,4
950242,4
950243,4
950244,4
950245,4
950246,1
950247,1
950248,4
950249,4
950250,4
950251,4
950252,4
950253,4
950254,4
950255,4
950256,4
950257,4
950258,4
950259,4
950260,4
950261,4
950262,1
950263,4
950264,4
950265,4
950266,4
950267,4
950268,1
950269,4
950270,4
950271,4
950272,4
950273,4
950274,4
950275,4
950276,4
950277,4
950278,4
950279,4
950280,4
950281,1
950282,1
950283,4
950284,4
950285,4
950286,4
950287,4
950288,4
950289,1
950290,4
950291,4
950292,4
950293,1
950294,4
950295,4
950296,1
950297,4
950298,1
950299,1
950300,4
950301,4
950302,4
950303,4
950304,4
950305,4
950306,4
950307,4
950308,4
950309,4
950310,4
950311,4
950312,4
950313,4
950314,4
950315,4
950316,4
950317,4
950318,4
950319,4
950320,4
950321,4
950322,4
950323,4
950324,1
950325,1
950326,4
950327,1
950328,4
950329,4
950330,1
950331,4
950332,4
950333,4
950334,4
950335,4
950336,4
950337,4
950338,4
950339,1
950340,4
950341,4
950342,4
950343,4
950344,1
950345,4
950346,4
950347,4
950348,4
950349,4
950350,1
950351,4
950352,4
950353,4
950354,4
950355,4
950356,4
950357,4
950358,4
950359,4
950360,4
950361,4
950362,4
950363,1
950364,4
950365,4
950366,1
950367,4
950368,5
950369,4
950370,4
950371,5
950372,4
950373,4
950374,4
950375,4
950376,4
950377,5
950378,4
950379,4
950380,4
950381,4
950382,4
950383,4
950384,4
950385,4
950386,4
950387,4
950388,4
950389,4
950390,5
950391,4
950392,4
950393,4
950394,1
950395,4
950396,5
950397,4
950398,4
950399,1
950400,4
950401,4
950402,4
950403,4
950404,4
950405,4
950406,4
950407,1
950408,4
950409,4
950410,4
950411,4
950412,4
950413,4
950414,4
950415,4
950416,4
950417,4
950418,4
950419,4
950420,4
950421,4
950422,4
950423,4
950424,1
950425,4
950426,4
950427,5
950428,1
950429,4
950430,4
950431,5
950432,4
950433,4
950434,1
950435,4
950436,4
950437,4
950438,5
950439,5
950440,4
950441,5
950442,5
950443,5
950444,5
950445,4
950446,5
950447,4
950448,4
950449,4
950450,4
950451,4
950452,4
950453,5
950454,4
950455,4
950456,5
950457,4
950458,4
950459,4
950460,5
950461,5
950462,4
950463,4
950464,5
950465,4
950466,5
950467,5
950468,4
950469,4
950470,1
950471,1
950472,5
950473,4
950474,4
950475,5
950476,4
950477,5
950478,1
950479,4
950480,5
950481,4
950482,4
950483,4
950484,1
950485,4
950486,4
950487,4
950488,4
950489,4
950490,4
950491,1
950492,4
950493,4
950494,4
950495,4
950496,4
950497,4
950498,4
950499,4
950500,4
950501,4
950502,4
950503,1
950504,4
950505,4
950506,4
950507,4
950508,1
950509,4
950510,4
950511,4
950512,4
950513,4
950514,4
950515,1
950516,1
950517,4
950518,1
950519,4
950520,4
950521,4
950522,4
950523,4
950524,4
950525,4
950526,4
950527,4
950528,4
950529,4
950530,4
950531,4
950532,4
950533,4
950534,4
950535,4
950536,5
950537,1
950538,4
950539,4
950540,1
950541,4
950542,4
950543,4
950544,1
950545,4
950546,4
950547,4
950548,4
950549,1
950550,4
950551,4
950552,4
950553,1
950554,1
950555,1
950556,4
950557,4
950558,4
950559,1
950560,4
950561,4
950562,1
950563,1
950564,4
950565,4
950566,4
950567,5
950568,1
950569,4
950570,4
950571,4
950572,4
950573,4
950574,4
950575,4
950576,4
950577,4
950578,4
950579,4
950580,4
950581,4
950582,4
950583,4
950584,4
950585,4
950586,4
950587,4
950588,4
950589,4
950590,4
950591,4
950592,4
950593,4
950594,1
950595,4
950596,4
950597,4
950598,4
950599,4
950600,4
950601,4
950602,4
950603,4
950604,4
950605,4
950606,4
950607,4
950608,4
950609,4
950610,5
950611,4
950612,4
950613,4
950614,4
950615,4
950616,4
950617,4
950618,4
950619,4
950620,4
950621,4
950622,4
950623,4
950624,4
950625,4
950626,4
950627,4
950628,4
950629,4
950630,4
950631,4
950632,4
950633,4
950634,4
950635,4
950636,4
950637,4
950638,4
950639,4
950640,4
950641,4
950642,1
950643,4
950644,1
950645,4
950646,4
950647,4
950648,4
950649,4
950650,4
950651,4
950652,4
950653,4
950654,1
950655,4
950656,4
950657,4
950658,4
950659,4
950660,4
950661,1
950662,4
950663,4
950664,1
950665,4
950666,4
950667,4
950668,4
950669,4
950670,1
950671,4
950672,1
950673,4
950674,4
950675,4
950676,4
950677,4
950678,4
950679,4
950680,4
950681,4
950682,4
950683,4
950684,4
950685,4
950686,4
950687,4
950688,4
950689,4
950690,4
950691,1
950692,4
950693,4
950694,4
950695,4
950696,4
950697,1
950698,4
950699,4
950700,4
950701,4
950702,4
950703,4
950704,4
950705,4
950706,4
950707,4
950708,5
950709,4
950710,4
950711,4
950712,4
950713,4
950714,4
950715,4
950716,4
950717,4
950718,4
950719,1
950720,4
950721,4
950722,4
950723,4
950724,4
950725,4
950726,4
950727,4
950728,4
950729,4
950730,1
950731,1
950732,4
950733,4
950734,4
950735,4
950736,4
950737,1
950738,4
950739,4
950740,4
950741,4
950742,4
950743,4
950744,1
950745,4
950746,4
950747,1
950748,4
950749,4
950750,4
950751,4
950752,4
950753,4
950754,4
950755,4
950756,4
950757,4
950758,4
950759,4
950760,4
950761,4
950762,4
950763,1
950764,4
950765,4
950766,4
950767,1
950768,4
950769,4
950770,4
950771,4
950772,4
950773,4
950774,4
950775,4
950776,1
950777,4
950778,4
950779,4
950780,5
950781,5
950782,4
950783,5
950784,4
950785,5
950786,5
950787,4
950788,4
950789,5
950790,4
950791,4
950792,4
950793,4
950794,4
950795,5
950796,4
950797,4
950798,4
950799,1
950800,4
950801,4
950802,4
950803,4
950804,4
950805,5
950806,4
950807,1
950808,5
950809,4
950810,4
950811,4
950812,5
950813,4
950814,5
950815,1
950816,4
950817,4
950818,4
950819,4
950820,4
950821,4
950822,4
950823,4
950824,4
950825,4
950826,4
950827,4
950828,4
950829,4
950830,4
950831,1
950832,4
950833,4
950834,4
950835,4
950836,4
950837,4
950838,4
950839,4
950840,4
950841,1
950842,4
950843,4
950844,4
950845,4
950846,4
950847,4
950848,4
950849,4
950850,4
950851,4
950852,4
950853,1
950854,1
950855,4
950856,4
950857,4
950858,4
950859,4
950860,4
950861,4
950862,4
950863,4
950864,4
950865,1
950866,4
950867,4
950868,4
950869,1
950870,4
950871,4
950872,1
950873,4
950874,4
950875,4
950876,4
950877,4
950878,4
950879,4
950880,4
950881,1
950882,4
950883,4
950884,4
950885,4
950886,4
950887,5
950888,4
950889,4
950890,5
950891,4
950892,4
950893,4
950894,5
950895,4
950896,4
950897,4
950898,5
950899,4
950900,4
950901,4
950902,4
950903,4
950904,4
950905,4
950906,4
950907,4
950908,4
950909,4
950910,4
950911,4
950912,4
950913,4
950914,4
950915,4
950916,4
950917,4
950918,4
950919,4
950920,4
950921,4
950922,4
950923,4
950924,4
950925,4
950926,1
950927,4
950928,4
950929,1
950930,4
950931,4
950932,5
950933,4
950934,4
950935,4
950936,4
950937,4
950938,4
950939,5
950940,4
950941,4
950942,4
950943,4
950944,4
950945,4
950946,4
950947,4
950948,1
950949,4
950950,4
950951,4
950952,4
950953,4
950954,1
950955,4
950956,4
950957,4
950958,4
950959,1
950960,4
950961,4
950962,4
950963,4
950964,4
950965,4
950966,4
950967,4
950968,4
950969,4
950970,4
950971,4
950972,4
950973,4
950974,1
950975,4
950976,4
950977,4
950978,5
950979,4
950980,4
950981,4
950982,1
950983,1
950984,4
950985,4
950986,4
950987,4
950988,4
950989,4
950990,4
950991,4
950992,4
950993,4
950994,4
950995,4
950996,4
950997,4
950998,4
950999,4
951000,1
951001,1
951002,4
951003,4
951004,4
951005,4
951006,4
951007,4
951008,4
951009,4
951010,4
951011,4
951012,4
951013,4
951014,5
951015,4
951016,4
951017,1
951018,4
951019,4
951020,4
951021,4
951022,4
951023,4
951024,4
951025,4
951026,4
951027,4
951028,1
951029,4
951030,4
951031,4
951032,4
951033,4
951034,4
951035,4
951036,3
951037,4
951038,3
951039,3
951040,4
951041,4
951042,4
951043,4
951044,4
951045,1
951046,3
951047,3
951048,4
951049,4
951050,4
951051,4
951052,4
951053,4
951054,4
951055,4
951056,5
951057,4
951058,4
951059,1
951060,4
951061,5
951062,4
951063,4
951064,4
951065,1
951066,4
951067,4
951068,4
951069,4
951070,4
951071,4
951072,5
951073,4
951074,1
951075,4
951076,1
951077,4
951078,5
951079,4
951080,4
951081,4
951082,5
951083,4
951084,4
951085,4
951086,4
951087,4
951088,4
951089,4
951090,4
951091,1
951092,1
951093,4
951094,5
951095,4
951096,4
951097,4
951098,4
951099,5
951100,4
951101,4
951102,5
951103,4
951104,1
951105,4
951106,4
951107,4
951108,4
951109,4
951110,4
951111,4
951112,4
951113,4
951114,1
951115,4
951116,5
951117,4
951118,1
951119,4
951120,4
951121,4
951122,4
951123,4
951124,4
951125,5
951126,4
951127,4
951128,4
951129,4
951130,4
951131,4
951132,4
951133,4
951134,5
951135,5
951136,4
951137,5
951138,4
951139,1
951140,4
951141,4
951142,1
951143,4
951144,4
951145,4
951146,4
951147,4
951148,4
951149,4
951150,4
951151,1
951152,4
951153,4
951154,4
951155,4
951156,1
951157,4
951158,4
951159,4
951160,4
951161,4
951162,4
951163,4
951164,4
951165,4
951166,4
951167,4
951168,4
951169,4
951170,4
951171,5
951172,4
951173,4
951174,4
951175,1
951176,4
951177,4
951178,4
951179,4
951180,4
951181,4
951182,4
951183,4
951184,5
951185,4
951186,4
951187,5
951188,4
951189,4
951190,5
951191,4
951192,4
951193,4
951194,4
951195,4
951196,4
951197,4
951198,4
951199,5
951200,4
951201,4
951202,1
951203,4
951204,4
951205,4
951206,4
951207,4
951208,4
951209,4
951210,4
951211,4
951212,4
951213,4
951214,1
951215,4
951216,4
951217,4
951218,4
951219,1
951220,4
951221,4
951222,4
951223,4
951224,4
951225,4
951226,4
951227,4
951228,4
951229,4
951230,4
951231,4
951232,4
951233,4
951234,4
951235,4
951236,4
951237,4
951238,1
951239,4
951240,4
951241,5
951242,4
951243,4
951244,4
951245,4
951246,3
951247,1
951248,4
951249,4
951250,5
951251,1
951252,4
951253,4
951254,4
951255,4
951256,5
951257,1
951258,5
951259,4
951260,4
951261,5
951262,1
951263,1
951264,4
951265,5
951266,3
951267,4
951268,4
951269,4
951270,5
951271,4
951272,4
951273,5
951274,4
951275,3
951276,4
951277,4
951278,4
951279,4
951280,4
951281,4
951282,4
951283,4
951284,5
951285,4
951286,1
951287,4
951288,5
951289,4
951290,5
951291,4
951292,4
951293,4
951294,4
951295,4
951296,4
951297,4
951298,4
951299,4
951300,1
951301,4
951302,4
951303,4
951304,4
951305,4
951306,4
951307,4
951308,4
951309,4
951310,4
951311,4
951312,1
951313,1
951314,4
951315,4
951316,4
951317,4
951318,4
951319,4
951320,4
951321,1
951322,4
951323,4
951324,3
951325,3
951326,3
951327,4
951328,4
951329,4
951330,4
951331,4
951332,1
951333,4
951334,4
951335,4
951336,4
951337,4
951338,4
951339,4
951340,4
951341,1
951342,4
951343,4
951344,4
951345,4
951346,3
951347,4
951348,4
951349,5
951350,1
951351,4
951352,4
951353,4
951354,4
951355,4
951356,4
951357,4
951358,4
951359,4
951360,4
951361,4
951362,5
951363,5
951364,4
951365,3
951366,1
951367,1
951368,5
951369,4
951370,4
951371,4
951372,4
951373,4
951374,4
951375,4
951376,5
951377,4
951378,4
951379,4
951380,4
951381,4
951382,5
951383,4
951384,1
951385,4
951386,4
951387,4
951388,4
951389,4
951390,4
951391,4
951392,1
951393,1
951394,4
951395,4
951396,4
951397,4
951398,4
951399,4
951400,1
951401,4
951402,4
951403,4
951404,4
951405,5
951406,5
951407,4
951408,4
951409,4
951410,4
951411,4
951412,4
951413,4
951414,4
951415,4
951416,4
951417,4
951418,4
951419,4
951420,4
951421,4
951422,4
951423,1
951424,4
951425,4
951426,4
951427,4
951428,4
951429,1
951430,4
951431,4
951432,4
951433,4
951434,4
951435,4
951436,4
951437,4
951438,1
951439,4
951440,4
951441,4
951442,4
951443,1
951444,1
951445,4
951446,4
951447,4
951448,4
951449,4
951450,4
951451,4
951452,1
951453,4
951454,4
951455,4
951456,4
951457,1
951458,5
951459,4
951460,4
951461,4
951462,4
951463,1
951464,4
951465,5
951466,4
951467,4
951468,4
951469,4
951470,4
951471,1
951472,4
951473,5
951474,4
951475,4
951476,4
951477,5
951478,1
951479,4
951480,4
951481,4
951482,4
951483,4
951484,4
951485,4
951486,4
951487,4
951488,4
951489,4
951490,1
951491,4
951492,4
951493,4
951494,4
951495,4
951496,4
951497,4
951498,4
951499,3
951500,4
951501,4
951502,1
951503,4
951504,5
951505,4
951506,3
951507,5
951508,4
951509,5
951510,3
951511,5
951512,4
951513,4
951514,1
951515,4
951516,3
951517,3
951518,3
951519,4
951520,4
951521,1
951522,3
951523,3
951524,4
951525,4
951526,5
951527,3
951528,4
951529,4
951530,3
951531,4
951532,4
951533,3
951534,4
951535,4
951536,4
951537,3
951538,4
951539,4
951540,4
951541,4
951542,3
951543,4
951544,4
951545,5
951546,3
951547,4
951548,1
951549,3
951550,4
951551,4
951552,4
951553,5
951554,5
951555,4
951556,3
951557,3
951558,3
951559,4
951560,4
951561,5
951562,4
951563,3
951564,3
951565,4
951566,5
951567,3
951568,4
951569,1
951570,4
951571,4
951572,4
951573,1
951574,4
951575,4
951576,4
951577,4
951578,4
951579,4
951580,4
951581,4
951582,4
951583,4
951584,4
951585,4
951586,4
951587,4
951588,1
951589,1
951590,4
951591,4
951592,1
951593,3
951594,4
951595,1
951596,4
951597,4
951598,4
951599,4
951600,4
951601,4
951602,4
951603,4
951604,4
951605,4
951606,3
951607,4
951608,4
951609,4
951610,4
951611,4
951612,4
951613,5
951614,4
951615,5
951616,4
951617,4
951618,4
951619,5
951620,1
951621,5
951622,5
951623,4
951624,1
951625,5
951626,1
951627,4
951628,4
951629,1
951630,4
951631,4
951632,4
951633,4
951634,4
951635,5
951636,4
951637,5
951638,4
951639,4
951640,4
951641,4
951642,4
951643,4
951644,4
951645,4
951646,4
951647,4
951648,4
951649,5
951650,4
951651,4
951652,3
951653,4
951654,4
951655,4
951656,4
951657,4
951658,4
951659,1
951660,4
951661,4
951662,4
951663,4
951664,4
951665,3
951666,4
951667,4
951668,4
951669,4
951670,3
951671,4
951672,4
951673,4
951674,4
951675,4
951676,4
951677,4
951678,1
951679,4
951680,4
951681,4
951682,5
951683,4
951684,4
951685,5
951686,4
951687,4
951688,4
951689,1
951690,4
951691,4
951692,4
951693,4
951694,1
951695,4
951696,4
951697,4
951698,1
951699,4
951700,4
951701,5
951702,4
951703,4
951704,4
951705,4
951706,4
951707,3
951708,4
951709,4
951710,5
951711,4
951712,5
951713,1
951714,4
951715,4
951716,4
951717,4
951718,4
951719,5
951720,5
951721,4
951722,3
951723,4
951724,4
951725,1
951726,4
951727,3
951728,4
951729,4
951730,3
951731,4
951732,5
951733,1
951734,5
951735,4
951736,4
951737,1
951738,5
951739,1
951740,4
951741,4
951742,4
951743,1
951744,4
951745,4
951746,4
951747,4
951748,4
951749,5
951750,4
951751,1
951752,4
951753,4
951754,1
951755,4
951756,3
951757,4
951758,4
951759,1
951760,4
951761,4
951762,5
951763,4
951764,4
951765,4
951766,4
951767,5
951768,1
951769,4
951770,4
951771,5
951772,4
951773,5
951774,4
951775,4
951776,4
951777,4
951778,4
951779,4
951780,3
951781,4
951782,4
951783,4
951784,4
951785,1
951786,4
951787,4
951788,4
951789,4
951790,4
951791,4
951792,4
951793,4
951794,4
951795,4
951796,4
951797,1
951798,1
951799,4
951800,4
951801,4
951802,4
951803,5
951804,4
951805,4
951806,4
951807,4
951808,4
951809,1
951810,4
951811,4
951812,4
951813,4
951814,1
951815,4
951816,4
951817,4
951818,4
951819,4
951820,4
951821,4
951822,5
951823,4
951824,4
951825,4
951826,4
951827,4
951828,4
951829,4
951830,4
951831,4
951832,4
951833,4
951834,1
951835,4
951836,4
951837,1
951838,4
951839,1
951840,4
951841,4
951842,1
951843,4
951844,4
951845,4
951846,4
951847,4
951848,4
951849,1
951850,4
951851,4
951852,4
951853,4
951854,4
951855,4
951856,1
951857,5
951858,4
951859,5
951860,4
951861,1
951862,4
951863,4
951864,4
951865,4
951866,4
951867,4
951868,4
951869,1
951870,4
951871,4
951872,1
951873,5
951874,4
951875,4
951876,5
951877,4
951878,1
951879,4
951880,5
951881,4
951882,4
951883,4
951884,4
951885,5
951886,4
951887,4
951888,4
951889,4
951890,1
951891,3
951892,4
951893,5
951894,4
951895,5
951896,4
951897,4
951898,4
951899,4
951900,4
951901,4
951902,4
951903,5
951904,4
951905,4
951906,4
951907,4
951908,4
951909,4
951910,1
951911,1
951912,4
951913,4
951914,4
951915,4
951916,4
951917,4
951918,5
951919,5
951920,4
951921,5
951922,1
951923,4
951924,4
951925,4
951926,4
951927,4
951928,4
951929,4
951930,1
951931,4
951932,4
951933,4
951934,4
951935,1
951936,4
951937,4
951938,4
951939,4
951940,4
951941,1
951942,4
951943,4
951944,4
951945,4
951946,4
951947,4
951948,4
951949,4
951950,4
951951,4
951952,1
951953,4
951954,4
951955,4
951956,4
951957,1
951958,4
951959,4
951960,4
951961,1
951962,4
951963,4
951964,4
951965,4
951966,1
951967,4
951968,4
951969,4
951970,4
951971,4
951972,4
951973,4
951974,4
951975,4
951976,4
951977,4
951978,4
951979,1
951980,4
951981,4
951982,1
951983,4
951984,4
951985,4
951986,4
951987,5
951988,4
951989,4
951990,4
951991,1
951992,4
951993,4
951994,4
951995,1
951996,4
951997,4
951998,5
951999,4
952000,4
952001,4
952002,4
952003,1
952004,4
952005,4
952006,4
952007,4
952008,5
952009,4
952010,4
952011,5
952012,5
952013,5
952014,4
952015,4
952016,4
952017,5
952018,5
952019,4
952020,4
952021,5
952022,4
952023,4
952024,4
952025,4
952026,4
952027,5
952028,5
952029,4
952030,4
952031,4
952032,4
952033,5
952034,4
952035,4
952036,4
952037,4
952038,4
952039,4
952040,5
952041,4
952042,1
952043,4
952044,4
952045,4
952046,4
952047,4
952048,5
952049,4
952050,4
952051,4
952052,4
952053,4
952054,4
952055,4
952056,4
952057,4
952058,4
952059,5
952060,1
952061,4
952062,4
952063,4
952064,4
952065,5
952066,4
952067,5
952068,1
952069,4
952070,4
952071,4
952072,5
952073,5
952074,4
952075,4
952076,1
952077,4
952078,4
952079,5
952080,4
952081,1
952082,4
952083,4
952084,4
952085,1
952086,4
952087,4
952088,4
952089,4
952090,4
952091,4
952092,4
952093,4
952094,5
952095,1
952096,4
952097,4
952098,5
952099,4
952100,4
952101,5
952102,4
952103,5
952104,4
952105,4
952106,4
952107,4
952108,4
952109,4
952110,4
952111,1
952112,4
952113,4
952114,5
952115,4
952116,4
952117,4
952118,4
952119,4
952120,4
952121,4
952122,4
952123,4
952124,1
952125,1
952126,4
952127,1
952128,4
952129,4
952130,1
952131,4
952132,4
952133,4
952134,5
952135,5
952136,4
952137,4
952138,3
952139,4
952140,4
952141,1
952142,4
952143,4
952144,4
952145,4
952146,4
952147,4
952148,4
952149,4
952150,4
952151,4
952152,4
952153,4
952154,4
952155,4
952156,4
952157,4
952158,4
952159,4
952160,4
952161,4
952162,4
952163,4
952164,1
952165,4
952166,4
952167,4
952168,5
952169,4
952170,4
952171,4
952172,4
952173,1
952174,4
952175,4
952176,4
952177,4
952178,5
952179,4
952180,4
952181,4
952182,4
952183,1
952184,4
952185,4
952186,5
952187,4
952188,4
952189,1
952190,1
952191,4
952192,4
952193,5
952194,4
952195,4
952196,4
952197,4
952198,4
952199,4
952200,4
952201,4
952202,4
952203,4
952204,4
952205,4
952206,4
952207,4
952208,4
952209,4
952210,4
952211,4
952212,4
952213,4
952214,4
952215,4
952216,1
952217,4
952218,4
952219,4
952220,4
952221,1
952222,4
952223,4
952224,4
952225,4
952226,3
952227,1
952228,4
952229,3
952230,1
952231,4
952232,4
952233,4
952234,4
952235,4
952236,1
952237,4
952238,4
952239,4
952240,3
952241,4
952242,3
952243,4
952244,4
952245,4
952246,4
952247,5
952248,4
952249,4
952250,1
952251,4
952252,1
952253,4
952254,4
952255,1
952256,4
952257,4
952258,4
952259,4
952260,4
952261,4
952262,4
952263,5
952264,4
952265,4
952266,4
952267,4
952268,4
952269,4
952270,4
952271,4
952272,4
952273,4
952274,4
952275,4
952276,4
952277,1
952278,4
952279,4
952280,4
952281,4
952282,3
952283,1
952284,1
952285,4
952286,4
952287,4
952288,4
952289,3
952290,4
952291,4
952292,4
952293,4
952294,4
952295,4
952296,4
952297,4
952298,4
952299,3
952300,4
952301,4
952302,4
952303,4
952304,4
952305,4
952306,5
952307,4
952308,3
952309,4
952310,4
952311,5
952312,4
952313,4
952314,4
952315,4
952316,4
952317,4
952318,4
952319,5
952320,4
952321,4
952322,4
952323,4
952324,1
952325,4
952326,4
952327,3
952328,1
952329,4
952330,1
952331,4
952332,4
952333,4
952334,4
952335,4
952336,4
952337,1
952338,1
952339,4
952340,4
952341,5
952342,4
952343,1
952344,5
952345,4
952346,4
952347,4
952348,1
952349,4
952350,4
952351,4
952352,1
952353,4
952354,4
952355,5
952356,4
952357,4
952358,4
952359,3
952360,4
952361,4
952362,4
952363,4
952364,4
952365,4
952366,4
952367,4
952368,4
952369,4
952370,4
952371,4
952372,3
952373,4
952374,4
952375,5
952376,1
952377,4
952378,4
952379,4
952380,4
952381,4
952382,4
952383,4
952384,4
952385,4
952386,4
952387,4
952388,4
952389,4
952390,4
952391,4
952392,4
952393,4
952394,4
952395,4
952396,4
952397,5
952398,4
952399,4
952400,4
952401,4
952402,4
952403,4
952404,4
952405,4
952406,4
952407,4
952408,4
952409,4
952410,4
952411,5
952412,4
952413,4
952414,4
952415,1
952416,4
952417,4
952418,4
952419,4
952420,5
952421,4
952422,4
952423,5
952424,5
952425,1
952426,4
952427,4
952428,1
952429,4
952430,4
952431,4
952432,1
952433,4
952434,4
952435,4
952436,4
952437,5
952438,4
952439,1
952440,4
952441,4
952442,5
952443,4
952444,4
952445,4
952446,4
952447,4
952448,4
952449,4
952450,4
952451,1
952452,4
952453,4
952454,4
952455,4
952456,4
952457,4
952458,4
952459,4
952460,1
952461,4
952462,4
952463,4
952464,4
952465,4
952466,4
952467,4
952468,4
952469,4
952470,4
952471,4
952472,4
952473,4
952474,4
952475,5
952476,5
952477,4
952478,4
952479,5
952480,4
952481,1
952482,4
952483,4
952484,4
952485,4
952486,4
952487,5
952488,5
952489,1
952490,4
952491,4
952492,5
952493,4
952494,4
952495,5
952496,4
952497,1
952498,4
952499,4
952500,4
952501,4
952502,4
952503,1
952504,4
952505,5
952506,4
952507,4
952508,5
952509,4
952510,4
952511,4
952512,1
952513,1
952514,4
952515,4
952516,4
952517,4
952518,4
952519,4
952520,4
952521,4
952522,4
952523,4
952524,4
952525,4
952526,4
952527,4
952528,4
952529,4
952530,4
952531,4
952532,4
952533,4
952534,4
952535,4
952536,4
952537,4
952538,1
952539,5
952540,4
952541,4
952542,4
952543,4
952544,4
952545,1
952546,4
952547,4
952548,4
952549,4
952550,4
952551,4
952552,5
