922553,4
922554,4
922555,4
922556,1
922557,5
922558,4
922559,4
922560,5
922561,4
922562,5
922563,4
922564,4
922565,4
922566,4
922567,4
922568,5
922569,4
922570,4
922571,4
922572,4
922573,5
922574,4
922575,4
922576,4
922577,4
922578,4
922579,4
922580,4
922581,4
922582,4
922583,1
922584,5
922585,5
922586,4
922587,4
922588,4
922589,4
922590,4
922591,4
922592,4
922593,4
922594,4
922595,4
922596,1
922597,4
922598,4
922599,4
922600,4
922601,4
922602,4
922603,4
922604,4
922605,1
922606,5
922607,4
922608,4
922609,4
922610,4
922611,4
922612,4
922613,4
922614,4
922615,5
922616,5
922617,5
922618,4
922619,4
922620,4
922621,4
922622,4
922623,4
922624,5
922625,4
922626,4
922627,5
922628,1
922629,5
922630,1
922631,4
922632,4
922633,1
922634,4
922635,5
922636,4
922637,4
922638,4
922639,4
922640,4
922641,5
922642,4
922643,4
922644,4
922645,4
922646,4
922647,5
922648,4
922649,4
922650,4
922651,4
922652,4
922653,4
922654,4
922655,1
922656,4
922657,4
922658,4
922659,4
922660,4
922661,4
922662,4
922663,4
922664,4
922665,1
922666,4
922667,4
922668,4
922669,1
922670,4
922671,4
922672,4
922673,4
922674,4
922675,1
922676,4
922677,1
922678,3
922679,4
922680,1
922681,4
922682,4
922683,4
922684,4
922685,4
922686,1
922687,4
922688,1
922689,4
922690,4
922691,1
922692,1
922693,4
922694,4
922695,4
922696,4
922697,4
922698,4
922699,4
922700,4
922701,4
922702,4
922703,1
922704,4
922705,1
922706,4
922707,4
922708,1
922709,4
922710,4
922711,4
922712,4
922713,4
922714,4
922715,4
922716,4
922717,4
922718,4
922719,4
922720,4
922721,4
922722,4
922723,4
922724,4
922725,3
922726,4
922727,4
922728,4
922729,1
922730,1
922731,4
922732,1
922733,4
922734,4
922735,4
922736,4
922737,4
922738,4
922739,4
922740,4
922741,4
922742,4
922743,4
922744,4
922745,4
922746,4
922747,4
922748,4
922749,4
922750,4
922751,4
922752,4
922753,3
922754,3
922755,1
922756,4
922757,4
922758,4
922759,4
922760,1
922761,4
922762,1
922763,4
922764,4
922765,4
922766,4
922767,4
922768,4
922769,4
922770,4
922771,4
922772,4
922773,1
922774,4
922775,4
922776,1
922777,4
922778,4
922779,4
922780,1
922781,1
922782,4
922783,4
922784,1
922785,1
922786,4
922787,4
922788,4
922789,4
922790,4
922791,4
922792,4
922793,4
922794,4
922795,4
922796,4
922797,4
922798,4
922799,4
922800,4
922801,4
922802,4
922803,4
922804,4
922805,4
922806,4
922807,4
922808,4
922809,4
922810,4
922811,1
922812,4
922813,4
922814,4
922815,4
922816,4
922817,4
922818,4
922819,1
922820,4
922821,4
922822,4
922823,4
922824,4
922825,1
922826,4
922827,1
922828,4
922829,4
922830,4
922831,1
922832,1
922833,4
922834,4
922835,4
922836,4
922837,4
922838,4
922839,4
922840,4
922841,4
922842,4
922843,4
922844,4
922845,4
922846,4
922847,3
922848,4
922849,1
922850,4
922851,4
922852,4
922853,1
922854,4
922855,4
922856,4
922857,4
922858,4
922859,4
922860,4
922861,5
922862,4
922863,5
922864,4
922865,4
922866,4
922867,1
922868,4
922869,4
922870,4
922871,4
922872,1
922873,4
922874,4
922875,4
922876,4
922877,4
922878,1
922879,4
922880,1
922881,4
922882,4
922883,4
922884,4
922885,4
922886,4
922887,5
922888,1
922889,4
922890,4
922891,5
922892,4
922893,4
922894,4
922895,4
922896,4
922897,4
922898,4
922899,4
922900,5
922901,4
922902,4
922903,4
922904,4
922905,4
922906,4
922907,4
922908,4
922909,4
922910,4
922911,4
922912,4
922913,4
922914,4
922915,5
922916,4
922917,4
922918,4
922919,4
922920,4
922921,4
922922,4
922923,4
922924,4
922925,4
922926,4
922927,4
922928,4
922929,4
922930,4
922931,4
922932,4
922933,4
922934,4
922935,4
922936,4
922937,1
922938,4
922939,4
922940,4
922941,4
922942,4
922943,4
922944,4
922945,1
922946,4
922947,4
922948,4
922949,4
922950,5
922951,4
922952,4
922953,4
922954,4
922955,5
922956,4
922957,4
922958,4
922959,1
922960,4
922961,4
922962,4
922963,1
922964,4
922965,4
922966,4
922967,4
922968,1
922969,4
922970,4
922971,4
922972,5
922973,4
922974,4
922975,4
922976,4
922977,4
922978,4
922979,4
922980,4
922981,4
922982,4
922983,4
922984,1
922985,1
922986,4
922987,4
922988,1
922989,1
922990,4
922991,4
922992,4
922993,4
922994,4
922995,4
922996,4
922997,4
922998,4
922999,1
923000,4
923001,4
923002,4
923003,4
923004,4
923005,1
923006,4
923007,1
923008,4
923009,4
923010,4
923011,4
923012,4
923013,4
923014,4
923015,4
923016,4
923017,4
923018,4
923019,4
923020,4
923021,4
923022,4
923023,4
923024,4
923025,4
923026,1
923027,4
923028,4
923029,1
923030,4
923031,4
923032,4
923033,4
923034,4
923035,4
923036,4
923037,4
923038,1
923039,4
923040,4
923041,4
923042,1
923043,4
923044,4
923045,1
923046,4
923047,1
923048,4
923049,4
923050,4
923051,4
923052,4
923053,4
923054,4
923055,4
923056,4
923057,4
923058,4
923059,1
923060,4
923061,1
923062,4
923063,1
923064,4
923065,4
923066,4
923067,4
923068,4
923069,4
923070,4
923071,4
923072,4
923073,4
923074,1
923075,4
923076,4
923077,4
923078,4
923079,4
923080,4
923081,4
923082,4
923083,4
923084,1
923085,1
923086,4
923087,4
923088,4
923089,4
923090,4
923091,4
923092,4
923093,4
923094,4
923095,4
923096,4
923097,4
923098,4
923099,1
923100,4
923101,4
923102,4
923103,4
923104,4
923105,4
923106,4
923107,4
923108,4
923109,1
923110,1
923111,4
923112,1
923113,4
923114,4
923115,4
923116,4
923117,4
923118,1
923119,4
923120,4
923121,4
923122,4
923123,4
923124,4
923125,5
923126,5
923127,5
923128,5
923129,4
923130,4
923131,4
923132,5
923133,4
923134,4
923135,4
923136,5
923137,4
923138,1
923139,4
923140,4
923141,4
923142,4
923143,1
923144,4
923145,4
923146,4
923147,1
923148,4
923149,1
923150,4
923151,4
923152,4
923153,1
923154,4
923155,4
923156,4
923157,4
923158,4
923159,4
923160,4
923161,4
923162,4
923163,4
923164,1
923165,4
923166,4
923167,4
923168,4
923169,4
923170,4
923171,5
923172,4
923173,4
923174,4
923175,4
923176,4
923177,4
923178,4
923179,4
923180,1
923181,4
923182,4
923183,4
923184,4
923185,4
923186,4
923187,4
923188,4
923189,4
923190,4
923191,4
923192,1
923193,4
923194,1
923195,4
923196,4
923197,4
923198,4
923199,4
923200,4
923201,4
923202,1
923203,4
923204,1
923205,4
923206,4
923207,4
923208,4
923209,4
923210,4
923211,4
923212,4
923213,4
923214,4
923215,4
923216,4
923217,4
923218,4
923219,4
923220,1
923221,4
923222,4
923223,4
923224,1
923225,4
923226,1
923227,4
923228,5
923229,4
923230,4
923231,1
923232,4
923233,4
923234,4
923235,4
923236,4
923237,4
923238,4
923239,4
923240,4
923241,4
923242,4
923243,4
923244,4
923245,4
923246,4
923247,4
923248,4
923249,4
923250,4
923251,4
923252,4
923253,4
923254,4
923255,4
923256,4
923257,4
923258,1
923259,4
923260,4
923261,4
923262,4
923263,4
923264,1
923265,4
923266,4
923267,4
923268,4
923269,4
923270,4
923271,4
923272,4
923273,4
923274,4
923275,4
923276,4
923277,4
923278,4
923279,4
923280,4
923281,4
923282,4
923283,4
923284,4
923285,5
923286,4
923287,4
923288,4
923289,5
923290,4
923291,4
923292,4
923293,4
923294,4
923295,4
923296,4
923297,4
923298,4
923299,4
923300,4
923301,4
923302,4
923303,4
923304,4
923305,4
923306,4
923307,4
923308,4
923309,4
923310,1
923311,4
923312,4
923313,4
923314,4
923315,4
923316,4
923317,4
923318,4
923319,4
923320,4
923321,4
923322,4
923323,4
923324,4
923325,4
923326,4
923327,4
923328,4
923329,4
923330,4
923331,4
923332,4
923333,4
923334,4
923335,4
923336,4
923337,4
923338,4
923339,4
923340,1
923341,4
923342,4
923343,4
923344,4
923345,4
923346,4
923347,4
923348,4
923349,4
923350,1
923351,4
923352,4
923353,4
923354,4
923355,4
923356,5
923357,4
923358,5
923359,5
923360,1
923361,4
923362,4
923363,4
923364,4
923365,4
923366,4
923367,5
923368,4
923369,4
923370,1
923371,5
923372,4
923373,1
923374,4
923375,4
923376,4
923377,4
923378,4
923379,4
923380,4
923381,4
923382,4
923383,4
923384,4
923385,4
923386,4
923387,4
923388,4
923389,4
923390,4
923391,4
923392,4
923393,4
923394,4
923395,4
923396,4
923397,4
923398,4
923399,4
923400,1
923401,4
923402,4
923403,1
923404,4
923405,4
923406,4
923407,4
923408,4
923409,4
923410,4
923411,4
923412,4
923413,4
923414,4
923415,1
923416,4
923417,4
923418,1
923419,4
923420,4
923421,4
923422,4
923423,4
923424,4
923425,4
923426,4
923427,4
923428,4
923429,4
923430,4
923431,4
923432,4
923433,4
923434,1
923435,1
923436,4
923437,4
923438,4
923439,4
923440,4
923441,4
923442,4
923443,1
923444,4
923445,1
923446,4
923447,4
923448,4
923449,4
923450,4
923451,4
923452,4
923453,4
923454,4
923455,4
923456,4
923457,1
923458,4
923459,4
923460,4
923461,4
923462,4
923463,4
923464,4
923465,1
923466,4
923467,4
923468,4
923469,1
923470,4
923471,4
923472,4
923473,4
923474,4
923475,4
923476,4
923477,4
923478,4
923479,4
923480,4
923481,4
923482,4
923483,4
923484,4
923485,4
923486,4
923487,4
923488,4
923489,1
923490,4
923491,1
923492,4
923493,1
923494,4
923495,4
923496,4
923497,1
923498,4
923499,4
923500,4
923501,1
923502,4
923503,4
923504,4
923505,4
923506,4
923507,4
923508,4
923509,1
923510,4
923511,4
923512,4
923513,4
923514,4
923515,4
923516,4
923517,1
923518,4
923519,4
923520,4
923521,4
923522,4
923523,4
923524,4
923525,4
923526,4
923527,4
923528,4
923529,1
923530,4
923531,1
923532,4
923533,4
923534,4
923535,4
923536,4
923537,1
923538,4
923539,4
923540,4
923541,4
923542,4
923543,4
923544,4
923545,4
923546,4
923547,4
923548,4
923549,4
923550,4
923551,4
923552,4
923553,4
923554,4
923555,4
923556,4
923557,4
923558,4
923559,4
923560,4
923561,4
923562,4
923563,1
923564,4
923565,4
923566,4
923567,1
923568,4
923569,1
923570,4
923571,4
923572,4
923573,4
923574,4
923575,4
923576,4
923577,1
923578,4
923579,4
923580,4
923581,4
923582,1
923583,4
923584,4
923585,4
923586,4
923587,4
923588,4
923589,4
923590,1
923591,4
923592,4
923593,4
923594,4
923595,4
923596,4
923597,4
923598,4
923599,4
923600,4
923601,4
923602,1
923603,1
923604,4
923605,4
923606,4
923607,4
923608,4
923609,4
923610,1
923611,4
923612,4
923613,4
923614,4
923615,4
923616,4
923617,4
923618,4
923619,4
923620,4
923621,4
923622,4
923623,4
923624,1
923625,4
923626,4
923627,4
923628,1
923629,4
923630,4
923631,3
923632,4
923633,3
923634,4
923635,3
923636,3
923637,5
923638,4
923639,5
923640,4
923641,3
923642,3
923643,3
923644,3
923645,4
923646,1
923647,1
923648,3
923649,3
923650,3
923651,3
923652,3
923653,1
923654,1
923655,3
923656,3
923657,4
923658,4
923659,4
923660,3
923661,4
923662,3
923663,3
923664,4
923665,1
923666,3
923667,3
923668,1
923669,3
923670,3
923671,3
923672,5
923673,4
923674,3
923675,3
923676,4
923677,1
923678,4
923679,3
923680,1
923681,3
923682,3
923683,3
923684,3
923685,3
923686,1
923687,3
923688,3
923689,3
923690,4
923691,3
923692,4
923693,4
923694,4
923695,4
923696,4
923697,4
923698,4
923699,4
923700,4
923701,4
923702,4
923703,4
923704,4
923705,1
923706,1
923707,4
923708,4
923709,4
923710,1
923711,4
923712,4
923713,1
923714,4
923715,4
923716,1
923717,4
923718,4
923719,1
923720,4
923721,4
923722,4
923723,1
923724,4
923725,4
923726,4
923727,4
923728,4
923729,1
923730,1
923731,4
923732,4
923733,1
923734,4
923735,4
923736,4
923737,1
923738,4
923739,4
923740,4
923741,4
923742,4
923743,4
923744,4
923745,4
923746,4
923747,4
923748,4
923749,1
923750,1
923751,1
923752,4
923753,4
923754,4
923755,4
923756,4
923757,4
923758,4
923759,4
923760,4
923761,1
923762,4
923763,4
923764,4
923765,4
923766,4
923767,4
923768,1
923769,4
923770,4
923771,4
923772,4
923773,1
923774,4
923775,4
923776,1
923777,4
923778,4
923779,4
923780,4
923781,4
923782,4
923783,4
923784,4
923785,4
923786,4
923787,4
923788,5
923789,4
923790,4
923791,4
923792,5
923793,4
923794,4
923795,4
923796,4
923797,4
923798,4
923799,4
923800,4
923801,4
923802,4
923803,4
923804,4
923805,4
923806,1
923807,4
923808,5
923809,4
923810,4
923811,1
923812,1
923813,4
923814,1
923815,4
923816,4
923817,4
923818,5
923819,5
923820,4
923821,4
923822,4
923823,4
923824,4
923825,4
923826,4
923827,4
923828,4
923829,4
923830,4
923831,4
923832,4
923833,4
923834,4
923835,4
923836,4
923837,4
923838,4
923839,4
923840,4
923841,4
923842,4
923843,4
923844,4
923845,4
923846,4
923847,4
923848,4
923849,5
923850,4
923851,1
923852,4
923853,1
923854,4
923855,1
923856,5
923857,4
923858,4
923859,4
923860,4
923861,4
923862,4
923863,4
923864,4
923865,4
923866,4
923867,4
923868,4
923869,4
923870,5
923871,4
923872,4
923873,4
923874,5
923875,4
923876,4
923877,4
923878,4
923879,4
923880,5
923881,4
923882,4
923883,5
923884,4
923885,4
923886,4
923887,4
923888,4
923889,4
923890,4
923891,4
923892,1
923893,4
923894,4
923895,4
923896,4
923897,4
923898,4
923899,4
923900,4
923901,4
923902,4
923903,4
923904,4
923905,4
923906,4
923907,4
923908,4
923909,4
923910,4
923911,4
923912,4
923913,1
923914,4
923915,4
923916,4
923917,4
923918,4
923919,4
923920,4
923921,4
923922,4
923923,4
923924,4
923925,1
923926,1
923927,4
923928,4
923929,4
923930,4
923931,4
923932,4
923933,4
923934,4
923935,4
923936,4
923937,4
923938,4
923939,5
923940,4
923941,4
923942,4
923943,4
923944,4
923945,4
923946,4
923947,4
923948,4
923949,4
923950,4
923951,4
923952,4
923953,4
923954,4
923955,4
923956,5
923957,3
923958,4
923959,4
923960,3
923961,4
923962,4
923963,4
923964,4
923965,4
923966,4
923967,1
923968,4
923969,4
923970,4
923971,4
923972,4
923973,4
923974,5
923975,4
923976,4
923977,4
923978,5
923979,4
923980,4
923981,4
923982,4
923983,4
923984,5
923985,5
923986,4
923987,4
923988,4
923989,4
923990,4
923991,4
923992,4
923993,4
923994,4
923995,4
923996,4
923997,4
923998,4
923999,1
924000,4
924001,4
924002,1
924003,4
924004,5
924005,4
924006,4
924007,4
924008,4
924009,4
924010,4
924011,4
924012,4
924013,1
924014,4
924015,4
924016,1
924017,4
924018,1
924019,4
924020,4
924021,4
924022,1
924023,4
924024,4
924025,4
924026,4
924027,4
924028,4
924029,4
924030,4
924031,4
924032,4
924033,4
924034,1
924035,4
924036,4
924037,4
924038,4
924039,4
924040,4
924041,4
924042,4
924043,4
924044,4
924045,5
924046,1
924047,4
924048,4
924049,4
924050,4
924051,4
924052,1
924053,4
924054,4
924055,4
924056,5
924057,4
924058,4
924059,4
924060,4
924061,4
924062,1
924063,4
924064,4
924065,4
924066,4
924067,4
924068,4
924069,4
924070,4
924071,4
924072,4
924073,4
924074,4
924075,4
924076,1
924077,4
924078,1
924079,4
924080,4
924081,4
924082,5
924083,4
924084,4
924085,4
924086,4
924087,4
924088,1
924089,4
924090,1
924091,4
924092,4
924093,4
924094,4
924095,4
924096,4
924097,4
924098,1
924099,4
924100,4
924101,4
924102,4
924103,4
924104,4
924105,1
924106,4
924107,4
924108,4
924109,1
924110,4
924111,4
924112,4
924113,4
924114,4
924115,4
924116,4
924117,4
924118,4
924119,4
924120,4
924121,1
924122,4
924123,4
924124,4
924125,4
924126,4
924127,4
924128,4
924129,4
924130,4
924131,4
924132,4
924133,4
924134,4
924135,4
924136,1
924137,4
924138,4
924139,1
924140,4
924141,4
924142,4
924143,4
924144,4
924145,4
924146,4
924147,4
924148,1
924149,4
924150,4
924151,4
924152,1
924153,4
924154,4
924155,4
924156,4
924157,4
924158,4
924159,4
924160,1
924161,4
924162,4
924163,1
924164,4
924165,4
924166,4
924167,4
924168,4
924169,4
924170,4
924171,4
924172,4
924173,4
924174,4
924175,4
924176,4
924177,1
924178,1
924179,4
924180,4
924181,4
924182,4
924183,4
924184,4
924185,4
924186,4
924187,4
924188,4
924189,4
924190,4
924191,4
924192,4
924193,4
924194,4
924195,4
924196,4
924197,4
924198,4
924199,4
924200,4
924201,4
924202,4
924203,4
924204,4
924205,4
924206,4
924207,4
924208,4
924209,4
924210,4
924211,4
924212,4
924213,4
924214,1
924215,4
924216,4
924217,4
924218,5
924219,4
924220,4
924221,4
924222,4
924223,4
924224,4
924225,4
924226,4
924227,4
924228,4
924229,4
924230,4
924231,1
924232,4
924233,4
924234,4
924235,4
924236,4
924237,4
924238,4
924239,4
924240,4
924241,4
924242,4
924243,4
924244,5
924245,1
924246,1
924247,4
924248,4
924249,4
924250,4
924251,4
924252,4
924253,4
924254,4
924255,4
924256,4
924257,4
924258,4
924259,4
924260,1
924261,4
924262,4
924263,4
924264,4
924265,5
924266,4
924267,4
924268,4
924269,4
924270,4
924271,4
924272,4
924273,1
924274,4
924275,4
924276,4
924277,4
924278,4
924279,4
924280,5
924281,4
924282,4
924283,5
924284,4
924285,4
924286,4
924287,4
924288,1
924289,4
924290,4
924291,5
924292,4
924293,4
924294,1
924295,4
924296,4
924297,1
924298,4
924299,5
924300,4
924301,1
924302,4
924303,4
924304,4
924305,4
924306,4
924307,4
924308,4
924309,4
924310,4
924311,4
924312,4
924313,4
924314,4
924315,4
924316,4
924317,4
924318,4
924319,4
924320,4
924321,1
924322,1
924323,1
924324,5
924325,4
924326,4
924327,4
924328,4
924329,4
924330,4
924331,4
924332,4
924333,4
924334,5
924335,4
924336,4
924337,4
924338,4
924339,4
924340,4
924341,4
924342,4
924343,1
924344,4
924345,4
924346,4
924347,4
924348,1
924349,4
924350,4
924351,4
924352,4
924353,1
924354,5
924355,4
924356,4
924357,4
924358,4
924359,4
924360,4
924361,5
924362,4
924363,4
924364,4
924365,4
924366,4
924367,1
924368,4
924369,4
924370,4
924371,4
924372,5
924373,4
924374,1
924375,4
924376,4
924377,4
924378,4
924379,4
924380,5
924381,4
924382,5
924383,5
924384,4
924385,4
924386,4
924387,5
924388,4
924389,4
924390,1
924391,4
924392,1
924393,1
924394,4
924395,4
924396,5
924397,4
924398,4
924399,4
924400,5
924401,5
924402,4
924403,5
924404,5
924405,5
924406,5
924407,4
924408,4
924409,5
924410,4
924411,4
924412,4
924413,4
924414,4
924415,4
924416,4
924417,5
924418,4
924419,5
924420,4
924421,1
924422,5
924423,4
924424,4
924425,5
924426,4
924427,4
924428,4
924429,1
924430,4
924431,4
924432,4
924433,4
924434,4
924435,4
924436,4
924437,4
924438,4
924439,4
924440,4
924441,4
924442,4
924443,4
924444,4
924445,4
924446,4
924447,4
924448,4
924449,1
924450,4
924451,4
924452,4
924453,4
924454,4
924455,4
924456,4
924457,1
924458,1
924459,1
924460,1
924461,1
924462,4
924463,4
924464,4
924465,1
924466,4
924467,4
924468,4
924469,4
924470,4
924471,5
924472,4
924473,4
924474,4
924475,5
924476,4
924477,4
924478,4
924479,4
924480,4
924481,4
924482,4
924483,1
924484,4
924485,4
924486,4
924487,5
924488,4
924489,4
924490,5
924491,1
924492,4
924493,5
924494,4
924495,4
924496,4
924497,4
924498,4
924499,4
924500,4
924501,4
924502,5
924503,4
924504,4
924505,4
924506,4
924507,4
924508,4
924509,5
924510,4
924511,4
924512,4
924513,4
924514,1
924515,4
924516,4
924517,4
924518,4
924519,4
924520,4
924521,4
924522,1
924523,1
924524,4
924525,4
924526,4
924527,4
924528,4
924529,4
924530,3
924531,4
924532,4
924533,4
924534,4
924535,4
924536,4
924537,4
924538,4
924539,4
924540,1
924541,4
924542,5
924543,4
924544,4
924545,4
924546,4
924547,1
924548,4
924549,4
924550,1
924551,4
924552,4
924553,4
924554,4
924555,4
924556,4
924557,4
924558,4
924559,4
924560,4
924561,4
924562,4
924563,1
924564,4
924565,4
924566,5
924567,4
924568,4
924569,4
924570,4
924571,4
924572,4
924573,4
924574,4
924575,1
924576,1
924577,4
924578,4
924579,4
924580,4
924581,3
924582,4
924583,3
924584,3
924585,4
924586,4
924587,4
924588,4
924589,4
924590,4
924591,1
924592,4
924593,4
924594,4
924595,4
924596,4
924597,4
924598,4
924599,5
924600,4
924601,3
924602,4
924603,4
924604,4
924605,4
924606,4
924607,4
924608,4
924609,4
924610,4
924611,1
924612,4
924613,4
924614,4
924615,4
924616,4
924617,4
924618,4
924619,4
924620,4
924621,4
924622,4
924623,4
924624,4
924625,4
924626,4
924627,4
924628,4
924629,4
924630,4
924631,3
924632,1
924633,4
924634,4
924635,1
924636,4
924637,4
924638,4
924639,4
924640,4
924641,4
924642,1
924643,4
924644,4
924645,4
924646,4
924647,5
924648,4
924649,4
924650,4
924651,4
924652,5
924653,4
924654,4
924655,1
924656,4
924657,1
924658,4
924659,4
924660,4
924661,4
924662,4
924663,4
924664,4
924665,4
924666,4
924667,4
924668,4
924669,4
924670,1
924671,4
924672,4
924673,4
924674,4
924675,4
924676,4
924677,4
924678,4
924679,4
924680,4
924681,4
924682,4
924683,1
924684,4
924685,4
924686,4
924687,4
924688,4
924689,4
924690,4
924691,4
924692,1
924693,3
924694,3
924695,4
924696,4
924697,3
924698,1
924699,3
924700,3
924701,3
924702,4
924703,4
924704,3
924705,3
924706,3
924707,4
924708,4
924709,3
924710,1
924711,3
924712,3
924713,4
924714,1
924715,3
924716,4
924717,3
924718,3
924719,3
924720,1
924721,3
924722,1
924723,3
924724,3
924725,3
924726,3
924727,1
924728,3
924729,4
924730,3
924731,3
924732,3
924733,4
924734,3
924735,4
924736,4
924737,4
924738,4
924739,4
924740,3
924741,4
924742,4
924743,4
924744,1
924745,1
924746,4
924747,3
924748,4
924749,3
924750,3
924751,3
924752,3
924753,4
924754,1
924755,4
924756,3
924757,4
924758,3
924759,1
924760,4
924761,3
924762,1
924763,1
924764,4
924765,4
924766,4
924767,4
924768,4
924769,4
924770,4
924771,4
924772,4
924773,4
924774,4
924775,4
924776,4
924777,4
924778,4
924779,1
924780,4
924781,4
924782,4
924783,4
924784,4
924785,1
924786,4
924787,4
924788,4
924789,4
924790,4
924791,4
924792,4
924793,4
924794,1
924795,4
924796,1
924797,4
924798,4
924799,4
924800,4
924801,4
924802,4
924803,4
924804,4
924805,4
924806,5
924807,4
924808,4
924809,4
924810,5
924811,4
924812,4
924813,4
924814,4
924815,4
924816,4
924817,4
924818,4
924819,4
924820,4
924821,4
924822,5
924823,1
924824,1
924825,4
924826,4
924827,4
924828,4
924829,4
924830,4
924831,4
924832,4
924833,5
924834,5
924835,4
924836,1
924837,4
924838,4
924839,4
924840,5
924841,4
924842,4
924843,4
924844,4
924845,4
924846,4
924847,5
924848,4
924849,5
924850,4
924851,4
924852,5
924853,5
924854,4
924855,4
924856,4
924857,4
924858,4
924859,4
924860,4
924861,4
924862,4
924863,1
924864,4
924865,4
924866,5
924867,4
924868,4
924869,5
924870,4
924871,4
924872,4
924873,4
924874,1
924875,4
924876,5
924877,4
924878,1
924879,4
924880,4
924881,4
924882,4
924883,1
924884,4
924885,4
924886,4
924887,5
924888,4
924889,1
924890,4
924891,4
924892,4
924893,4
924894,4
924895,4
924896,4
924897,1
924898,4
924899,1
924900,4
924901,4
924902,4
924903,4
924904,5
924905,4
924906,4
924907,1
924908,4
924909,4
924910,4
924911,4
924912,4
924913,4
924914,4
924915,4
924916,4
924917,4
924918,4
924919,1
924920,4
924921,4
924922,5
924923,4
924924,4
924925,5
924926,4
924927,4
924928,4
924929,4
924930,4
924931,4
924932,4
924933,4
924934,1
924935,4
924936,4
924937,4
924938,4
924939,4
924940,4
924941,4
924942,4
924943,4
924944,1
924945,4
924946,4
924947,4
924948,4
924949,4
924950,4
924951,4
924952,4
924953,4
924954,4
924955,4
924956,4
924957,4
924958,4
924959,4
924960,4
924961,4
924962,4
924963,4
924964,5
924965,4
924966,4
924967,4
924968,4
924969,4
924970,4
924971,4
924972,4
924973,4
924974,4
924975,1
924976,1
924977,1
924978,4
924979,4
924980,4
924981,4
924982,4
924983,4
924984,4
924985,4
924986,1
924987,1
924988,4
924989,4
924990,4
924991,4
924992,4
924993,4
924994,4
924995,4
924996,4
924997,5
924998,1
924999,4
925000,4
925001,5
925002,4
925003,4
925004,4
925005,4
925006,4
925007,5
925008,4
925009,4
925010,4
925011,4
925012,4
925013,4
925014,4
925015,4
925016,4
925017,4
925018,4
925019,4
925020,4
925021,4
925022,4
925023,4
925024,4
925025,4
925026,4
925027,4
925028,4
925029,5
925030,4
925031,1
925032,4
925033,4
925034,4
925035,4
925036,4
925037,4
925038,4
925039,1
925040,4
925041,4
925042,4
925043,4
925044,4
925045,4
925046,4
925047,4
925048,4
925049,4
925050,4
925051,4
925052,4
925053,4
925054,4
925055,4
925056,4
925057,4
925058,4
925059,1
925060,4
925061,4
925062,4
925063,1
925064,4
925065,4
925066,1
925067,4
925068,1
925069,4
925070,4
925071,4
925072,4
925073,4
925074,4
925075,4
925076,4
925077,4
925078,4
925079,4
925080,4
925081,4
925082,4
925083,4
925084,1
925085,4
925086,4
925087,1
925088,4
925089,4
925090,4
925091,4
925092,4
925093,4
925094,4
925095,4
925096,4
925097,4
925098,1
925099,1
925100,1
925101,4
925102,4
925103,4
925104,4
925105,4
925106,4
925107,4
925108,4
925109,4
925110,4
925111,4
925112,4
925113,1
925114,4
925115,4
925116,4
925117,4
925118,4
925119,4
925120,4
925121,4
925122,4
925123,1
925124,4
925125,4
925126,4
925127,4
925128,4
925129,1
925130,4
925131,4
925132,4
925133,3
925134,3
925135,4
925136,3
925137,4
925138,4
925139,5
925140,4
925141,3
925142,4
925143,4
925144,4
925145,4
925146,4
925147,4
925148,4
925149,4
925150,4
925151,4
925152,4
925153,4
925154,4
925155,4
925156,4
925157,4
925158,4
925159,1
925160,4
925161,4
925162,4
925163,5
925164,4
925165,1
925166,4
925167,4
925168,4
925169,5
925170,4
925171,4
925172,4
925173,4
925174,5
925175,4
925176,4
925177,4
925178,4
925179,4
925180,4
925181,4
925182,3
925183,3
925184,4
925185,5
925186,4
925187,3
925188,4
925189,5
925190,4
925191,4
925192,4
925193,4
925194,4
925195,4
925196,3
925197,4
925198,1
925199,4
925200,4
925201,4
925202,4
925203,4
925204,4
925205,4
925206,4
925207,4
925208,4
925209,1
925210,4
925211,5
925212,5
925213,5
925214,4
925215,5
925216,1
925217,3
925218,4
925219,4
925220,4
925221,4
925222,1
925223,4
925224,5
925225,5
925226,5
925227,4
925228,5
925229,4
925230,4
925231,4
925232,4
925233,1
925234,1
925235,4
925236,4
925237,1
925238,4
925239,4
925240,4
925241,4
925242,5
925243,4
925244,4
925245,4
925246,4
925247,4
925248,4
925249,4
925250,4
925251,5
925252,1
925253,4
925254,4
925255,4
925256,4
925257,4
925258,4
925259,1
925260,4
925261,4
925262,4
925263,1
925264,4
925265,4
925266,5
925267,4
925268,4
925269,4
925270,4
925271,5
925272,4
925273,4
925274,5
925275,4
925276,4
925277,4
925278,5
925279,4
925280,4
925281,4
925282,5
925283,4
925284,4
925285,5
925286,4
925287,4
925288,5
925289,4
925290,4
925291,4
925292,4
925293,4
925294,5
925295,4
925296,4
925297,1
925298,4
925299,5
925300,4
925301,5
925302,4
925303,4
925304,4
925305,4
925306,4
925307,4
925308,5
925309,4
925310,5
925311,4
925312,1
925313,1
925314,5
925315,4
925316,5
925317,4
925318,4
925319,4
925320,4
925321,1
925322,4
925323,4
925324,4
925325,4
925326,4
925327,5
925328,1
925329,1
925330,1
925331,4
925332,4
925333,1
925334,4
925335,5
925336,4
925337,4
925338,5
925339,5
925340,4
925341,4
925342,4
925343,4
925344,1
925345,4
925346,4
925347,4
925348,1
925349,4
925350,4
925351,4
925352,5
925353,4
925354,1
925355,4
925356,1
925357,4
925358,4
925359,4
925360,4
925361,4
925362,4
925363,4
925364,4
925365,4
925366,4
925367,4
925368,5
925369,4
925370,4
925371,4
925372,4
925373,4
925374,4
925375,1
925376,4
925377,4
925378,1
925379,4
925380,4
925381,4
925382,4
925383,4
925384,4
925385,4
925386,1
925387,4
925388,4
925389,4
925390,4
925391,1
925392,4
925393,4
925394,4
925395,4
925396,4
925397,4
925398,4
925399,4
925400,4
925401,4
925402,4
925403,4
925404,4
925405,4
925406,4
925407,4
925408,4
925409,4
925410,4
925411,4
925412,4
925413,4
925414,4
925415,4
925416,4
925417,5
925418,4
925419,4
925420,4
925421,4
925422,4
925423,4
925424,4
925425,4
925426,1
925427,4
925428,4
925429,4
925430,1
925431,4
925432,4
925433,4
925434,4
925435,4
925436,4
925437,4
925438,1
925439,4
925440,5
925441,4
925442,4
925443,4
925444,4
925445,4
925446,4
925447,4
925448,4
925449,1
925450,4
925451,4
925452,5
925453,4
925454,4
925455,4
925456,4
925457,4
925458,4
925459,4
925460,1
925461,5
925462,4
925463,4
925464,4
925465,1
925466,1
925467,4
925468,4
925469,5
925470,4
925471,4
925472,4
925473,4
925474,4
925475,4
925476,4
925477,1
925478,4
925479,4
925480,4
925481,4
925482,4
925483,5
925484,1
925485,1
925486,4
925487,5
925488,4
925489,4
925490,4
925491,4
925492,4
925493,4
925494,4
925495,4
925496,4
925497,4
925498,4
925499,4
925500,4
925501,4
925502,4
925503,1
925504,4
925505,4
925506,4
925507,4
925508,4
925509,4
925510,4
925511,4
925512,4
925513,5
925514,4
925515,4
925516,4
925517,4
925518,4
925519,1
925520,1
925521,5
925522,4
925523,4
925524,4
925525,4
925526,4
925527,4
925528,4
925529,4
925530,1
925531,4
925532,1
925533,5
925534,4
925535,4
925536,4
925537,4
925538,4
925539,4
925540,4
925541,4
925542,4
925543,4
925544,4
925545,4
925546,4
925547,3
925548,4
925549,1
925550,4
925551,1
925552,4
925553,1
925554,4
925555,4
925556,4
925557,4
925558,4
925559,4
925560,4
925561,4
925562,4
925563,4
925564,4
925565,4
925566,4
925567,4
925568,4
925569,4
925570,4
925571,1
925572,4
925573,4
925574,4
925575,1
925576,4
925577,4
925578,4
925579,4
925580,4
925581,4
925582,4
925583,4
925584,4
925585,4
925586,4
925587,1
925588,4
925589,4
925590,4
925591,4
925592,4
925593,1
925594,4
925595,4
925596,4
925597,4
925598,4
925599,4
925600,4
925601,4
925602,4
925603,5
925604,4
925605,4
925606,4
925607,4
925608,4
925609,4
925610,1
925611,4
925612,1
925613,4
925614,4
925615,4
925616,4
925617,1
925618,5
925619,4
925620,4
925621,1
925622,4
925623,4
925624,1
925625,4
925626,4
925627,4
925628,4
925629,4
925630,5
925631,4
925632,4
925633,4
925634,4
925635,4
925636,4
925637,4
925638,4
925639,4
925640,4
925641,5
925642,4
925643,4
925644,4
925645,4
925646,4
925647,4
925648,4
925649,4
925650,4
925651,4
925652,1
925653,4
925654,4
925655,4
925656,4
925657,4
925658,1
925659,4
925660,5
925661,4
925662,4
925663,4
925664,4
925665,4
925666,1
925667,4
925668,4
925669,4
925670,1
925671,4
925672,4
925673,4
925674,4
925675,5
925676,4
925677,4
925678,4
925679,4
925680,4
925681,4
925682,4
925683,1
925684,1
925685,4
925686,4
925687,4
925688,4
925689,4
925690,4
925691,1
925692,4
925693,4
925694,4
925695,1
925696,4
925697,4
925698,4
925699,4
925700,4
925701,4
925702,4
925703,3
925704,4
925705,4
925706,4
925707,3
925708,4
925709,1
925710,4
925711,1
925712,4
925713,4
925714,3
925715,1
925716,4
925717,4
925718,4
925719,4
925720,4
925721,4
925722,3
925723,4
925724,4
925725,1
925726,4
925727,4
925728,1
925729,4
925730,4
925731,4
925732,4
925733,3
925734,4
925735,4
925736,4
925737,4
925738,4
925739,1
925740,4
925741,4
925742,4
925743,4
925744,4
925745,4
925746,4
925747,4
925748,4
925749,5
925750,1
925751,4
925752,1
925753,4
925754,4
925755,4
925756,4
925757,4
925758,4
925759,3
925760,4
925761,3
925762,3
925763,3
925764,4
925765,4
925766,1
925767,1
925768,1
925769,4
925770,4
925771,4
925772,4
925773,4
925774,4
925775,1
925776,4
925777,4
925778,4
925779,1
925780,4
925781,4
925782,4
925783,4
925784,4
925785,4
925786,4
925787,4
925788,4
925789,4
925790,4
925791,4
925792,4
925793,4
925794,4
925795,4
925796,4
925797,4
925798,4
925799,4
925800,1
925801,4
925802,4
925803,4
925804,4
925805,4
925806,4
925807,4
925808,5
925809,4
925810,1
925811,4
925812,4
925813,4
925814,4
925815,4
925816,4
925817,4
925818,4
925819,4
925820,5
925821,4
925822,1
925823,4
925824,4
925825,4
925826,1
925827,4
925828,4
925829,4
925830,4
925831,4
925832,4
925833,4
925834,4
925835,4
925836,1
925837,4
925838,4
925839,4
925840,4
925841,4
925842,4
925843,1
925844,5
925845,4
925846,4
925847,4
925848,4
925849,4
925850,4
925851,4
925852,4
925853,4
925854,5
925855,4
925856,4
925857,4
925858,4
925859,4
925860,5
925861,4
925862,4
925863,4
925864,1
925865,1
925866,4
925867,4
925868,1
925869,3
925870,4
925871,4
925872,4
925873,4
925874,1
925875,5
925876,1
925877,5
925878,4
925879,4
925880,4
925881,4
925882,1
925883,4
925884,1
925885,4
925886,4
925887,4
925888,1
925889,4
925890,4
925891,4
925892,4
925893,4
925894,4
925895,1
925896,4
925897,4
925898,1
925899,4
925900,4
925901,4
925902,5
925903,5
925904,1
925905,5
925906,4
925907,1
925908,4
925909,4
925910,4
925911,4
925912,4
925913,4
925914,4
925915,4
925916,4
925917,1
925918,4
925919,4
925920,4
925921,4
925922,4
925923,4
925924,4
925925,4
925926,4
925927,4
925928,4
925929,4
925930,4
925931,1
925932,4
925933,4
925934,4
925935,4
925936,4
925937,4
925938,4
925939,5
925940,4
925941,4
925942,1
925943,4
925944,4
925945,4
925946,4
925947,4
925948,1
925949,4
925950,3
925951,4
925952,4
925953,4
925954,4
925955,4
925956,4
925957,4
925958,4
925959,4
925960,4
925961,5
925962,4
925963,4
925964,4
925965,4
925966,4
925967,4
925968,4
925969,4
925970,4
925971,4
925972,4
925973,4
925974,3
925975,4
925976,3
925977,4
925978,4
925979,4
925980,4
925981,4
925982,4
925983,4
925984,4
925985,4
925986,4
925987,4
925988,4
925989,4
925990,1
925991,4
925992,1
925993,4
925994,4
925995,4
925996,4
925997,4
925998,4
925999,1
926000,4
926001,4
926002,4
926003,4
926004,4
926005,1
926006,4
926007,1
926008,4
926009,4
926010,4
926011,4
926012,1
926013,4
926014,4
926015,1
926016,4
926017,4
926018,1
926019,4
926020,1
926021,4
926022,4
926023,4
926024,4
926025,4
926026,4
926027,4
926028,4
926029,4
926030,4
926031,4
926032,4
926033,1
926034,4
926035,1
926036,4
926037,1
926038,4
926039,4
926040,1
926041,4
926042,4
926043,4
926044,4
926045,4
926046,4
926047,4
926048,4
926049,4
926050,4
926051,1
926052,4
926053,4
926054,1
926055,4
926056,4
926057,4
926058,3
926059,3
926060,3
926061,4
926062,4
926063,4
926064,4
926065,4
926066,4
926067,1
926068,5
926069,4
926070,4
926071,4
926072,4
926073,4
926074,4
926075,3
926076,4
926077,4
926078,4
926079,4
926080,4
926081,4
926082,4
926083,4
926084,4
926085,4
926086,4
926087,4
926088,4
926089,4
926090,4
926091,3
926092,4
926093,4
926094,4
926095,4
926096,4
926097,4
926098,4
926099,4
926100,4
926101,4
926102,4
926103,4
926104,4
926105,4
926106,4
926107,4
926108,4
926109,1
926110,4
926111,4
926112,5
926113,4
926114,5
926115,4
926116,4
926117,4
926118,4
926119,5
926120,4
926121,1
926122,1
926123,4
926124,4
926125,4
926126,4
926127,4
926128,4
926129,4
926130,4
926131,4
926132,4
926133,4
926134,4
926135,4
926136,5
926137,4
926138,4
926139,4
926140,4
926141,4
926142,4
926143,1
926144,4
926145,4
926146,4
926147,4
926148,5
926149,4
926150,4
926151,4
926152,4
926153,5
926154,1
926155,1
926156,4
926157,4
926158,4
926159,4
926160,4
926161,4
926162,1
926163,4
926164,4
926165,4
926166,4
926167,5
926168,4
926169,4
926170,4
926171,4
926172,5
926173,4
926174,4
926175,4
926176,5
926177,4
926178,1
926179,4
926180,4
926181,4
926182,4
926183,4
926184,4
926185,1
926186,4
926187,4
926188,4
926189,1
926190,4
926191,4
926192,4
926193,4
926194,4
926195,4
926196,1
926197,4
926198,4
926199,4
926200,3
926201,4
926202,1
926203,4
926204,4
926205,4
926206,4
926207,1
926208,4
926209,4
926210,4
926211,4
926212,4
926213,4
926214,4
926215,4
926216,4
926217,4
926218,1
926219,4
926220,1
926221,4
926222,4
926223,1
926224,4
926225,4
926226,4
926227,4
926228,4
926229,4
926230,4
926231,4
926232,1
926233,4
926234,4
926235,4
926236,1
926237,4
926238,4
926239,4
926240,4
926241,4
926242,4
926243,4
926244,4
926245,4
926246,4
926247,1
926248,1
926249,4
926250,5
926251,4
926252,1
926253,4
926254,4
926255,4
926256,4
926257,5
926258,4
926259,4
926260,4
926261,4
926262,4
926263,4
926264,4
926265,1
926266,4
926267,4
926268,4
926269,4
926270,4
926271,4
926272,4
926273,4
926274,4
926275,1
926276,4
926277,4
926278,1
926279,4
926280,4
926281,4
926282,4
926283,4
926284,4
926285,5
926286,4
926287,1
926288,4
926289,4
926290,4
926291,4
926292,4
926293,4
926294,4
926295,4
926296,1
926297,4
926298,1
926299,4
926300,4
926301,4
926302,4
926303,4
926304,4
926305,1
926306,4
926307,1
926308,4
926309,4
926310,1
926311,4
926312,4
926313,4
926314,4
926315,4
926316,4
926317,4
926318,4
926319,4
926320,4
926321,4
926322,4
926323,4
926324,1
926325,4
926326,4
926327,4
926328,5
926329,4
926330,4
926331,5
926332,4
926333,4
926334,4
926335,1
926336,4
926337,4
926338,4
926339,4
926340,4
926341,4
926342,4
926343,4
926344,4
926345,1
926346,4
926347,4
926348,4
926349,4
926350,4
926351,4
926352,4
926353,1
926354,4
926355,4
926356,1
926357,4
926358,4
926359,4
926360,4
926361,4
926362,4
926363,4
926364,4
926365,4
926366,4
926367,4
926368,4
926369,4
926370,4
926371,4
926372,4
926373,4
926374,4
926375,4
926376,4
926377,4
926378,4
926379,4
926380,4
926381,4
926382,4
926383,1
926384,4
926385,4
926386,4
926387,4
926388,4
926389,4
926390,4
926391,4
926392,5
926393,4
926394,5
926395,4
926396,4
926397,1
926398,4
926399,1
926400,4
926401,4
926402,4
926403,4
926404,4
926405,4
926406,5
926407,4
926408,5
926409,4
926410,4
926411,4
926412,1
926413,4
926414,4
926415,1
926416,4
926417,1
926418,4
926419,1
926420,4
926421,1
926422,4
926423,4
926424,5
926425,4
926426,4
926427,4
926428,4
926429,4
926430,4
926431,4
926432,4
926433,4
926434,4
926435,4
926436,4
926437,4
926438,5
926439,4
926440,1
926441,1
926442,4
926443,5
926444,4
926445,4
926446,5
926447,4
926448,4
926449,4
926450,4
926451,1
926452,4
926453,4
926454,4
926455,4
926456,4
926457,4
926458,4
926459,4
926460,4
926461,4
926462,4
926463,5
926464,4
926465,4
926466,4
926467,4
926468,4
926469,1
926470,4
926471,4
926472,4
926473,4
926474,5
926475,4
926476,1
926477,4
926478,4
926479,4
926480,4
926481,4
926482,1
926483,4
926484,4
926485,4
926486,4
926487,4
926488,4
926489,4
926490,4
926491,4
926492,4
926493,4
926494,1
926495,4
926496,4
926497,1
926498,4
926499,4
926500,4
926501,4
926502,4
926503,4
926504,4
926505,4
926506,4
926507,4
926508,4
926509,1
926510,4
926511,4
926512,4
926513,4
926514,4
926515,4
926516,4
926517,4
926518,4
926519,4
926520,4
926521,4
926522,4
926523,4
926524,4
926525,4
926526,4
926527,4
926528,4
926529,1
926530,4
926531,1
926532,4
926533,4
926534,5
926535,4
926536,4
926537,1
926538,4
926539,1
926540,1
926541,1
926542,5
926543,4
926544,4
926545,1
926546,4
926547,4
926548,4
926549,4
926550,4
926551,1
926552,4
926553,4
926554,1
926555,4
926556,4
926557,5
926558,4
926559,4
926560,4
926561,4
926562,4
926563,4
926564,4
926565,4
926566,4
926567,4
926568,4
926569,5
926570,4
926571,4
926572,4
926573,4
926574,4
926575,4
926576,4
926577,4
926578,4
926579,1
926580,4
926581,4
926582,4
926583,4
926584,4
926585,4
926586,4
926587,4
926588,4
926589,4
926590,4
926591,4
926592,4
926593,4
926594,4
926595,4
926596,4
926597,4
926598,4
926599,4
926600,4
926601,1
926602,4
926603,4
926604,4
926605,1
926606,4
926607,4
926608,4
926609,4
926610,4
926611,4
926612,4
926613,4
926614,4
926615,4
926616,4
926617,4
926618,4
926619,4
926620,4
926621,4
926622,4
926623,4
926624,4
926625,4
926626,4
926627,4
926628,4
926629,3
926630,4
926631,4
926632,4
926633,1
926634,4
926635,4
926636,4
926637,3
926638,4
926639,4
926640,3
926641,5
926642,3
926643,4
926644,3
926645,4
926646,1
926647,4
926648,3
926649,4
926650,4
926651,4
926652,4
926653,4
926654,4
926655,4
926656,3
926657,4
926658,4
926659,4
926660,4
926661,5
926662,5
926663,4
926664,4
926665,4
926666,4
926667,5
926668,4
926669,4
926670,5
926671,4
926672,3
926673,5
926674,3
926675,4
926676,4
926677,4
926678,4
926679,5
926680,4
926681,4
926682,3
926683,4
926684,4
926685,4
926686,5
926687,1
926688,1
926689,1
926690,5
926691,4
926692,4
926693,4
926694,4
926695,4
926696,4
926697,4
926698,4
926699,3
926700,1
926701,1
926702,4
926703,5
926704,4
926705,4
926706,4
926707,4
926708,4
926709,3
926710,4
926711,4
926712,4
926713,4
926714,1
926715,4
926716,4
926717,4
926718,3
926719,3
926720,4
926721,1
926722,4
926723,1
926724,1
926725,3
926726,4
926727,4
926728,4
926729,1
926730,3
926731,4
926732,4
926733,4
926734,4
926735,4
926736,5
926737,4
926738,3
926739,4
926740,4
926741,1
926742,3
926743,3
926744,5
926745,4
926746,4
926747,3
926748,4
926749,4
926750,3
926751,4
926752,5
926753,3
926754,1
926755,4
926756,4
926757,3
926758,3
926759,1
926760,3
926761,4
926762,3
926763,3
926764,5
926765,3
926766,3
926767,5
926768,3
926769,3
926770,4
926771,3
926772,1
926773,4
926774,3
926775,4
926776,4
926777,4
926778,4
926779,3
926780,1
926781,4
926782,4
926783,3
926784,3
926785,4
926786,4
926787,4
926788,3
926789,3
926790,4
926791,3
926792,4
926793,3
926794,3
926795,3
926796,4
926797,3
926798,1
926799,4
926800,4
926801,3
926802,3
926803,4
926804,4
926805,3
926806,4
926807,5
926808,3
926809,4
926810,5
926811,4
926812,5
926813,4
926814,1
926815,1
926816,3
926817,5
926818,1
926819,4
926820,4
926821,3
926822,3
926823,4
926824,3
926825,4
926826,4
926827,4
926828,1
926829,1
926830,4
926831,4
926832,4
926833,1
926834,1
926835,4
926836,4
926837,4
926838,4
926839,4
926840,4
926841,4
926842,1
926843,1
926844,4
926845,4
926846,1
926847,4
926848,4
926849,4
926850,4
926851,4
926852,4
926853,1
926854,4
926855,4
926856,4
926857,4
926858,4
926859,4
926860,4
926861,4
926862,1
926863,4
926864,4
926865,4
926866,4
926867,1
926868,4
926869,4
926870,4
926871,4
926872,4
926873,3
926874,4
926875,4
926876,4
926877,4
926878,4
926879,4
926880,4
926881,4
926882,4
926883,1
926884,4
926885,4
926886,4
926887,4
926888,4
926889,1
926890,4
926891,4
926892,4
926893,4
926894,4
926895,1
926896,3
926897,4
926898,1
926899,4
926900,4
926901,4
926902,4
926903,4
926904,4
926905,4
926906,4
926907,4
926908,4
926909,4
926910,4
926911,4
926912,4
926913,1
926914,4
926915,4
926916,4
926917,4
926918,4
926919,4
926920,4
926921,4
926922,4
926923,5
926924,4
926925,1
926926,4
926927,4
926928,4
926929,4
926930,4
926931,4
926932,4
926933,4
926934,1
926935,1
926936,4
926937,4
926938,4
926939,4
926940,4
926941,1
926942,4
926943,4
926944,4
926945,4
926946,4
926947,4
926948,4
926949,4
926950,4
926951,4
926952,1
926953,4
926954,4
926955,4
926956,4
926957,1
926958,4
926959,4
926960,4
926961,3
926962,4
926963,4
926964,4
926965,4
926966,4
926967,4
926968,4
926969,4
926970,4
926971,4
926972,4
926973,4
926974,4
926975,4
926976,4
926977,4
926978,4
926979,4
926980,4
926981,4
926982,4
926983,4
926984,4
926985,4
926986,4
926987,4
926988,4
926989,4
926990,5
926991,4
926992,4
926993,4
926994,4
926995,5
926996,4
926997,4
926998,4
926999,4
927000,1
927001,4
927002,4
927003,4
927004,4
927005,4
927006,4
927007,1
927008,4
927009,4
927010,4
927011,4
927012,4
927013,1
927014,4
927015,4
927016,5
927017,4
927018,3
927019,4
927020,1
927021,4
927022,3
927023,1
927024,4
927025,4
927026,3
927027,3
927028,4
927029,1
927030,4
927031,4
927032,4
927033,4
927034,4
927035,4
927036,4
927037,4
927038,1
927039,4
927040,4
927041,4
927042,4
927043,4
927044,4
927045,4
927046,5
927047,1
927048,4
927049,4
927050,4
927051,4
927052,4
927053,4
927054,4
927055,4
927056,4
927057,4
927058,4
927059,1
927060,4
927061,1
927062,4
927063,1
927064,4
927065,4
927066,1
927067,4
927068,5
927069,5
927070,4
927071,4
927072,4
927073,4
927074,4
927075,5
927076,1
927077,5
927078,5
927079,4
927080,4
927081,4
927082,1
927083,4
927084,4
927085,4
927086,4
927087,4
927088,4
927089,4
927090,1
927091,4
927092,4
927093,1
927094,4
927095,4
927096,4
927097,4
927098,4
927099,4
927100,4
927101,4
927102,4
927103,4
927104,4
927105,4
927106,4
927107,4
927108,4
927109,1
927110,1
927111,1
927112,4
927113,5
927114,4
927115,1
927116,4
927117,4
927118,1
927119,4
927120,4
927121,4
927122,4
927123,5
927124,5
927125,5
927126,4
927127,4
927128,4
927129,4
927130,4
927131,4
927132,5
927133,5
927134,5
927135,4
927136,4
927137,1
927138,4
927139,4
927140,4
927141,4
927142,4
927143,4
927144,4
927145,4
927146,4
927147,4
927148,4
927149,1
927150,1
927151,4
927152,1
927153,4
927154,1
927155,1
927156,4
927157,4
927158,1
927159,4
927160,4
927161,4
927162,4
927163,4
927164,4
927165,1
927166,4
927167,4
927168,4
927169,4
927170,4
927171,4
927172,4
927173,5
927174,5
927175,1
927176,4
927177,4
927178,4
927179,4
927180,4
927181,1
927182,4
927183,4
927184,4
927185,5
927186,4
927187,5
927188,4
927189,4
927190,4
927191,4
927192,4
927193,4
927194,4
927195,1
927196,1
927197,1
927198,4
927199,4
927200,4
927201,5
927202,4
927203,4
927204,5
927205,4
927206,4
927207,4
927208,4
927209,5
927210,4
927211,4
927212,1
927213,4
927214,4
927215,5
927216,5
927217,4
927218,1
927219,4
927220,5
927221,4
927222,4
927223,4
927224,4
927225,4
927226,4
927227,5
927228,4
927229,4
927230,4
927231,1
927232,4
927233,4
927234,4
927235,4
927236,4
927237,4
927238,4
927239,4
927240,4
927241,4
927242,5
927243,4
927244,1
927245,4
927246,4
927247,4
927248,4
927249,4
927250,4
927251,4
927252,4
927253,4
927254,4
927255,1
927256,4
927257,4
927258,4
927259,4
927260,4
927261,4
927262,4
927263,1
927264,4
927265,4
927266,4
927267,4
927268,1
927269,4
927270,4
927271,4
927272,4
927273,3
927274,1
927275,4
927276,1
927277,1
927278,4
927279,1
927280,4
927281,1
927282,4
927283,5
927284,4
927285,4
927286,4
927287,1
927288,4
927289,4
927290,4
927291,4
927292,4
927293,5
927294,4
927295,1
927296,4
927297,4
927298,1
927299,1
927300,4
927301,4
927302,4
927303,4
927304,4
927305,4
927306,1
927307,4
927308,4
927309,4
927310,1
927311,4
927312,4
927313,4
927314,1
927315,4
927316,4
927317,4
927318,1
927319,4
927320,1
927321,4
927322,4
927323,4
927324,4
927325,4
927326,4
927327,4
927328,5
927329,1
927330,4
927331,5
927332,4
927333,4
927334,4
927335,4
927336,1
927337,4
927338,1
927339,4
927340,4
927341,4
927342,4
927343,4
927344,4
927345,4
927346,4
927347,5
927348,4
927349,4
927350,4
927351,5
927352,4
927353,1
927354,4
927355,4
927356,1
927357,1
927358,4
927359,4
927360,4
927361,4
927362,4
927363,4
927364,5
927365,4
927366,4
927367,5
927368,1
927369,4
927370,5
927371,4
927372,4
927373,4
927374,4
927375,4
927376,4
927377,5
927378,1
927379,4
927380,4
927381,4
927382,4
927383,4
927384,5
927385,4
927386,4
927387,4
927388,5
927389,1
927390,4
927391,4
927392,4
927393,4
927394,4
927395,4
927396,4
927397,4
927398,4
927399,4
927400,4
927401,4
927402,4
927403,4
927404,4
927405,4
927406,4
927407,4
927408,4
927409,4
927410,4
927411,4
927412,4
927413,5
927414,5
927415,4
927416,1
927417,4
927418,4
927419,4
927420,4
927421,5
927422,1
927423,4
927424,1
927425,5
927426,1
927427,4
927428,4
927429,4
927430,4
927431,4
927432,1
927433,1
927434,4
927435,4
927436,4
927437,1
927438,4
927439,4
927440,4
927441,4
927442,4
927443,4
927444,4
927445,4
927446,4
927447,4
927448,4
927449,4
927450,4
927451,4
927452,4
927453,4
927454,4
927455,4
927456,4
927457,4
927458,4
927459,4
927460,1
927461,4
927462,4
927463,5
927464,4
927465,4
927466,4
927467,4
927468,4
927469,4
927470,4
927471,4
927472,4
927473,4
927474,4
927475,1
927476,4
927477,4
927478,4
927479,4
927480,4
927481,4
927482,4
927483,4
927484,4
927485,4
927486,4
927487,1
927488,4
927489,4
927490,1
927491,4
927492,4
927493,4
927494,5
927495,4
927496,4
927497,4
927498,4
927499,4
927500,1
927501,4
927502,4
927503,4
927504,1
927505,5
927506,4
927507,4
927508,4
927509,4
927510,4
927511,4
927512,4
927513,4
927514,4
927515,4
927516,4
927517,4
927518,4
927519,4
927520,4
927521,4
927522,4
927523,4
927524,4
927525,4
927526,4
927527,1
927528,5
927529,4
927530,4
927531,4
927532,4
927533,4
927534,4
927535,4
927536,4
927537,4
927538,4
927539,4
927540,4
927541,4
927542,5
927543,4
927544,1
927545,4
927546,5
927547,4
927548,4
927549,4
927550,5
927551,4
927552,4
927553,1
927554,4
927555,4
927556,5
927557,5
927558,4
927559,5
927560,4
927561,4
927562,4
927563,4
927564,4
927565,4
927566,4
927567,4
927568,4
927569,4
927570,4
927571,4
927572,1
927573,5
927574,4
927575,5
927576,4
927577,4
927578,4
927579,4
927580,4
927581,4
927582,5
927583,4
927584,4
927585,4
927586,4
927587,4
927588,4
927589,4
927590,1
927591,4
927592,1
927593,4
927594,4
927595,4
927596,4
927597,4
927598,4
927599,4
927600,3
927601,4
927602,4
927603,3
927604,5
927605,4
927606,4
927607,4
927608,4
927609,4
927610,4
927611,4
927612,4
927613,4
927614,4
927615,4
927616,4
927617,5
927618,4
927619,4
927620,4
927621,4
927622,4
927623,4
927624,4
927625,4
927626,4
927627,4
927628,4
927629,3
927630,1
927631,4
927632,4
927633,4
927634,4
927635,4
927636,4
927637,4
927638,4
927639,4
927640,4
927641,4
927642,4
927643,4
927644,4
927645,4
927646,4
927647,4
927648,4
927649,4
927650,4
927651,4
927652,1
927653,4
927654,4
927655,4
927656,4
927657,1
927658,3
927659,4
927660,4
927661,4
927662,4
927663,4
927664,4
927665,4
927666,4
927667,4
927668,1
927669,4
927670,4
927671,4
927672,4
927673,4
927674,3
927675,4
927676,4
927677,4
927678,1
927679,4
927680,1
927681,4
927682,4
927683,4
927684,4
927685,5
927686,4
927687,4
927688,4
927689,4
927690,4
927691,4
927692,1
927693,4
927694,4
927695,1
927696,4
927697,4
927698,4
927699,4
927700,4
927701,4
927702,1
927703,3
927704,4
927705,4
927706,4
927707,4
927708,4
927709,4
927710,4
927711,4
927712,3
927713,5
927714,4
927715,3
927716,4
927717,4
927718,1
927719,5
927720,4
927721,5
927722,4
927723,4
927724,4
927725,4
927726,4
927727,4
927728,4
927729,4
927730,4
927731,4
927732,4
927733,1
927734,4
927735,4
927736,4
927737,4
927738,3
927739,4
927740,4
927741,4
927742,4
927743,4
927744,5
927745,4
927746,4
927747,4
927748,3
927749,4
927750,3
927751,4
927752,4
927753,4
927754,4
927755,4
927756,4
927757,5
927758,4
927759,4
927760,4
927761,4
927762,1
927763,1
927764,1
927765,4
927766,1
927767,4
927768,4
927769,4
927770,4
927771,4
927772,4
927773,4
927774,4
927775,1
927776,4
927777,4
927778,4
927779,4
927780,3
927781,4
927782,3
927783,4
927784,4
927785,4
927786,1
927787,4
927788,1
927789,4
927790,1
927791,4
927792,4
927793,4
927794,4
927795,4
927796,4
927797,5
927798,1
927799,4
927800,1
927801,1
927802,5
927803,1
927804,1
927805,1
927806,4
927807,4
927808,4
927809,4
927810,4
927811,4
927812,1
927813,4
927814,4
927815,3
927816,4
927817,4
927818,4
927819,1
927820,4
927821,4
927822,4
927823,4
927824,5
927825,4
927826,4
927827,5
927828,4
927829,4
927830,4
927831,4
927832,1
927833,4
927834,4
927835,4
927836,4
927837,4
927838,5
927839,4
927840,4
927841,4
927842,4
927843,5
927844,1
927845,5
927846,1
927847,4
927848,5
927849,4
927850,4
927851,4
927852,4
927853,4
927854,5
927855,4
927856,4
927857,1
927858,5
927859,4
927860,4
927861,4
927862,4
927863,4
927864,4
927865,4
927866,4
927867,4
927868,4
927869,4
927870,4
927871,1
927872,4
927873,4
927874,4
927875,5
927876,4
927877,4
927878,5
927879,4
927880,4
927881,1
927882,4
927883,4
927884,4
927885,5
927886,4
927887,4
927888,4
927889,4
927890,4
927891,4
927892,4
927893,1
927894,4
927895,4
927896,1
927897,5
927898,4
927899,4
927900,5
927901,4
927902,4
927903,4
927904,4
927905,4
927906,4
927907,4
927908,4
927909,4
927910,4
927911,1
927912,4
927913,3
927914,4
927915,4
927916,4
927917,4
927918,1
927919,1
927920,4
927921,4
927922,4
927923,4
927924,1
927925,4
927926,4
927927,4
927928,4
927929,4
927930,4
927931,4
927932,4
927933,4
927934,1
927935,4
927936,1
927937,1
927938,1
927939,5
927940,4
927941,3
927942,4
927943,4
927944,4
927945,4
927946,4
927947,4
927948,4
927949,1
927950,4
927951,4
927952,4
927953,4
927954,4
927955,4
927956,4
927957,4
927958,4
927959,4
927960,4
927961,4
927962,4
927963,4
927964,4
927965,4
927966,4
927967,4
927968,4
927969,4
927970,4
927971,4
927972,4
927973,4
927974,4
927975,4
927976,4
927977,1
927978,4
927979,4
927980,4
927981,4
927982,4
927983,1
927984,3
927985,4
927986,4
927987,4
927988,5
927989,4
927990,4
927991,5
927992,4
927993,4
927994,1
927995,4
927996,4
927997,4
927998,4
927999,4
928000,4
928001,1
928002,4
928003,4
928004,4
928005,4
928006,4
928007,4
928008,4
928009,4
928010,1
928011,4
928012,4
928013,4
928014,4
928015,4
928016,1
928017,4
928018,4
928019,4
928020,4
928021,4
928022,4
928023,4
928024,4
928025,4
928026,4
928027,4
928028,4
928029,4
928030,4
928031,3
928032,1
928033,4
928034,4
928035,4
928036,4
928037,4
928038,4
928039,4
928040,4
928041,3
928042,4
928043,4
928044,4
928045,4
928046,1
928047,4
928048,5
928049,4
928050,4
928051,4
928052,4
928053,4
928054,4
928055,4
928056,4
928057,4
928058,4
928059,4
928060,4
928061,1
928062,1
928063,4
928064,1
928065,1
928066,4
928067,3
928068,4
928069,4
928070,4
928071,5
928072,4
928073,1
928074,1
928075,4
928076,4
928077,4
928078,4
928079,4
928080,4
928081,4
928082,4
928083,4
928084,4
928085,4
928086,4
928087,4
928088,4
928089,4
928090,4
928091,4
928092,4
928093,4
928094,4
928095,4
928096,4
928097,4
928098,4
928099,4
928100,4
928101,1
928102,4
928103,4
928104,4
928105,4
928106,4
928107,4
928108,4
928109,1
928110,4
928111,4
928112,1
928113,4
928114,4
928115,4
928116,4
928117,4
928118,4
928119,5
928120,4
928121,1
928122,4
928123,4
928124,4
928125,4
928126,4
928127,4
928128,5
928129,4
928130,1
928131,1
928132,4
928133,4
928134,1
928135,4
928136,4
928137,4
928138,4
928139,4
928140,4
928141,4
928142,1
928143,4
928144,4
928145,4
928146,4
928147,4
928148,1
928149,4
928150,1
928151,1
928152,4
928153,4
928154,4
928155,5
928156,4
928157,4
928158,4
928159,4
928160,4
928161,4
928162,4
928163,4
928164,4
928165,4
928166,4
928167,4
928168,4
928169,4
928170,4
928171,4
928172,4
928173,4
928174,4
928175,4
928176,4
928177,4
928178,4
928179,4
928180,4
928181,4
928182,4
928183,4
928184,4
928185,4
928186,4
928187,4
928188,4
928189,4
928190,4
928191,4
928192,4
928193,4
928194,4
928195,5
928196,4
928197,4
928198,4
928199,4
928200,4
928201,4
928202,4
928203,4
928204,4
928205,1
928206,4
928207,4
928208,4
928209,5
928210,4
928211,1
928212,4
928213,4
928214,4
928215,4
928216,4
928217,4
928218,5
928219,4
928220,4
928221,4
928222,1
928223,1
928224,4
928225,5
928226,4
928227,4
928228,4
928229,4
928230,1
928231,4
928232,4
928233,4
928234,4
928235,4
928236,4
928237,1
928238,4
928239,4
928240,5
928241,4
928242,4
928243,4
928244,4
928245,4
928246,4
928247,4
928248,4
928249,4
928250,4
928251,4
928252,4
928253,4
928254,4
928255,4
928256,1
928257,4
928258,1
928259,4
928260,1
928261,4
928262,4
928263,4
928264,4
928265,4
928266,4
928267,1
928268,4
928269,4
928270,4
928271,4
928272,4
928273,4
928274,4
928275,4
928276,4
928277,1
928278,4
928279,4
928280,4
928281,4
928282,4
928283,5
928284,4
928285,4
928286,4
928287,1
928288,1
928289,4
928290,1
928291,5
928292,4
928293,4
928294,4
928295,4
928296,4
928297,4
928298,1
928299,1
928300,4
928301,4
928302,1
928303,4
928304,4
928305,4
928306,4
928307,4
928308,4
928309,4
928310,4
928311,4
928312,4
928313,4
928314,4
928315,4
928316,3
928317,4
928318,4
928319,4
928320,4
928321,4
928322,4
928323,4
928324,4
928325,4
928326,4
928327,4
928328,4
928329,4
928330,4
928331,1
928332,4
928333,4
928334,4
928335,4
928336,4
928337,4
928338,4
928339,4
928340,4
928341,4
928342,4
928343,4
928344,4
928345,4
928346,4
928347,4
928348,4
928349,4
928350,4
928351,4
928352,4
928353,4
928354,4
928355,4
928356,4
928357,4
928358,4
928359,4
928360,1
928361,4
928362,4
928363,4
928364,4
928365,4
928366,4
928367,4
928368,4
928369,3
928370,4
928371,3
928372,5
928373,4
928374,1
928375,1
928376,4
928377,4
928378,1
928379,3
928380,3
928381,3
928382,4
928383,4
928384,4
928385,3
928386,4
928387,4
928388,4
928389,1
928390,3
928391,1
928392,4
928393,4
928394,4
928395,4
928396,4
928397,3
928398,3
928399,4
928400,3
928401,3
928402,4
928403,4
928404,1
928405,4
928406,4
928407,4
928408,3
928409,1
928410,1
928411,3
928412,3
928413,1
928414,4
928415,4
928416,4
928417,1
928418,3
928419,4
928420,4
928421,4
928422,3
928423,4
928424,4
928425,4
928426,1
928427,4
928428,4
928429,4
928430,5
928431,4
928432,4
928433,4
928434,4
928435,3
928436,4
928437,1
928438,4
928439,4
928440,3
928441,4
928442,4
928443,1
928444,4
928445,4
928446,3
928447,4
928448,5
928449,3
928450,4
928451,4
928452,4
928453,5
928454,4
928455,4
928456,3
928457,4
928458,4
928459,4
928460,3
928461,4
928462,4
928463,4
928464,4
928465,3
928466,4
928467,4
928468,4
928469,4
928470,4
928471,4
928472,4
928473,4
928474,4
928475,4
928476,4
928477,1
928478,4
928479,5
928480,4
928481,4
928482,1
928483,4
928484,4
928485,4
928486,4
928487,4
928488,4
928489,4
928490,4
928491,5
928492,4
928493,4
928494,4
928495,4
928496,4
928497,1
928498,4
928499,4
928500,4
928501,4
928502,4
928503,4
928504,4
928505,1
928506,1
928507,4
928508,4
928509,4
928510,1
928511,4
928512,4
928513,4
928514,4
928515,4
928516,4
928517,4
928518,4
928519,4
928520,1
928521,4
928522,4
928523,4
928524,4
928525,4
928526,1
928527,4
928528,4
928529,4
928530,4
928531,1
928532,4
928533,4
928534,4
928535,4
928536,1
928537,1
928538,4
928539,4
928540,4
928541,4
928542,4
928543,4
928544,4
928545,4
928546,4
928547,4
928548,4
928549,4
928550,4
928551,5
928552,4
