910553,4
910554,4
910555,5
910556,4
910557,4
910558,4
910559,4
910560,4
910561,4
910562,4
910563,4
910564,5
910565,4
910566,1
910567,1
910568,4
910569,4
910570,4
910571,4
910572,4
910573,4
910574,4
910575,4
910576,4
910577,4
910578,4
910579,5
910580,4
910581,1
910582,4
910583,4
910584,4
910585,5
910586,4
910587,5
910588,4
910589,4
910590,4
910591,4
910592,1
910593,4
910594,4
910595,4
910596,4
910597,4
910598,4
910599,4
910600,4
910601,4
910602,5
910603,5
910604,4
910605,4
910606,4
910607,4
910608,5
910609,4
910610,4
910611,5
910612,4
910613,4
910614,4
910615,1
910616,1
910617,4
910618,4
910619,4
910620,4
910621,4
910622,1
910623,4
910624,4
910625,4
910626,1
910627,5
910628,4
910629,4
910630,4
910631,4
910632,4
910633,4
910634,1
910635,4
910636,4
910637,4
910638,4
910639,4
910640,4
910641,4
910642,5
910643,4
910644,4
910645,4
910646,4
910647,4
910648,4
910649,4
910650,4
910651,4
910652,4
910653,4
910654,4
910655,4
910656,4
910657,4
910658,4
910659,4
910660,4
910661,4
910662,4
910663,4
910664,4
910665,1
910666,1
910667,4
910668,4
910669,4
910670,4
910671,4
910672,4
910673,4
910674,4
910675,4
910676,4
910677,1
910678,4
910679,4
910680,4
910681,4
910682,1
910683,4
910684,4
910685,4
910686,4
910687,4
910688,1
910689,4
910690,1
910691,4
910692,4
910693,4
910694,4
910695,4
910696,4
910697,1
910698,3
910699,4
910700,1
910701,1
910702,4
910703,4
910704,5
910705,4
910706,4
910707,4
910708,4
910709,4
910710,4
910711,4
910712,4
910713,1
910714,4
910715,4
910716,4
910717,4
910718,4
910719,1
910720,5
910721,4
910722,4
910723,4
910724,4
910725,4
910726,4
910727,5
910728,4
910729,4
910730,4
910731,4
910732,4
910733,4
910734,4
910735,4
910736,1
910737,4
910738,4
910739,4
910740,4
910741,4
910742,4
910743,4
910744,4
910745,4
910746,1
910747,4
910748,4
910749,4
910750,4
910751,4
910752,4
910753,5
910754,4
910755,4
910756,4
910757,4
910758,4
910759,4
910760,4
910761,4
910762,1
910763,4
910764,4
910765,5
910766,4
910767,4
910768,4
910769,4
910770,4
910771,4
910772,4
910773,4
910774,4
910775,4
910776,4
910777,4
910778,1
910779,5
910780,4
910781,4
910782,4
910783,4
910784,4
910785,1
910786,5
910787,4
910788,5
910789,4
910790,5
910791,4
910792,4
910793,4
910794,4
910795,4
910796,4
910797,1
910798,4
910799,4
910800,4
910801,5
910802,4
910803,4
910804,4
910805,4
910806,4
910807,4
910808,4
910809,4
910810,1
910811,4
910812,4
910813,4
910814,4
910815,4
910816,5
910817,4
910818,4
910819,4
910820,4
910821,1
910822,4
910823,4
910824,4
910825,4
910826,4
910827,4
910828,5
910829,4
910830,4
910831,1
910832,4
910833,4
910834,5
910835,4
910836,4
910837,4
910838,4
910839,4
910840,4
910841,5
910842,3
910843,4
910844,4
910845,4
910846,4
910847,4
910848,4
910849,1
910850,4
910851,5
910852,4
910853,4
910854,4
910855,1
910856,1
910857,4
910858,4
910859,4
910860,4
910861,4
910862,4
910863,5
910864,4
910865,5
910866,4
910867,4
910868,4
910869,5
910870,5
910871,5
910872,4
910873,4
910874,4
910875,4
910876,4
910877,4
910878,4
910879,4
910880,4
910881,4
910882,4
910883,4
910884,4
910885,4
910886,4
910887,1
910888,4
910889,5
910890,5
910891,4
910892,4
910893,4
910894,4
910895,4
910896,4
910897,4
910898,1
910899,4
910900,4
910901,4
910902,4
910903,4
910904,4
910905,4
910906,4
910907,4
910908,4
910909,4
910910,4
910911,4
910912,4
910913,4
910914,4
910915,4
910916,1
910917,4
910918,4
910919,4
910920,4
910921,4
910922,4
910923,4
910924,4
910925,4
910926,4
910927,4
910928,4
910929,4
910930,4
910931,4
910932,1
910933,4
910934,1
910935,5
910936,5
910937,4
910938,1
910939,1
910940,4
910941,4
910942,5
910943,4
910944,4
910945,4
910946,4
910947,4
910948,4
910949,4
910950,4
910951,5
910952,4
910953,4
910954,1
910955,4
910956,1
910957,1
910958,4
910959,4
910960,4
910961,4
910962,4
910963,4
910964,4
910965,4
910966,4
910967,1
910968,4
910969,4
910970,4
910971,5
910972,4
910973,4
910974,5
910975,4
910976,4
910977,4
910978,4
910979,4
910980,5
910981,4
910982,4
910983,4
910984,4
910985,4
910986,4
910987,1
910988,4
910989,4
910990,3
910991,4
910992,3
910993,4
910994,4
910995,1
910996,3
910997,4
910998,1
910999,1
911000,4
911001,4
911002,4
911003,4
911004,1
911005,4
911006,5
911007,4
911008,4
911009,4
911010,4
911011,4
911012,4
911013,4
911014,4
911015,4
911016,1
911017,4
911018,4
911019,4
911020,4
911021,4
911022,4
911023,3
911024,4
911025,4
911026,1
911027,4
911028,4
911029,4
911030,4
911031,4
911032,1
911033,4
911034,4
911035,4
911036,3
911037,4
911038,4
911039,4
911040,3
911041,4
911042,4
911043,4
911044,4
911045,4
911046,4
911047,5
911048,4
911049,4
911050,4
911051,1
911052,4
911053,4
911054,1
911055,4
911056,4
911057,3
911058,4
911059,4
911060,4
911061,4
911062,4
911063,4
911064,4
911065,4
911066,4
911067,1
911068,4
911069,4
911070,5
911071,4
911072,1
911073,1
911074,4
911075,4
911076,4
911077,4
911078,4
911079,4
911080,4
911081,4
911082,4
911083,5
911084,1
911085,4
911086,4
911087,4
911088,1
911089,4
911090,4
911091,4
911092,5
911093,4
911094,4
911095,4
911096,4
911097,5
911098,4
911099,4
911100,1
911101,4
911102,4
911103,4
911104,4
911105,4
911106,5
911107,4
911108,5
911109,5
911110,4
911111,4
911112,4
911113,4
911114,4
911115,4
911116,4
911117,1
911118,4
911119,4
911120,4
911121,4
911122,4
911123,4
911124,4
911125,4
911126,4
911127,4
911128,4
911129,4
911130,4
911131,4
911132,4
911133,4
911134,4
911135,4
911136,4
911137,4
911138,1
911139,4
911140,4
911141,4
911142,4
911143,4
911144,1
911145,1
911146,4
911147,4
911148,4
911149,4
911150,4
911151,1
911152,3
911153,4
911154,4
911155,4
911156,4
911157,4
911158,4
911159,4
911160,4
911161,4
911162,4
911163,4
911164,4
911165,4
911166,4
911167,4
911168,4
911169,4
911170,5
911171,1
911172,4
911173,4
911174,4
911175,4
911176,4
911177,4
911178,4
911179,4
911180,4
911181,4
911182,4
911183,4
911184,4
911185,1
911186,1
911187,3
911188,4
911189,4
911190,4
911191,4
911192,4
911193,4
911194,4
911195,4
911196,4
911197,4
911198,4
911199,5
911200,4
911201,4
911202,4
911203,4
911204,4
911205,4
911206,4
911207,4
911208,4
911209,4
911210,1
911211,4
911212,4
911213,4
911214,4
911215,4
911216,4
911217,4
911218,1
911219,4
911220,4
911221,4
911222,5
911223,4
911224,4
911225,4
911226,4
911227,4
911228,4
911229,4
911230,4
911231,4
911232,4
911233,4
911234,4
911235,4
911236,4
911237,4
911238,4
911239,4
911240,4
911241,4
911242,4
911243,4
911244,4
911245,4
911246,1
911247,4
911248,4
911249,4
911250,4
911251,4
911252,4
911253,4
911254,4
911255,1
911256,4
911257,4
911258,4
911259,4
911260,4
911261,4
911262,4
911263,4
911264,1
911265,3
911266,4
911267,4
911268,4
911269,4
911270,4
911271,4
911272,4
911273,5
911274,4
911275,4
911276,4
911277,3
911278,4
911279,4
911280,4
911281,4
911282,4
911283,4
911284,4
911285,4
911286,4
911287,4
911288,1
911289,4
911290,4
911291,4
911292,4
911293,5
911294,4
911295,1
911296,4
911297,4
911298,4
911299,4
911300,4
911301,4
911302,3
911303,1
911304,4
911305,4
911306,4
911307,4
911308,4
911309,4
911310,4
911311,4
911312,4
911313,1
911314,4
911315,4
911316,4
911317,4
911318,4
911319,4
911320,4
911321,4
911322,4
911323,4
911324,4
911325,4
911326,4
911327,4
911328,4
911329,4
911330,1
911331,4
911332,4
911333,3
911334,5
911335,4
911336,4
911337,4
911338,1
911339,4
911340,5
911341,4
911342,1
911343,4
911344,4
911345,1
911346,4
911347,4
911348,4
911349,4
911350,4
911351,4
911352,4
911353,4
911354,4
911355,4
911356,4
911357,4
911358,4
911359,4
911360,4
911361,4
911362,1
911363,4
911364,4
911365,4
911366,4
911367,4
911368,1
911369,5
911370,4
911371,4
911372,4
911373,4
911374,5
911375,4
911376,4
911377,4
911378,5
911379,4
911380,4
911381,4
911382,4
911383,4
911384,4
911385,4
911386,5
911387,4
911388,4
911389,4
911390,4
911391,4
911392,4
911393,4
911394,4
911395,5
911396,4
911397,4
911398,4
911399,4
911400,1
911401,4
911402,4
911403,5
911404,5
911405,1
911406,4
911407,4
911408,4
911409,4
911410,5
911411,4
911412,4
911413,4
911414,5
911415,4
911416,5
911417,4
911418,4
911419,4
911420,4
911421,5
911422,4
911423,5
911424,1
911425,4
911426,5
911427,4
911428,1
911429,1
911430,4
911431,4
911432,4
911433,4
911434,4
911435,4
911436,5
911437,1
911438,4
911439,4
911440,5
911441,4
911442,1
911443,1
911444,4
911445,4
911446,4
911447,1
911448,4
911449,4
911450,4
911451,4
911452,4
911453,5
911454,4
911455,4
911456,5
911457,1
911458,4
911459,1
911460,4
911461,4
911462,5
911463,1
911464,4
911465,4
911466,4
911467,4
911468,5
911469,4
911470,5
911471,4
911472,5
911473,4
911474,4
911475,5
911476,4
911477,4
911478,4
911479,4
911480,4
911481,4
911482,4
911483,1
911484,1
911485,4
911486,4
911487,4
911488,4
911489,1
911490,4
911491,3
911492,4
911493,5
911494,4
911495,4
911496,1
911497,5
911498,4
911499,4
911500,5
911501,4
911502,4
911503,4
911504,4
911505,4
911506,1
911507,4
911508,4
911509,4
911510,4
911511,1
911512,4
911513,4
911514,1
911515,4
911516,4
911517,4
911518,4
911519,4
911520,4
911521,4
911522,4
911523,4
911524,4
911525,4
911526,4
911527,4
911528,4
911529,4
911530,4
911531,1
911532,1
911533,4
911534,4
911535,4
911536,4
911537,4
911538,4
911539,4
911540,4
911541,4
911542,4
911543,4
911544,4
911545,4
911546,1
911547,1
911548,4
911549,1
911550,4
911551,4
911552,4
911553,4
911554,4
911555,4
911556,4
911557,4
911558,4
911559,4
911560,1
911561,4
911562,4
911563,4
911564,1
911565,4
911566,4
911567,4
911568,4
911569,4
911570,4
911571,4
911572,4
911573,1
911574,4
911575,4
911576,4
911577,4
911578,4
911579,4
911580,4
911581,4
911582,4
911583,4
911584,5
911585,4
911586,4
911587,4
911588,1
911589,1
911590,4
911591,5
911592,4
911593,4
911594,4
911595,4
911596,4
911597,4
911598,4
911599,4
911600,4
911601,4
911602,5
911603,4
911604,4
911605,4
911606,4
911607,4
911608,4
911609,4
911610,4
911611,4
911612,4
911613,4
911614,1
911615,4
911616,4
911617,1
911618,4
911619,4
911620,4
911621,4
911622,4
911623,4
911624,4
911625,4
911626,5
911627,4
911628,4
911629,4
911630,4
911631,4
911632,4
911633,4
911634,4
911635,4
911636,1
911637,4
911638,4
911639,4
911640,5
911641,4
911642,3
911643,1
911644,4
911645,4
911646,4
911647,1
911648,4
911649,1
911650,4
911651,4
911652,4
911653,4
911654,4
911655,4
911656,3
911657,4
911658,4
911659,4
911660,4
911661,4
911662,1
911663,5
911664,4
911665,4
911666,4
911667,4
911668,4
911669,4
911670,4
911671,1
911672,4
911673,4
911674,4
911675,4
911676,4
911677,4
911678,4
911679,4
911680,5
911681,4
911682,4
911683,4
911684,4
911685,4
911686,4
911687,4
911688,4
911689,4
911690,4
911691,4
911692,5
911693,4
911694,3
911695,4
911696,4
911697,4
911698,4
911699,4
911700,4
911701,4
911702,5
911703,4
911704,4
911705,4
911706,4
911707,4
911708,4
911709,5
911710,4
911711,1
911712,4
911713,1
911714,5
911715,5
911716,4
911717,3
911718,4
911719,4
911720,4
911721,4
911722,4
911723,4
911724,5
911725,5
911726,4
911727,5
911728,4
911729,4
911730,4
911731,4
911732,3
911733,4
911734,4
911735,4
911736,4
911737,4
911738,4
911739,4
911740,5
911741,4
911742,4
911743,4
911744,4
911745,4
911746,1
911747,4
911748,1
911749,4
911750,4
911751,4
911752,4
911753,4
911754,1
911755,5
911756,5
911757,4
911758,4
911759,4
911760,4
911761,5
911762,4
911763,1
911764,4
911765,5
911766,4
911767,4
911768,4
911769,1
911770,5
911771,5
911772,4
911773,5
911774,4
911775,4
911776,4
911777,4
911778,4
911779,4
911780,5
911781,4
911782,4
911783,5
911784,4
911785,4
911786,4
911787,1
911788,5
911789,1
911790,4
911791,4
911792,4
911793,5
911794,4
911795,4
911796,5
911797,4
911798,4
911799,5
911800,4
911801,4
911802,4
911803,4
911804,4
911805,4
911806,1
911807,5
911808,4
911809,4
911810,5
911811,1
911812,4
911813,5
911814,1
911815,4
911816,4
911817,4
911818,3
911819,1
911820,4
911821,3
911822,1
911823,4
911824,3
911825,3
911826,4
911827,3
911828,4
911829,4
911830,3
911831,4
911832,3
911833,4
911834,4
911835,3
911836,3
911837,1
911838,5
911839,3
911840,3
911841,4
911842,4
911843,5
911844,3
911845,3
911846,4
911847,3
911848,1
911849,4
911850,4
911851,1
911852,3
911853,3
911854,3
911855,4
911856,3
911857,4
911858,4
911859,4
911860,3
911861,1
911862,4
911863,3
911864,4
911865,4
911866,4
911867,4
911868,4
911869,4
911870,4
911871,4
911872,4
911873,4
911874,4
911875,4
911876,4
911877,4
911878,4
911879,4
911880,4
911881,4
911882,4
911883,4
911884,4
911885,4
911886,4
911887,4
911888,4
911889,4
911890,4
911891,4
911892,4
911893,4
911894,1
911895,4
911896,4
911897,4
911898,4
911899,4
911900,1
911901,4
911902,4
911903,4
911904,4
911905,4
911906,4
911907,4
911908,4
911909,4
911910,4
911911,4
911912,4
911913,1
911914,4
911915,5
911916,1
911917,4
911918,4
911919,4
911920,4
911921,4
911922,4
911923,4
911924,4
911925,4
911926,4
911927,4
911928,3
911929,4
911930,4
911931,4
911932,4
911933,5
911934,4
911935,4
911936,4
911937,4
911938,4
911939,4
911940,4
911941,4
911942,4
911943,4
911944,4
911945,4
911946,4
911947,4
911948,4
911949,4
911950,4
911951,4
911952,1
911953,4
911954,4
911955,5
911956,4
911957,4
911958,5
911959,1
911960,4
911961,4
911962,4
911963,4
911964,4
911965,4
911966,4
911967,5
911968,4
911969,4
911970,4
911971,1
911972,4
911973,4
911974,4
911975,4
911976,1
911977,4
911978,4
911979,4
911980,4
911981,1
911982,4
911983,4
911984,4
911985,1
911986,4
911987,5
911988,4
911989,4
911990,4
911991,4
911992,4
911993,1
911994,5
911995,4
911996,1
911997,4
911998,4
911999,4
912000,4
912001,5
912002,5
912003,4
912004,4
912005,1
912006,4
912007,4
912008,1
912009,4
912010,4
912011,4
912012,4
912013,4
912014,4
912015,4
912016,4
912017,4
912018,4
912019,4
912020,4
912021,4
912022,4
912023,4
912024,4
912025,4
912026,4
912027,4
912028,4
912029,4
912030,4
912031,4
912032,4
912033,4
912034,4
912035,4
912036,4
912037,4
912038,4
912039,4
912040,4
912041,4
912042,1
912043,4
912044,4
912045,4
912046,4
912047,4
912048,4
912049,4
912050,4
912051,4
912052,4
912053,4
912054,4
912055,4
912056,5
912057,4
912058,5
912059,4
912060,4
912061,4
912062,4
912063,1
912064,4
912065,4
912066,4
912067,4
912068,3
912069,4
912070,4
912071,4
912072,4
912073,4
912074,4
912075,4
912076,4
912077,4
912078,4
912079,4
912080,4
912081,4
912082,4
912083,4
912084,5
912085,4
912086,4
912087,4
912088,4
912089,4
912090,4
912091,4
912092,4
912093,4
912094,4
912095,4
912096,4
912097,1
912098,4
912099,4
912100,4
912101,1
912102,4
912103,4
912104,3
912105,3
912106,1
912107,1
912108,1
912109,4
912110,4
912111,4
912112,1
912113,4
912114,4
912115,3
912116,4
912117,4
912118,4
912119,4
912120,1
912121,4
912122,5
912123,4
912124,4
912125,4
912126,1
912127,4
912128,4
912129,4
912130,4
912131,4
912132,4
912133,4
912134,4
912135,4
912136,4
912137,4
912138,4
912139,3
912140,4
912141,4
912142,4
912143,1
912144,4
912145,4
912146,3
912147,4
912148,4
912149,3
912150,3
912151,4
912152,4
912153,3
912154,4
912155,4
912156,4
912157,4
912158,3
912159,4
912160,4
912161,4
912162,4
912163,4
912164,4
912165,3
912166,4
912167,3
912168,4
912169,1
912170,1
912171,4
912172,1
912173,3
912174,4
912175,4
912176,4
912177,1
912178,4
912179,4
912180,3
912181,4
912182,4
912183,3
912184,3
912185,4
912186,3
912187,3
912188,4
912189,4
912190,4
912191,4
912192,5
912193,4
912194,4
912195,4
912196,4
912197,4
912198,1
912199,4
912200,1
912201,4
912202,4
912203,4
912204,4
912205,4
912206,4
912207,1
912208,4
912209,4
912210,4
912211,1
912212,1
912213,4
912214,3
912215,4
912216,4
912217,4
912218,4
912219,4
912220,4
912221,4
912222,4
912223,4
912224,4
912225,4
912226,4
912227,4
912228,4
912229,4
912230,4
912231,4
912232,4
912233,4
912234,4
912235,4
912236,1
912237,4
912238,1
912239,4
912240,4
912241,4
912242,4
912243,4
912244,4
912245,4
912246,4
912247,1
912248,4
912249,5
912250,4
912251,4
912252,4
912253,4
912254,3
912255,4
912256,4
912257,1
912258,4
912259,4
912260,4
912261,4
912262,4
912263,4
912264,4
912265,1
912266,4
912267,4
912268,4
912269,4
912270,4
912271,4
912272,4
912273,4
912274,4
912275,4
912276,4
912277,4
912278,4
912279,4
912280,4
912281,4
912282,4
912283,4
912284,4
912285,4
912286,4
912287,4
912288,4
912289,4
912290,4
912291,4
912292,4
912293,4
912294,1
912295,1
912296,4
912297,4
912298,4
912299,4
912300,4
912301,4
912302,4
912303,1
912304,4
912305,4
912306,4
912307,4
912308,1
912309,4
912310,4
912311,1
912312,4
912313,4
912314,4
912315,4
912316,4
912317,4
912318,4
912319,4
912320,1
912321,4
912322,4
912323,4
912324,4
912325,4
912326,4
912327,4
912328,4
912329,4
912330,4
912331,4
912332,4
912333,4
912334,4
912335,4
912336,4
912337,1
912338,4
912339,4
912340,4
912341,4
912342,4
912343,4
912344,4
912345,4
912346,4
912347,1
912348,4
912349,4
912350,4
912351,1
912352,1
912353,4
912354,4
912355,4
912356,4
912357,4
912358,4
912359,4
912360,4
912361,4
912362,4
912363,1
912364,4
912365,1
912366,4
912367,4
912368,4
912369,4
912370,4
912371,4
912372,4
912373,4
912374,4
912375,1
912376,4
912377,4
912378,4
912379,4
912380,4
912381,4
912382,1
912383,1
912384,4
912385,4
912386,4
912387,1
912388,4
912389,4
912390,4
912391,4
912392,1
912393,4
912394,4
912395,4
912396,1
912397,4
912398,4
912399,4
912400,4
912401,5
912402,4
912403,4
912404,4
912405,1
912406,4
912407,4
912408,1
912409,1
912410,4
912411,4
912412,4
912413,5
912414,5
912415,4
912416,4
912417,4
912418,4
912419,4
912420,1
912421,5
912422,4
912423,4
912424,4
912425,4
912426,5
912427,5
912428,4
912429,4
912430,5
912431,4
912432,1
912433,4
912434,4
912435,4
912436,1
912437,4
912438,4
912439,4
912440,4
912441,4
912442,4
912443,4
912444,4
912445,4
912446,1
912447,1
912448,4
912449,4
912450,1
912451,4
912452,4
912453,4
912454,4
912455,4
912456,5
912457,4
912458,5
912459,4
912460,4
912461,1
912462,1
912463,4
912464,4
912465,4
912466,4
912467,4
912468,4
912469,4
912470,4
912471,4
912472,4
912473,4
912474,4
912475,1
912476,4
912477,4
912478,4
912479,4
912480,4
912481,4
912482,4
912483,1
912484,1
912485,4
912486,4
912487,4
912488,4
912489,4
912490,4
912491,4
912492,4
912493,4
912494,4
912495,4
912496,4
912497,4
912498,4
912499,4
912500,4
912501,4
912502,4
912503,4
912504,4
912505,4
912506,4
912507,1
912508,4
912509,4
912510,4
912511,4
912512,4
912513,4
912514,4
912515,5
912516,1
912517,4
912518,4
912519,1
912520,4
912521,4
912522,4
912523,4
912524,4
912525,1
912526,4
912527,4
912528,4
912529,4
912530,4
912531,4
912532,4
912533,3
912534,1
912535,3
912536,3
912537,3
912538,3
912539,3
912540,3
912541,3
912542,3
912543,3
912544,3
912545,3
912546,3
912547,3
912548,3
912549,3
912550,3
912551,3
912552,3
912553,4
912554,3
912555,3
912556,3
912557,3
912558,4
912559,3
912560,4
912561,3
912562,1
912563,3
912564,1
912565,3
912566,3
912567,4
912568,4
912569,4
912570,1
912571,1
912572,3
912573,3
912574,4
912575,3
912576,3
912577,3
912578,3
912579,1
912580,3
912581,3
912582,1
912583,3
912584,3
912585,3
912586,3
912587,3
912588,5
912589,3
912590,3
912591,3
912592,4
912593,4
912594,3
912595,3
912596,4
912597,4
912598,3
912599,3
912600,4
912601,3
912602,3
912603,3
912604,3
912605,3
912606,3
912607,3
912608,4
912609,4
912610,4
912611,4
912612,4
912613,4
912614,4
912615,4
912616,4
912617,1
912618,4
912619,4
912620,4
912621,4
912622,1
912623,4
912624,4
912625,1
912626,4
912627,4
912628,5
912629,4
912630,1
912631,4
912632,4
912633,4
912634,4
912635,4
912636,1
912637,4
912638,4
912639,4
912640,4
912641,4
912642,4
912643,4
912644,4
912645,4
912646,4
912647,4
912648,4
912649,4
912650,4
912651,4
912652,4
912653,4
912654,1
912655,4
912656,4
912657,4
912658,4
912659,4
912660,4
912661,4
912662,4
912663,4
912664,4
912665,4
912666,1
912667,4
912668,1
912669,1
912670,4
912671,4
912672,4
912673,4
912674,4
912675,4
912676,4
912677,1
912678,4
912679,4
912680,4
912681,4
912682,4
912683,4
912684,4
912685,4
912686,4
912687,4
912688,1
912689,4
912690,4
912691,4
912692,1
912693,4
912694,4
912695,4
912696,4
912697,4
912698,4
912699,4
912700,1
912701,4
912702,4
912703,4
912704,4
912705,4
912706,4
912707,4
912708,4
912709,1
912710,4
912711,4
912712,4
912713,1
912714,4
912715,4
912716,4
912717,1
912718,4
912719,4
912720,4
912721,4
912722,4
912723,4
912724,4
912725,4
912726,4
912727,1
912728,4
912729,4
912730,4
912731,4
912732,4
912733,4
912734,4
912735,1
912736,4
912737,4
912738,4
912739,4
912740,4
912741,4
912742,4
912743,4
912744,4
912745,4
912746,1
912747,4
912748,4
912749,4
912750,1
912751,4
912752,4
912753,4
912754,4
912755,4
912756,4
912757,4
912758,4
912759,4
912760,4
912761,4
912762,4
912763,4
912764,4
912765,4
912766,4
912767,4
912768,4
912769,4
912770,4
912771,4
912772,4
912773,5
912774,4
912775,4
912776,4
912777,4
912778,4
912779,4
912780,4
912781,4
912782,4
912783,4
912784,4
912785,4
912786,5
912787,4
912788,4
912789,1
912790,4
912791,4
912792,4
912793,5
912794,1
912795,5
912796,4
912797,4
912798,4
912799,4
912800,4
912801,4
912802,5
912803,4
912804,1
912805,4
912806,5
912807,4
912808,4
912809,1
912810,4
912811,5
912812,4
912813,4
912814,4
912815,4
912816,5
912817,4
912818,4
912819,1
912820,4
912821,4
912822,4
912823,4
912824,4
912825,4
912826,4
912827,4
912828,4
912829,4
912830,4
912831,5
912832,4
912833,4
912834,4
912835,4
912836,4
912837,5
912838,5
912839,5
912840,4
912841,4
912842,4
912843,4
912844,1
912845,1
912846,4
912847,4
912848,4
912849,4
912850,1
912851,4
912852,1
912853,4
912854,4
912855,4
912856,4
912857,4
912858,4
912859,4
912860,4
912861,4
912862,4
912863,4
912864,4
912865,1
912866,5
912867,4
912868,4
912869,4
912870,4
912871,4
912872,1
912873,4
912874,4
912875,4
912876,5
912877,4
912878,4
912879,4
912880,4
912881,4
912882,4
912883,5
912884,4
912885,4
912886,4
912887,5
912888,4
912889,4
912890,5
912891,4
912892,4
912893,4
912894,4
912895,4
912896,4
912897,4
912898,4
912899,1
912900,5
912901,4
912902,4
912903,4
912904,4
912905,4
912906,4
912907,4
912908,4
912909,4
912910,5
912911,4
912912,4
912913,4
912914,4
912915,1
912916,4
912917,4
912918,4
912919,5
912920,4
912921,5
912922,4
912923,4
912924,4
912925,4
912926,4
912927,4
912928,4
912929,4
912930,4
912931,5
912932,4
912933,4
912934,4
912935,4
912936,4
912937,4
912938,4
912939,4
912940,5
912941,5
912942,4
912943,4
912944,1
912945,4
912946,5
912947,4
912948,4
912949,4
912950,4
912951,4
912952,4
912953,4
912954,4
912955,1
912956,4
912957,1
912958,4
912959,4
912960,4
912961,4
912962,4
912963,4
912964,1
912965,4
912966,4
912967,4
912968,4
912969,4
912970,4
912971,4
912972,1
912973,4
912974,4
912975,4
912976,4
912977,4
912978,4
912979,1
912980,1
912981,4
912982,4
912983,4
912984,4
912985,4
912986,4
912987,4
912988,4
912989,4
912990,4
912991,4
912992,1
912993,4
912994,4
912995,4
912996,4
912997,1
912998,4
912999,4
913000,4
913001,4
913002,4
913003,4
913004,4
913005,1
913006,4
913007,1
913008,4
913009,4
913010,4
913011,4
913012,4
913013,4
913014,4
913015,1
913016,4
913017,1
913018,4
913019,4
913020,4
913021,4
913022,4
913023,4
913024,1
913025,5
913026,4
913027,5
913028,4
913029,4
913030,4
913031,4
913032,1
913033,4
913034,4
913035,4
913036,4
913037,4
913038,1
913039,4
913040,4
913041,1
913042,4
913043,1
913044,4
913045,4
913046,4
913047,1
913048,4
913049,4
913050,4
913051,5
913052,4
913053,5
913054,4
913055,1
913056,4
913057,4
913058,4
913059,4
913060,4
913061,4
913062,4
913063,4
913064,4
913065,4
913066,4
913067,4
913068,4
913069,1
913070,1
913071,4
913072,4
913073,4
913074,4
913075,3
913076,4
913077,5
913078,4
913079,4
913080,4
913081,4
913082,4
913083,4
913084,4
913085,4
913086,4
913087,4
913088,1
913089,4
913090,4
913091,4
913092,4
913093,4
913094,4
913095,4
913096,4
913097,4
913098,5
913099,4
913100,1
913101,4
913102,4
913103,4
913104,4
913105,4
913106,4
913107,4
913108,4
913109,3
913110,4
913111,4
913112,4
913113,4
913114,4
913115,4
913116,4
913117,4
913118,4
913119,4
913120,4
913121,1
913122,4
913123,4
913124,4
913125,4
913126,4
913127,4
913128,1
913129,4
913130,4
913131,4
913132,1
913133,4
913134,4
913135,4
913136,4
913137,4
913138,4
913139,4
913140,4
913141,4
913142,4
913143,4
913144,4
913145,1
913146,4
913147,1
913148,4
913149,4
913150,4
913151,4
913152,4
913153,4
913154,4
913155,5
913156,4
913157,4
913158,4
913159,4
913160,4
913161,4
913162,4
913163,4
913164,4
913165,4
913166,4
913167,4
913168,4
913169,4
913170,4
913171,4
913172,4
913173,4
913174,1
913175,4
913176,1
913177,4
913178,4
913179,4
913180,1
913181,4
913182,4
913183,4
913184,4
913185,4
913186,4
913187,4
913188,4
913189,4
913190,4
913191,4
913192,4
913193,4
913194,4
913195,1
913196,1
913197,4
913198,4
913199,4
913200,4
913201,4
913202,4
913203,3
913204,5
913205,4
913206,4
913207,4
913208,4
913209,5
913210,1
913211,5
913212,4
913213,4
913214,4
913215,4
913216,1
913217,4
913218,4
913219,1
913220,1
913221,4
913222,4
913223,4
913224,4
913225,4
913226,4
913227,4
913228,4
913229,4
913230,4
913231,4
913232,5
913233,4
913234,4
913235,4
913236,4
913237,4
913238,4
913239,4
913240,4
913241,4
913242,4
913243,5
913244,4
913245,4
913246,5
913247,5
913248,1
913249,1
913250,4
913251,4
913252,5
913253,1
913254,4
913255,4
913256,4
913257,4
913258,4
913259,4
913260,4
913261,4
913262,1
913263,5
913264,4
913265,1
913266,4
913267,4
913268,4
913269,4
913270,4
913271,4
913272,4
913273,4
913274,5
913275,4
913276,4
913277,1
913278,4
913279,4
913280,4
913281,4
913282,4
913283,4
913284,4
913285,4
913286,4
913287,4
913288,3
913289,4
913290,4
913291,5
913292,4
913293,4
913294,5
913295,5
913296,4
913297,4
913298,4
913299,1
913300,4
913301,4
913302,4
913303,4
913304,4
913305,4
913306,4
913307,4
913308,4
913309,4
913310,4
913311,4
913312,4
913313,4
913314,4
913315,4
913316,4
913317,4
913318,4
913319,4
913320,4
913321,4
913322,4
913323,4
913324,5
913325,4
913326,1
913327,4
913328,4
913329,4
913330,4
913331,4
913332,4
913333,4
913334,4
913335,4
913336,4
913337,3
913338,3
913339,3
913340,3
913341,3
913342,1
913343,4
913344,3
913345,4
913346,4
913347,1
913348,3
913349,3
913350,4
913351,3
913352,1
913353,3
913354,4
913355,3
913356,4
913357,3
913358,3
913359,3
913360,3
913361,4
913362,1
913363,3
913364,4
913365,4
913366,4
913367,3
913368,4
913369,3
913370,4
913371,4
913372,4
913373,4
913374,4
913375,4
913376,4
913377,4
913378,4
913379,4
913380,4
913381,4
913382,4
913383,4
913384,1
913385,4
913386,4
913387,4
913388,4
913389,4
913390,4
913391,1
913392,4
913393,4
913394,4
913395,4
913396,4
913397,5
913398,5
913399,4
913400,4
913401,4
913402,1
913403,4
913404,4
913405,4
913406,4
913407,4
913408,4
913409,4
913410,4
913411,4
913412,4
913413,4
913414,4
913415,4
913416,4
913417,4
913418,4
913419,4
913420,4
913421,5
913422,4
913423,4
913424,4
913425,4
913426,4
913427,1
913428,4
913429,4
913430,4
913431,4
913432,4
913433,4
913434,4
913435,4
913436,4
913437,4
913438,4
913439,4
913440,5
913441,4
913442,4
913443,5
913444,4
913445,4
913446,4
913447,5
913448,5
913449,4
913450,4
913451,4
913452,4
913453,4
913454,4
913455,5
913456,4
913457,4
913458,4
913459,1
913460,4
913461,4
913462,4
913463,4
913464,4
913465,4
913466,4
913467,4
913468,4
913469,3
913470,3
913471,4
913472,1
913473,4
913474,4
913475,4
913476,4
913477,4
913478,4
913479,4
913480,4
913481,1
913482,4
913483,4
913484,4
913485,4
913486,4
913487,4
913488,4
913489,4
913490,4
913491,4
913492,1
913493,4
913494,4
913495,4
913496,4
913497,4
913498,4
913499,4
913500,4
913501,4
913502,4
913503,4
913504,4
913505,4
913506,4
913507,4
913508,4
913509,4
913510,4
913511,4
913512,1
913513,4
913514,4
913515,4
913516,4
913517,4
913518,4
913519,4
913520,4
913521,4
913522,4
913523,4
913524,4
913525,4
913526,4
913527,4
913528,4
913529,4
913530,4
913531,5
913532,4
913533,4
913534,4
913535,4
913536,1
913537,1
913538,4
913539,4
913540,4
913541,4
913542,4
913543,4
913544,4
913545,4
913546,4
913547,4
913548,4
913549,4
913550,4
913551,4
913552,4
913553,4
913554,4
913555,3
913556,4
913557,4
913558,3
913559,4
913560,4
913561,4
913562,1
913563,4
913564,4
913565,4
913566,4
913567,4
913568,4
913569,4
913570,4
913571,5
913572,4
913573,1
913574,4
913575,4
913576,4
913577,4
913578,4
913579,3
913580,4
913581,4
913582,4
913583,4
913584,4
913585,4
913586,4
913587,4
913588,4
913589,4
913590,4
913591,4
913592,4
913593,4
913594,4
913595,4
913596,4
913597,4
913598,4
913599,4
913600,4
913601,4
913602,4
913603,5
913604,4
913605,4
913606,4
913607,1
913608,4
913609,4
913610,4
913611,4
913612,4
913613,4
913614,1
913615,4
913616,5
913617,4
913618,5
913619,5
913620,4
913621,4
913622,4
913623,4
913624,4
913625,4
913626,5
913627,4
913628,5
913629,4
913630,1
913631,5
913632,4
913633,4
913634,4
913635,1
913636,4
913637,4
913638,4
913639,4
913640,1
913641,4
913642,4
913643,4
913644,4
913645,4
913646,4
913647,4
913648,4
913649,4
913650,4
913651,4
913652,4
913653,1
913654,4
913655,4
913656,4
913657,4
913658,4
913659,4
913660,4
913661,4
913662,3
913663,4
913664,4
913665,4
913666,4
913667,4
913668,4
913669,4
913670,4
913671,4
913672,4
913673,4
913674,4
913675,4
913676,4
913677,4
913678,4
913679,4
913680,4
913681,4
913682,1
913683,5
913684,4
913685,4
913686,4
913687,4
913688,4
913689,4
913690,4
913691,4
913692,4
913693,4
913694,4
913695,4
913696,4
913697,4
913698,1
913699,4
913700,4
913701,4
913702,4
913703,4
913704,4
913705,4
913706,4
913707,4
913708,4
913709,4
913710,4
913711,4
913712,1
913713,4
913714,4
913715,4
913716,4
913717,4
913718,4
913719,4
913720,4
913721,4
913722,4
913723,4
913724,1
913725,1
913726,4
913727,1
913728,4
913729,4
913730,4
913731,4
913732,4
913733,4
913734,4
913735,4
913736,4
913737,4
913738,1
913739,4
913740,4
913741,4
913742,4
913743,4
913744,4
913745,1
913746,4
913747,4
913748,4
913749,4
913750,4
913751,1
913752,4
913753,4
913754,1
913755,4
913756,1
913757,4
913758,4
913759,4
913760,4
913761,4
913762,4
913763,4
913764,1
913765,1
913766,4
913767,4
913768,4
913769,4
913770,4
913771,4
913772,4
913773,4
913774,1
913775,4
913776,1
913777,4
913778,4
913779,4
913780,4
913781,4
913782,4
913783,4
913784,4
913785,4
913786,4
913787,1
913788,4
913789,4
913790,1
913791,4
913792,1
913793,4
913794,4
913795,1
913796,4
913797,4
913798,4
913799,4
913800,4
913801,4
913802,4
913803,5
913804,4
913805,4
913806,4
913807,4
913808,4
913809,4
913810,4
913811,1
913812,4
913813,4
913814,4
913815,4
913816,1
913817,1
913818,4
913819,4
913820,1
913821,4
913822,4
913823,4
913824,3
913825,4
913826,4
913827,4
913828,4
913829,4
913830,4
913831,4
913832,4
913833,4
913834,4
913835,4
913836,4
913837,4
913838,4
913839,4
913840,5
913841,4
913842,5
913843,4
913844,1
913845,4
913846,4
913847,1
913848,4
913849,4
913850,1
913851,5
913852,4
913853,5
913854,4
913855,4
913856,5
913857,4
913858,4
913859,4
913860,4
913861,1
913862,5
913863,5
913864,4
913865,4
913866,4
913867,4
913868,5
913869,1
913870,4
913871,5
913872,4
913873,4
913874,4
913875,5
913876,4
913877,5
913878,4
913879,4
913880,4
913881,4
913882,4
913883,1
913884,4
913885,4
913886,5
913887,4
913888,4
913889,4
913890,4
913891,4
913892,4
913893,4
913894,4
913895,4
913896,1
913897,1
913898,4
913899,4
913900,1
913901,4
913902,4
913903,4
913904,4
913905,4
913906,4
913907,4
913908,5
913909,1
913910,4
913911,5
913912,4
913913,4
913914,4
913915,4
913916,5
913917,4
913918,1
913919,4
913920,4
913921,4
913922,1
913923,4
913924,5
913925,4
913926,4
913927,4
913928,4
913929,5
913930,4
913931,5
913932,4
913933,4
913934,4
913935,4
913936,4
913937,4
913938,4
913939,4
913940,5
913941,4
913942,4
913943,4
913944,4
913945,4
913946,1
913947,1
913948,4
913949,4
913950,4
913951,4
913952,4
913953,4
913954,4
913955,4
913956,4
913957,1
913958,4
913959,4
913960,4
913961,4
913962,4
913963,4
913964,1
913965,4
913966,4
913967,4
913968,4
913969,4
913970,4
913971,4
913972,4
913973,4
913974,4
913975,4
913976,4
913977,4
913978,4
913979,4
913980,1
913981,4
913982,4
913983,4
913984,4
913985,4
913986,4
913987,1
913988,4
913989,4
913990,4
913991,4
913992,4
913993,1
913994,4
913995,4
913996,4
913997,4
913998,4
913999,4
914000,4
914001,4
914002,4
914003,4
914004,4
914005,4
914006,4
914007,4
914008,4
914009,4
914010,4
914011,4
914012,5
914013,4
914014,4
914015,4
914016,1
914017,4
914018,1
914019,5
914020,4
914021,4
914022,4
914023,4
914024,4
914025,4
914026,1
914027,5
914028,1
914029,4
914030,4
914031,5
914032,4
914033,4
914034,4
914035,4
914036,4
914037,4
914038,4
914039,4
914040,4
914041,4
914042,4
914043,4
914044,4
914045,4
914046,4
914047,4
914048,4
914049,1
914050,1
914051,4
914052,4
914053,4
914054,4
914055,4
914056,4
914057,4
914058,4
914059,4
914060,4
914061,4
914062,4
914063,4
914064,4
914065,4
914066,4
914067,4
914068,4
914069,4
914070,4
914071,4
914072,4
914073,1
914074,4
914075,4
914076,4
914077,4
914078,4
914079,4
914080,4
914081,5
914082,4
914083,4
914084,4
914085,4
914086,3
914087,4
914088,1
914089,4
914090,4
914091,1
914092,4
914093,4
914094,4
914095,1
914096,4
914097,1
914098,4
914099,4
914100,4
914101,4
914102,4
914103,4
914104,4
914105,4
914106,4
914107,4
914108,4
914109,4
914110,4
914111,4
914112,4
914113,4
914114,4
914115,4
914116,4
914117,4
914118,4
914119,4
914120,1
914121,4
914122,4
914123,4
914124,4
914125,4
914126,4
914127,4
914128,4
914129,4
914130,4
914131,4
914132,4
914133,4
914134,5
914135,4
914136,1
914137,4
914138,4
914139,4
914140,4
914141,5
914142,4
914143,4
914144,4
914145,4
914146,4
914147,4
914148,4
914149,4
914150,4
914151,4
914152,4
914153,4
914154,4
914155,4
914156,4
914157,4
914158,4
914159,1
914160,4
914161,4
914162,4
914163,4
914164,4
914165,4
914166,4
914167,4
914168,4
914169,4
914170,4
914171,4
914172,4
914173,4
914174,4
914175,4
914176,1
914177,4
914178,4
914179,4
914180,4
914181,1
914182,1
914183,4
914184,5
914185,4
914186,1
914187,4
914188,4
914189,1
914190,4
914191,5
914192,1
914193,4
914194,4
914195,4
914196,4
914197,4
914198,4
914199,1
914200,5
914201,4
914202,4
914203,5
914204,5
914205,4
914206,5
914207,4
914208,4
914209,4
914210,4
914211,4
914212,4
914213,5
914214,4
914215,4
914216,4
914217,4
914218,4
914219,5
914220,4
914221,4
914222,5
914223,4
914224,4
914225,4
914226,4
914227,1
914228,4
914229,4
914230,4
914231,4
914232,4
914233,5
914234,4
914235,5
914236,4
914237,4
914238,1
914239,4
914240,1
914241,4
914242,4
914243,4
914244,4
914245,4
914246,4
914247,4
914248,4
914249,4
914250,4
914251,4
914252,4
914253,4
914254,4
914255,1
914256,4
914257,4
914258,4
914259,4
914260,1
914261,4
914262,4
914263,4
914264,1
914265,4
914266,5
914267,4
914268,4
914269,4
914270,4
914271,4
914272,4
914273,1
914274,5
914275,4
914276,4
914277,4
914278,4
914279,4
914280,4
914281,4
914282,4
914283,5
914284,4
914285,4
914286,1
914287,4
914288,4
914289,1
914290,4
914291,4
914292,4
914293,4
914294,4
914295,4
914296,4
914297,5
914298,4
914299,4
914300,4
914301,4
914302,4
914303,4
914304,4
914305,4
914306,4
914307,4
914308,4
914309,4
914310,4
914311,4
914312,4
914313,4
914314,4
914315,1
914316,4
914317,4
914318,1
914319,4
914320,4
914321,4
914322,4
914323,4
914324,4
914325,4
914326,4
914327,4
914328,4
914329,4
914330,4
914331,1
914332,4
914333,4
914334,4
914335,1
914336,4
914337,4
914338,4
914339,4
914340,1
914341,4
914342,1
914343,4
914344,4
914345,4
914346,4
914347,4
914348,3
914349,4
914350,4
914351,4
914352,4
914353,3
914354,3
914355,4
914356,4
914357,3
914358,4
914359,4
914360,5
914361,4
914362,4
914363,3
914364,4
914365,4
914366,4
914367,1
914368,4
914369,4
914370,5
914371,5
914372,5
914373,5
914374,4
914375,5
914376,5
914377,4
914378,5
914379,5
914380,5
914381,4
914382,4
914383,4
914384,4
914385,5
914386,1
914387,4
914388,4
914389,4
914390,4
914391,5
914392,4
914393,1
914394,4
914395,5
914396,1
914397,5
914398,4
914399,4
914400,4
914401,4
914402,4
914403,4
914404,3
914405,4
914406,3
914407,5
914408,4
914409,5
914410,3
914411,4
914412,4
914413,3
914414,4
914415,4
914416,3
914417,4
914418,4
914419,1
914420,5
914421,4
914422,4
914423,4
914424,4
914425,5
914426,4
914427,4
914428,4
914429,5
914430,3
914431,4
914432,1
914433,4
914434,4
914435,4
914436,4
914437,3
914438,4
914439,4
914440,3
914441,4
914442,4
914443,5
914444,4
914445,1
914446,4
914447,4
914448,4
914449,4
914450,5
914451,4
914452,1
914453,4
914454,4
914455,4
914456,4
914457,3
914458,5
914459,1
914460,5
914461,4
914462,4
914463,1
914464,1
914465,4
914466,1
914467,5
914468,4
914469,1
914470,4
914471,4
914472,4
914473,5
914474,1
914475,4
914476,4
914477,4
914478,4
914479,4
914480,4
914481,4
914482,4
914483,4
914484,4
914485,3
914486,4
914487,4
914488,4
914489,5
914490,4
914491,4
914492,4
914493,4
914494,5
914495,5
914496,4
914497,4
914498,4
914499,4
914500,5
914501,4
914502,4
914503,4
914504,5
914505,4
914506,5
914507,4
914508,4
914509,4
914510,4
914511,4
914512,4
914513,4
914514,4
914515,4
914516,5
914517,5
914518,5
914519,5
914520,5
914521,4
914522,5
914523,1
914524,5
914525,5
914526,4
914527,5
914528,4
914529,5
914530,4
914531,4
914532,4
914533,4
914534,4
914535,4
914536,1
914537,4
914538,4
914539,1
914540,1
914541,5
914542,4
914543,4
914544,5
914545,5
914546,4
914547,4
914548,4
914549,4
914550,4
914551,4
914552,4
914553,4
914554,4
914555,4
914556,4
914557,4
914558,1
914559,4
914560,4
914561,4
914562,4
914563,4
914564,4
914565,4
914566,4
914567,4
914568,5
914569,4
914570,4
914571,4
914572,4
914573,4
914574,4
914575,4
914576,4
914577,4
914578,4
914579,5
914580,4
914581,4
914582,4
914583,4
914584,4
914585,4
914586,1
914587,4
914588,4
914589,4
914590,4
914591,4
914592,4
914593,4
914594,4
914595,4
914596,4
914597,4
914598,4
914599,4
914600,5
914601,4
914602,4
914603,4
914604,4
914605,4
914606,1
914607,4
914608,4
914609,4
914610,4
914611,4
914612,4
914613,4
914614,4
914615,4
914616,5
914617,4
914618,4
914619,4
914620,1
914621,4
914622,4
914623,4
914624,4
914625,4
914626,4
914627,4
914628,4
914629,4
914630,4
914631,4
914632,1
914633,4
914634,4
914635,1
914636,4
914637,1
914638,4
914639,4
914640,4
914641,4
914642,4
914643,4
914644,4
914645,4
914646,4
914647,4
914648,4
914649,1
914650,4
914651,4
914652,4
914653,4
914654,4
914655,4
914656,4
914657,4
914658,4
914659,4
914660,4
914661,4
914662,4
914663,1
914664,1
914665,5
914666,4
914667,4
914668,4
914669,4
914670,4
914671,4
914672,4
914673,4
914674,4
914675,4
914676,4
914677,4
914678,1
914679,4
914680,4
914681,4
914682,4
914683,4
914684,4
914685,4
914686,4
914687,4
914688,4
914689,4
914690,4
914691,4
914692,4
914693,4
914694,4
914695,1
914696,4
914697,4
914698,4
914699,4
914700,4
914701,4
914702,4
914703,4
914704,4
914705,4
914706,4
914707,4
914708,4
914709,4
914710,4
914711,4
914712,4
914713,4
914714,4
914715,4
914716,4
914717,1
914718,4
914719,1
914720,4
914721,1
914722,4
914723,4
914724,4
914725,4
914726,4
914727,4
914728,4
914729,4
914730,4
914731,1
914732,4
914733,4
914734,4
914735,4
914736,1
914737,4
914738,4
914739,4
914740,4
914741,4
914742,4
914743,4
914744,4
914745,5
914746,4
914747,1
914748,4
914749,4
914750,4
914751,4
914752,4
914753,4
914754,4
914755,1
914756,4
914757,4
914758,4
914759,4
914760,4
914761,4
914762,1
914763,4
914764,4
914765,4
914766,4
914767,4
914768,4
914769,4
914770,4
914771,4
914772,4
914773,4
914774,5
914775,5
914776,5
914777,1
914778,4
914779,5
914780,5
914781,4
914782,4
914783,4
914784,4
914785,4
914786,4
914787,4
914788,1
914789,4
914790,4
914791,4
914792,4
914793,4
914794,1
914795,5
914796,4
914797,4
914798,4
914799,4
914800,1
914801,4
914802,4
914803,4
914804,4
914805,4
914806,5
914807,4
914808,3
914809,4
914810,5
914811,4
914812,4
914813,4
914814,4
914815,4
914816,4
914817,4
914818,4
914819,5
914820,5
914821,1
914822,4
914823,4
914824,4
914825,1
914826,4
914827,4
914828,4
914829,4
914830,1
914831,4
914832,1
914833,4
914834,4
914835,4
914836,5
914837,4
914838,5
914839,1
914840,4
914841,4
914842,5
914843,4
914844,4
914845,4
914846,5
914847,1
914848,4
914849,4
914850,4
914851,4
914852,4
914853,5
914854,1
914855,4
914856,4
914857,4
914858,4
914859,4
914860,4
914861,4
914862,1
914863,4
914864,4
914865,1
914866,4
914867,4
914868,4
914869,4
914870,4
914871,4
914872,4
914873,4
914874,4
914875,4
914876,4
914877,4
914878,4
914879,4
914880,4
914881,4
914882,4
914883,4
914884,4
914885,4
914886,4
914887,4
914888,4
914889,5
914890,5
914891,4
914892,4
914893,4
914894,4
914895,4
914896,4
914897,4
914898,4
914899,4
914900,4
914901,4
914902,4
914903,5
914904,4
914905,4
914906,5
914907,5
914908,4
914909,4
914910,1
914911,4
914912,4
914913,4
914914,4
914915,5
914916,4
914917,5
914918,4
914919,4
914920,5
914921,4
914922,4
914923,4
914924,4
914925,4
914926,5
914927,5
914928,4
914929,5
914930,5
914931,4
914932,4
914933,4
914934,4
914935,4
914936,3
914937,4
914938,4
914939,4
914940,3
914941,4
914942,4
914943,4
914944,4
914945,4
914946,1
914947,4
914948,4
914949,4
914950,4
914951,4
914952,4
914953,4
914954,4
914955,4
914956,4
914957,4
914958,1
914959,4
914960,4
914961,4
914962,4
914963,4
914964,4
914965,4
914966,4
914967,4
914968,4
914969,4
914970,4
914971,1
914972,3
914973,4
914974,4
914975,4
914976,4
914977,3
914978,4
914979,3
914980,4
914981,4
914982,4
914983,4
914984,4
914985,4
914986,4
914987,3
914988,4
914989,4
914990,4
914991,3
914992,4
914993,4
914994,4
914995,4
914996,4
914997,4
914998,4
914999,4
915000,4
915001,4
915002,1
915003,1
915004,4
915005,4
915006,4
915007,4
915008,4
915009,4
915010,1
915011,4
915012,4
915013,4
915014,4
915015,1
915016,4
915017,4
915018,4
915019,5
915020,4
915021,4
915022,1
915023,3
915024,4
915025,4
915026,4
915027,4
915028,4
915029,4
915030,1
915031,1
915032,4
915033,4
915034,4
915035,4
915036,4
915037,4
915038,4
915039,4
915040,1
915041,4
915042,4
915043,4
915044,1
915045,4
915046,1
915047,4
915048,4
915049,4
915050,4
915051,3
915052,4
915053,4
915054,4
915055,3
915056,4
915057,4
915058,4
915059,4
915060,4
915061,4
915062,4
915063,4
915064,4
915065,4
915066,4
915067,4
915068,4
915069,4
915070,1
915071,4
915072,4
915073,4
915074,4
915075,1
915076,1
915077,4
915078,1
915079,4
915080,4
915081,4
915082,1
915083,4
915084,4
915085,4
915086,5
915087,4
915088,5
915089,1
915090,4
915091,5
915092,4
915093,4
915094,4
915095,4
915096,1
915097,1
915098,4
915099,5
915100,4
915101,4
915102,4
915103,4
915104,4
915105,4
915106,4
915107,4
915108,4
915109,4
915110,4
915111,5
915112,4
915113,4
915114,1
915115,4
915116,4
915117,4
915118,5
915119,4
915120,5
915121,4
915122,4
915123,4
915124,4
915125,4
915126,1
915127,4
915128,4
915129,1
915130,1
915131,4
915132,4
915133,1
915134,4
915135,4
915136,3
915137,3
915138,3
915139,3
915140,3
915141,1
915142,1
915143,4
915144,4
915145,1
915146,4
915147,4
915148,4
915149,4
915150,4
915151,4
915152,4
915153,4
915154,4
915155,1
915156,4
915157,4
915158,5
915159,4
915160,4
915161,4
915162,4
915163,4
915164,4
915165,4
915166,4
915167,1
915168,4
915169,4
915170,4
915171,5
915172,4
915173,4
915174,4
915175,4
915176,4
915177,4
915178,4
915179,4
915180,4
915181,4
915182,4
915183,4
915184,4
915185,4
915186,4
915187,4
915188,4
915189,4
915190,4
915191,4
915192,1
915193,4
915194,1
915195,1
915196,1
915197,4
915198,4
915199,4
915200,4
915201,1
915202,4
915203,1
915204,4
915205,4
915206,4
915207,4
915208,4
915209,4
915210,4
915211,4
915212,4
915213,1
915214,4
915215,4
915216,4
915217,4
915218,4
915219,4
915220,4
915221,4
915222,4
915223,4
915224,4
915225,4
915226,1
915227,4
915228,4
915229,4
915230,4
915231,4
915232,4
915233,1
915234,4
915235,4
915236,4
915237,4
915238,4
915239,4
915240,1
915241,4
915242,4
915243,1
915244,4
915245,1
915246,4
915247,1
915248,4
915249,4
915250,4
915251,4
915252,4
915253,4
915254,4
915255,4
915256,4
915257,4
915258,4
915259,4
915260,4
915261,1
915262,4
915263,4
915264,4
915265,4
915266,4
915267,4
915268,4
915269,4
915270,4
915271,1
915272,4
915273,4
915274,4
915275,4
915276,4
915277,4
915278,4
915279,4
915280,4
915281,1
915282,4
915283,4
915284,4
915285,4
915286,4
915287,4
915288,4
915289,4
915290,4
915291,4
915292,4
915293,4
915294,1
915295,4
915296,5
915297,4
915298,1
915299,4
915300,4
915301,4
915302,4
915303,1
915304,1
915305,4
915306,1
915307,4
915308,5
915309,4
915310,1
915311,4
915312,4
915313,4
915314,4
915315,4
915316,5
915317,1
915318,4
915319,4
915320,4
915321,1
915322,4
915323,4
915324,4
915325,4
915326,4
915327,4
915328,4
915329,4
915330,4
915331,4
915332,4
915333,4
915334,4
915335,4
915336,4
915337,4
915338,4
915339,1
915340,4
915341,4
915342,4
915343,1
915344,4
915345,4
915346,4
915347,4
915348,1
915349,4
915350,4
915351,5
915352,4
915353,4
915354,5
915355,4
915356,5
915357,4
915358,4
915359,4
915360,4
915361,4
915362,4
915363,4
915364,4
915365,5
915366,4
915367,4
915368,4
915369,4
915370,4
915371,4
915372,4
915373,4
915374,4
915375,1
915376,4
915377,4
915378,4
915379,1
915380,4
915381,1
915382,5
915383,4
915384,4
915385,4
915386,4
915387,4
915388,4
915389,4
915390,1
915391,4
915392,4
915393,5
915394,4
915395,4
915396,4
915397,5
915398,4
915399,1
915400,4
915401,4
915402,1
915403,1
915404,4
915405,4
915406,4
915407,4
915408,4
915409,5
915410,4
915411,4
915412,4
915413,5
915414,4
915415,4
915416,4
915417,4
915418,4
915419,4
915420,1
915421,1
915422,4
915423,4
915424,4
915425,4
915426,4
915427,4
915428,4
915429,1
915430,3
915431,4
915432,4
915433,4
915434,4
915435,4
915436,1
915437,4
915438,1
915439,4
915440,4
915441,1
915442,4
915443,4
915444,4
915445,4
915446,4
915447,4
915448,4
915449,4
915450,1
915451,4
915452,4
915453,4
915454,4
915455,4
915456,4
915457,1
915458,1
915459,4
915460,4
915461,4
915462,4
915463,4
915464,4
915465,4
915466,4
915467,5
915468,4
915469,1
915470,4
915471,4
915472,4
915473,5
915474,4
915475,4
915476,4
915477,4
915478,5
915479,1
915480,4
915481,5
915482,5
915483,5
915484,4
915485,4
915486,4
915487,4
915488,4
915489,1
915490,4
915491,4
915492,4
915493,4
915494,4
915495,4
915496,4
915497,4
915498,1
915499,4
915500,4
915501,4
915502,4
915503,4
915504,4
915505,1
915506,4
915507,4
915508,4
915509,4
915510,4
915511,4
915512,4
915513,4
915514,5
915515,1
915516,3
915517,4
915518,4
915519,4
915520,1
915521,4
915522,4
915523,4
915524,4
915525,5
915526,4
915527,4
915528,4
915529,4
915530,4
915531,4
915532,4
915533,4
915534,4
915535,4
915536,1
915537,4
915538,4
915539,4
915540,4
915541,4
915542,4
915543,1
915544,4
915545,4
915546,4
915547,4
915548,4
915549,1
915550,4
915551,5
915552,4
915553,1
915554,4
915555,4
915556,4
915557,4
915558,4
915559,4
915560,4
915561,4
915562,4
915563,5
915564,5
915565,4
915566,4
915567,4
915568,4
915569,4
915570,4
915571,4
915572,4
915573,4
915574,4
915575,4
915576,4
915577,4
915578,4
915579,1
915580,4
915581,4
915582,4
915583,4
915584,4
915585,4
915586,4
915587,5
915588,4
915589,4
915590,4
915591,4
915592,1
915593,4
915594,4
915595,4
915596,4
915597,4
915598,4
915599,4
915600,1
915601,4
915602,4
915603,4
915604,4
915605,4
915606,4
915607,4
915608,4
915609,4
915610,4
915611,4
915612,1
915613,4
915614,4
915615,4
915616,1
915617,4
915618,4
915619,4
915620,4
915621,4
915622,4
915623,4
915624,4
915625,1
915626,4
915627,1
915628,4
915629,4
915630,1
915631,4
915632,5
915633,4
915634,4
915635,1
915636,4
915637,4
915638,4
915639,4
915640,4
915641,4
915642,3
915643,4
915644,4
915645,4
915646,4
915647,4
915648,4
915649,4
915650,4
915651,4
915652,4
915653,4
915654,5
915655,4
915656,1
915657,4
915658,4
915659,4
915660,1
915661,4
915662,4
915663,4
915664,1
915665,4
915666,4
915667,1
915668,4
915669,4
915670,4
915671,4
915672,4
915673,4
915674,4
915675,4
915676,4
915677,4
915678,4
915679,1
915680,4
915681,4
915682,4
915683,4
915684,4
915685,4
915686,4
915687,4
915688,4
915689,4
915690,4
915691,4
915692,4
915693,1
915694,4
915695,4
915696,4
915697,4
915698,4
915699,1
915700,4
915701,4
915702,4
915703,4
915704,4
915705,4
915706,4
915707,4
915708,1
915709,4
915710,4
915711,4
915712,4
915713,4
915714,4
915715,4
915716,5
915717,4
915718,4
915719,4
915720,4
915721,4
915722,4
915723,4
915724,5
915725,4
915726,4
915727,1
915728,4
915729,5
915730,4
915731,4
915732,4
915733,1
915734,4
915735,4
915736,4
915737,4
915738,1
915739,4
915740,4
915741,4
915742,4
915743,4
915744,4
915745,4
915746,4
915747,1
915748,4
915749,4
915750,4
915751,4
915752,4
915753,4
915754,4
915755,4
915756,4
915757,4
915758,4
915759,1
915760,4
915761,1
915762,4
915763,4
915764,4
915765,4
915766,4
915767,1
915768,4
915769,4
915770,4
915771,4
915772,4
915773,4
915774,4
915775,4
915776,4
915777,1
915778,4
915779,4
915780,5
915781,4
915782,4
915783,1
915784,4
915785,1
915786,5
915787,4
915788,4
915789,5
915790,4
915791,1
915792,4
915793,4
915794,5
915795,4
915796,4
915797,4
915798,4
915799,4
915800,4
915801,4
915802,5
915803,5
915804,1
915805,5
915806,4
915807,4
915808,4
915809,4
915810,4
915811,4
915812,4
915813,4
915814,4
915815,1
915816,4
915817,5
915818,4
915819,4
915820,4
915821,5
915822,4
915823,4
915824,1
915825,4
915826,1
915827,4
915828,4
915829,4
915830,4
915831,3
915832,1
915833,4
915834,4
915835,4
915836,4
915837,4
915838,4
915839,4
915840,4
915841,1
915842,4
915843,4
915844,4
915845,4
915846,4
915847,4
915848,4
915849,4
915850,4
915851,4
915852,1
915853,4
915854,4
915855,4
915856,4
915857,4
915858,4
915859,4
915860,4
915861,4
915862,4
915863,4
915864,5
915865,1
915866,4
915867,4
915868,4
915869,4
915870,4
915871,4
915872,4
915873,4
915874,4
915875,4
915876,4
915877,4
915878,4
915879,4
915880,1
915881,4
915882,1
915883,1
915884,4
915885,4
915886,4
915887,4
915888,4
915889,4
915890,5
915891,4
915892,4
915893,4
915894,4
915895,1
915896,4
915897,4
915898,4
915899,4
915900,4
915901,4
915902,4
915903,4
915904,4
915905,4
915906,4
915907,4
915908,4
915909,4
915910,4
915911,1
915912,4
915913,4
915914,4
915915,4
915916,4
915917,4
915918,4
915919,4
915920,4
915921,4
915922,4
915923,4
915924,1
915925,4
915926,4
915927,1
915928,4
915929,1
915930,4
915931,4
915932,4
915933,4
915934,4
915935,4
915936,4
915937,4
915938,1
915939,4
915940,4
915941,1
915942,4
915943,4
915944,1
915945,4
915946,4
915947,4
915948,4
915949,4
915950,1
915951,4
915952,4
915953,4
915954,4
915955,4
915956,4
915957,1
915958,4
915959,4
915960,1
915961,4
915962,1
915963,4
915964,4
915965,4
915966,1
915967,4
915968,4
915969,4
915970,4
915971,4
915972,4
915973,1
915974,4
915975,5
915976,5
915977,4
915978,4
915979,4
915980,4
915981,5
915982,4
915983,1
915984,5
915985,4
915986,5
915987,5
915988,5
915989,1
915990,4
915991,4
915992,1
915993,5
915994,5
915995,5
915996,4
915997,5
915998,4
915999,5
916000,4
916001,4
916002,4
916003,4
916004,4
916005,4
916006,4
916007,4
916008,4
916009,4
916010,1
916011,4
916012,1
916013,4
916014,3
916015,4
916016,4
916017,4
916018,4
916019,4
916020,4
916021,1
916022,4
916023,1
916024,4
916025,4
916026,4
916027,1
916028,4
916029,5
916030,4
916031,4
916032,4
916033,4
916034,4
916035,1
916036,4
916037,4
916038,4
916039,1
916040,4
916041,4
916042,4
916043,1
916044,4
916045,4
916046,4
916047,4
916048,4
916049,4
916050,4
916051,4
916052,4
916053,1
916054,1
916055,4
916056,4
916057,4
916058,4
916059,4
916060,1
916061,4
916062,4
916063,4
916064,4
916065,4
916066,4
916067,4
916068,4
916069,4
916070,4
916071,4
916072,4
916073,4
916074,4
916075,4
916076,4
916077,4
916078,4
916079,4
916080,4
916081,4
916082,4
916083,4
916084,4
916085,4
916086,4
916087,4
916088,4
916089,4
916090,4
916091,4
916092,4
916093,4
916094,4
916095,1
916096,4
916097,4
916098,1
916099,4
916100,4
916101,1
916102,4
916103,4
916104,4
916105,4
916106,4
916107,4
916108,4
916109,4
916110,4
916111,4
916112,4
916113,4
916114,4
916115,4
916116,4
916117,4
916118,4
916119,4
916120,4
916121,4
916122,4
916123,4
916124,4
916125,4
916126,1
916127,5
916128,4
916129,5
916130,4
916131,4
916132,4
916133,4
916134,1
916135,4
916136,4
916137,4
916138,4
916139,4
916140,4
916141,4
916142,4
916143,4
916144,4
916145,4
916146,4
916147,4
916148,4
916149,4
916150,4
916151,4
916152,4
916153,4
916154,4
916155,4
916156,4
916157,4
916158,4
916159,4
916160,4
916161,1
916162,4
916163,4
916164,4
916165,4
916166,4
916167,1
916168,4
916169,4
916170,4
916171,4
916172,4
916173,4
916174,4
916175,4
916176,4
916177,4
916178,4
916179,4
916180,4
916181,4
916182,4
916183,4
916184,4
916185,4
916186,4
916187,4
916188,4
916189,4
916190,4
916191,4
916192,4
916193,4
916194,4
916195,4
916196,4
916197,1
916198,4
916199,4
916200,4
916201,4
916202,4
916203,4
916204,4
916205,4
916206,4
916207,4
916208,4
916209,4
916210,4
916211,1
916212,4
916213,4
916214,4
916215,4
916216,4
916217,4
916218,4
916219,4
916220,1
916221,4
916222,4
916223,4
916224,4
916225,4
916226,4
916227,4
916228,4
916229,4
916230,4
916231,4
916232,4
916233,4
916234,4
916235,4
916236,1
916237,4
916238,4
916239,4
916240,1
916241,4
916242,4
916243,1
916244,4
916245,4
916246,4
916247,4
916248,4
916249,4
916250,4
916251,4
916252,4
916253,4
916254,4
916255,4
916256,1
916257,4
916258,4
916259,4
916260,4
916261,4
916262,4
916263,4
916264,4
916265,4
916266,4
916267,4
916268,4
916269,1
916270,4
916271,4
916272,1
916273,1
916274,4
916275,4
916276,4
916277,1
916278,1
916279,4
916280,1
916281,4
916282,4
916283,4
916284,4
916285,1
916286,4
916287,4
916288,1
916289,4
916290,4
916291,1
916292,4
916293,4
916294,4
916295,4
916296,4
916297,1
916298,4
916299,4
916300,4
916301,4
916302,3
916303,4
916304,1
916305,4
916306,4
916307,4
916308,4
916309,4
916310,4
916311,4
916312,4
916313,4
916314,1
916315,3
916316,4
916317,4
916318,4
916319,4
916320,4
916321,4
916322,4
916323,5
916324,1
916325,5
916326,4
916327,4
916328,4
916329,4
916330,4
916331,4
916332,4
916333,4
916334,4
916335,1
916336,4
916337,4
916338,4
916339,4
916340,4
916341,4
916342,5
916343,4
916344,4
916345,4
916346,4
916347,4
916348,5
916349,4
916350,4
916351,1
916352,4
916353,4
916354,3
916355,4
916356,5
916357,5
916358,1
916359,4
916360,4
916361,4
916362,4
916363,4
916364,4
916365,4
916366,5
916367,4
916368,4
916369,5
916370,4
916371,4
916372,5
916373,4
916374,4
916375,4
916376,4
916377,5
916378,5
916379,4
916380,4
916381,4
916382,5
916383,5
916384,4
916385,4
916386,1
916387,1
916388,5
916389,4
916390,4
916391,5
916392,1
916393,5
916394,5
916395,4
916396,4
916397,4
916398,5
916399,4
916400,5
916401,5
916402,4
916403,4
916404,4
916405,1
916406,4
916407,3
916408,4
916409,5
916410,4
916411,4
916412,4
916413,1
916414,4
916415,1
916416,1
916417,4
916418,5
916419,4
916420,5
916421,1
916422,4
916423,4
916424,1
916425,4
916426,4
916427,4
916428,4
916429,4
916430,4
916431,4
916432,4
916433,4
916434,4
916435,4
916436,4
916437,1
916438,4
916439,4
916440,4
916441,4
916442,4
916443,4
916444,1
916445,4
916446,1
916447,1
916448,4
916449,4
916450,4
916451,4
916452,4
916453,3
916454,4
916455,4
916456,4
916457,3
916458,4
916459,4
916460,4
916461,4
916462,1
916463,4
916464,4
916465,4
916466,4
916467,4
916468,4
916469,4
916470,4
916471,4
916472,5
916473,4
916474,4
916475,4
916476,1
916477,4
916478,4
916479,4
916480,1
916481,3
916482,4
916483,4
916484,4
916485,4
916486,4
916487,4
916488,4
916489,4
916490,4
916491,4
916492,4
916493,4
916494,4
916495,4
916496,4
916497,4
916498,4
916499,4
916500,1
916501,4
916502,4
916503,4
916504,4
916505,4
916506,4
916507,4
916508,4
916509,3
916510,4
916511,4
916512,4
916513,5
916514,4
916515,4
916516,4
916517,4
916518,4
916519,4
916520,4
916521,4
916522,4
916523,1
916524,5
916525,5
916526,4
916527,4
916528,4
916529,4
916530,4
916531,4
916532,4
916533,4
916534,4
916535,4
916536,1
916537,1
916538,4
916539,4
916540,4
916541,4
916542,4
916543,4
916544,4
916545,5
916546,4
916547,4
916548,4
916549,4
916550,4
916551,4
916552,4
