904553,1
904554,4
904555,3
904556,4
904557,4
904558,4
904559,4
904560,4
904561,4
904562,4
904563,4
904564,4
904565,4
904566,4
904567,1
904568,1
904569,4
904570,4
904571,4
904572,4
904573,1
904574,4
904575,4
904576,4
904577,4
904578,4
904579,4
904580,4
904581,1
904582,4
904583,4
904584,4
904585,4
904586,4
904587,4
904588,4
904589,4
904590,4
904591,4
904592,4
904593,4
904594,4
904595,4
904596,4
904597,1
904598,4
904599,3
904600,4
904601,4
904602,4
904603,4
904604,4
904605,4
904606,4
904607,4
904608,4
904609,4
904610,4
904611,1
904612,4
904613,1
904614,4
904615,4
904616,4
904617,4
904618,4
904619,4
904620,4
904621,1
904622,4
904623,4
904624,4
904625,4
904626,4
904627,1
904628,4
904629,4
904630,4
904631,4
904632,1
904633,4
904634,4
904635,4
904636,4
904637,4
904638,4
904639,4
904640,4
904641,1
904642,4
904643,4
904644,4
904645,4
904646,1
904647,4
904648,1
904649,1
904650,4
904651,4
904652,1
904653,4
904654,1
904655,1
904656,1
904657,4
904658,1
904659,4
904660,4
904661,1
904662,4
904663,4
904664,4
904665,4
904666,1
904667,1
904668,4
904669,4
904670,4
904671,4
904672,4
904673,1
904674,4
904675,4
904676,4
904677,1
904678,4
904679,5
904680,4
904681,4
904682,4
904683,4
904684,4
904685,4
904686,4
904687,1
904688,4
904689,4
904690,4
904691,4
904692,4
904693,4
904694,4
904695,4
904696,4
904697,4
904698,1
904699,1
904700,4
904701,4
904702,4
904703,4
904704,4
904705,4
904706,4
904707,4
904708,4
904709,4
904710,4
904711,1
904712,4
904713,4
904714,4
904715,4
904716,4
904717,4
904718,4
904719,4
904720,4
904721,1
904722,1
904723,4
904724,4
904725,4
904726,4
904727,4
904728,4
904729,5
904730,4
904731,4
904732,4
904733,4
904734,1
904735,1
904736,4
904737,4
904738,4
904739,4
904740,4
904741,4
904742,4
904743,4
904744,4
904745,4
904746,4
904747,4
904748,4
904749,1
904750,1
904751,4
904752,4
904753,4
904754,4
904755,1
904756,4
904757,4
904758,1
904759,1
904760,1
904761,1
904762,4
904763,4
904764,1
904765,4
904766,4
904767,1
904768,4
904769,4
904770,4
904771,4
904772,4
904773,4
904774,4
904775,4
904776,4
904777,4
904778,4
904779,4
904780,4
904781,4
904782,4
904783,4
904784,4
904785,4
904786,4
904787,4
904788,1
904789,4
904790,4
904791,4
904792,4
904793,4
904794,4
904795,4
904796,4
904797,4
904798,4
904799,4
904800,4
904801,3
904802,4
904803,4
904804,4
904805,4
904806,4
904807,4
904808,4
904809,4
904810,4
904811,4
904812,4
904813,4
904814,4
904815,4
904816,4
904817,4
904818,4
904819,1
904820,4
904821,4
904822,4
904823,4
904824,4
904825,4
904826,4
904827,4
904828,4
904829,4
904830,4
904831,5
904832,4
904833,1
904834,4
904835,4
904836,4
904837,4
904838,4
904839,4
904840,4
904841,3
904842,5
904843,4
904844,1
904845,4
904846,4
904847,4
904848,4
904849,4
904850,1
904851,4
904852,4
904853,4
904854,4
904855,4
904856,3
904857,4
904858,3
904859,4
904860,3
904861,1
904862,4
904863,4
904864,4
904865,4
904866,4
904867,4
904868,4
904869,5
904870,4
904871,3
904872,4
904873,4
904874,3
904875,5
904876,4
904877,4
904878,4
904879,4
904880,4
904881,4
904882,4
904883,4
904884,4
904885,4
904886,4
904887,1
904888,4
904889,4
904890,4
904891,4
904892,4
904893,4
904894,4
904895,4
904896,4
904897,5
904898,4
904899,4
904900,5
904901,4
904902,1
904903,4
904904,4
904905,4
904906,4
904907,4
904908,4
904909,1
904910,4
904911,1
904912,4
904913,4
904914,4
904915,4
904916,4
904917,4
904918,1
904919,3
904920,4
904921,4
904922,4
904923,4
904924,4
904925,4
904926,4
904927,4
904928,4
904929,1
904930,4
904931,4
904932,4
904933,4
904934,1
904935,4
904936,1
904937,4
904938,4
904939,4
904940,4
904941,4
904942,4
904943,4
904944,4
904945,4
904946,1
904947,4
904948,4
904949,4
904950,1
904951,4
904952,1
904953,4
904954,4
904955,4
904956,4
904957,4
904958,4
904959,4
904960,4
904961,4
904962,4
904963,4
904964,4
904965,4
904966,1
904967,4
904968,4
904969,4
904970,4
904971,1
904972,4
904973,4
904974,4
904975,4
904976,4
904977,4
904978,4
904979,4
904980,4
904981,1
904982,4
904983,4
904984,1
904985,4
904986,4
904987,4
904988,4
904989,5
904990,4
904991,5
904992,5
904993,4
904994,4
904995,4
904996,5
904997,4
904998,4
904999,5
905000,1
905001,4
905002,4
905003,4
905004,4
905005,4
905006,4
905007,4
905008,1
905009,4
905010,4
905011,1
905012,1
905013,4
905014,4
905015,1
905016,4
905017,1
905018,4
905019,4
905020,4
905021,4
905022,5
905023,4
905024,4
905025,4
905026,4
905027,4
905028,4
905029,4
905030,4
905031,4
905032,5
905033,4
905034,4
905035,4
905036,4
905037,4
905038,4
905039,4
905040,5
905041,4
905042,4
905043,1
905044,5
905045,4
905046,4
905047,4
905048,4
905049,4
905050,4
905051,5
905052,4
905053,5
905054,4
905055,4
905056,4
905057,4
905058,4
905059,4
905060,4
905061,1
905062,5
905063,1
905064,1
905065,4
905066,5
905067,4
905068,4
905069,5
905070,4
905071,4
905072,1
905073,4
905074,4
905075,1
905076,4
905077,4
905078,4
905079,3
905080,4
905081,1
905082,4
905083,1
905084,4
905085,1
905086,4
905087,1
905088,4
905089,5
905090,4
905091,4
905092,4
905093,4
905094,4
905095,4
905096,4
905097,4
905098,4
905099,4
905100,4
905101,4
905102,4
905103,4
905104,4
905105,5
905106,4
905107,1
905108,4
905109,4
905110,4
905111,4
905112,4
905113,4
905114,4
905115,4
905116,4
905117,4
905118,4
905119,4
905120,5
905121,4
905122,4
905123,4
905124,4
905125,4
905126,4
905127,1
905128,4
905129,4
905130,4
905131,4
905132,1
905133,4
905134,4
905135,4
905136,4
905137,4
905138,4
905139,4
905140,4
905141,4
905142,4
905143,4
905144,4
905145,4
905146,4
905147,4
905148,4
905149,5
905150,4
905151,4
905152,4
905153,4
905154,4
905155,1
905156,4
905157,4
905158,4
905159,4
905160,4
905161,4
905162,4
905163,4
905164,4
905165,4
905166,4
905167,4
905168,4
905169,4
905170,4
905171,4
905172,4
905173,1
905174,4
905175,4
905176,4
905177,4
905178,4
905179,4
905180,4
905181,4
905182,4
905183,4
905184,4
905185,1
905186,4
905187,4
905188,4
905189,4
905190,4
905191,4
905192,4
905193,4
905194,4
905195,4
905196,1
905197,4
905198,4
905199,4
905200,4
905201,4
905202,4
905203,4
905204,4
905205,4
905206,4
905207,4
905208,4
905209,4
905210,4
905211,4
905212,4
905213,4
905214,4
905215,1
905216,4
905217,4
905218,4
905219,4
905220,4
905221,4
905222,4
905223,3
905224,4
905225,4
905226,1
905227,4
905228,3
905229,5
905230,1
905231,1
905232,4
905233,4
905234,4
905235,1
905236,3
905237,4
905238,4
905239,4
905240,4
905241,4
905242,4
905243,4
905244,3
905245,4
905246,4
905247,4
905248,4
905249,4
905250,4
905251,4
905252,4
905253,4
905254,4
905255,1
905256,1
905257,4
905258,4
905259,4
905260,4
905261,1
905262,4
905263,4
905264,4
905265,4
905266,4
905267,4
905268,4
905269,4
905270,4
905271,4
905272,4
905273,4
905274,4
905275,1
905276,4
905277,4
905278,4
905279,4
905280,4
905281,1
905282,4
905283,4
905284,4
905285,1
905286,4
905287,4
905288,4
905289,4
905290,4
905291,1
905292,3
905293,3
905294,4
905295,4
905296,4
905297,4
905298,4
905299,4
905300,4
905301,4
905302,4
905303,4
905304,4
905305,4
905306,4
905307,1
905308,4
905309,4
905310,4
905311,1
905312,4
905313,4
905314,4
905315,4
905316,4
905317,4
905318,4
905319,4
905320,4
905321,4
905322,1
905323,1
905324,4
905325,4
905326,4
905327,4
905328,4
905329,4
905330,4
905331,4
905332,4
905333,4
905334,4
905335,4
905336,4
905337,4
905338,4
905339,4
905340,1
905341,4
905342,4
905343,4
905344,4
905345,1
905346,4
905347,4
905348,4
905349,4
905350,4
905351,4
905352,4
905353,4
905354,4
905355,1
905356,4
905357,4
905358,4
905359,4
905360,4
905361,4
905362,4
905363,4
905364,1
905365,5
905366,5
905367,4
905368,5
905369,4
905370,4
905371,4
905372,1
905373,4
905374,4
905375,4
905376,4
905377,4
905378,4
905379,5
905380,1
905381,4
905382,4
905383,4
905384,4
905385,1
905386,4
905387,4
905388,4
905389,4
905390,5
905391,4
905392,4
905393,4
905394,4
905395,4
905396,4
905397,4
905398,4
905399,4
905400,4
905401,4
905402,4
905403,4
905404,4
905405,4
905406,4
905407,4
905408,1
905409,4
905410,4
905411,4
905412,4
905413,4
905414,1
905415,4
905416,4
905417,4
905418,4
905419,1
905420,4
905421,4
905422,1
905423,4
905424,4
905425,1
905426,4
905427,4
905428,4
905429,4
905430,4
905431,4
905432,4
905433,4
905434,4
905435,4
905436,4
905437,4
905438,4
905439,4
905440,4
905441,4
905442,4
905443,4
905444,4
905445,5
905446,4
905447,1
905448,1
905449,4
905450,1
905451,1
905452,4
905453,5
905454,5
905455,4
905456,4
905457,4
905458,4
905459,5
905460,4
905461,4
905462,4
905463,1
905464,4
905465,4
905466,4
905467,5
905468,4
905469,4
905470,4
905471,4
905472,4
905473,4
905474,4
905475,4
905476,4
905477,4
905478,4
905479,4
905480,4
905481,4
905482,4
905483,4
905484,4
905485,4
905486,4
905487,5
905488,4
905489,4
905490,4
905491,4
905492,4
905493,4
905494,4
905495,4
905496,1
905497,4
905498,4
905499,4
905500,4
905501,4
905502,4
905503,4
905504,4
905505,4
905506,4
905507,4
905508,4
905509,4
905510,4
905511,1
905512,4
905513,4
905514,4
905515,4
905516,4
905517,4
905518,4
905519,4
905520,5
905521,4
905522,4
905523,4
905524,1
905525,5
905526,4
905527,4
905528,1
905529,5
905530,4
905531,4
905532,4
905533,4
905534,4
905535,4
905536,4
905537,4
905538,4
905539,4
905540,4
905541,4
905542,4
905543,4
905544,4
905545,4
905546,4
905547,4
905548,4
905549,4
905550,5
905551,4
905552,1
905553,4
905554,4
905555,4
905556,4
905557,4
905558,4
905559,1
905560,1
905561,1
905562,4
905563,4
905564,4
905565,4
905566,4
905567,4
905568,4
905569,4
905570,4
905571,4
905572,1
905573,4
905574,4
905575,4
905576,4
905577,4
905578,4
905579,4
905580,4
905581,5
905582,1
905583,4
905584,4
905585,4
905586,4
905587,4
905588,4
905589,4
905590,4
905591,4
905592,4
905593,5
905594,4
905595,1
905596,4
905597,5
905598,5
905599,1
905600,4
905601,5
905602,4
905603,4
905604,4
905605,4
905606,4
905607,4
905608,4
905609,4
905610,4
905611,4
905612,4
905613,4
905614,4
905615,4
905616,4
905617,4
905618,4
905619,4
905620,4
905621,4
905622,4
905623,1
905624,4
905625,4
905626,4
905627,4
905628,1
905629,4
905630,4
905631,1
905632,4
905633,4
905634,4
905635,4
905636,4
905637,5
905638,5
905639,1
905640,5
905641,4
905642,4
905643,4
905644,1
905645,4
905646,4
905647,1
905648,4
905649,4
905650,4
905651,4
905652,4
905653,1
905654,4
905655,4
905656,4
905657,4
905658,1
905659,4
905660,4
905661,4
905662,4
905663,4
905664,4
905665,4
905666,4
905667,4
905668,4
905669,4
905670,5
905671,4
905672,4
905673,4
905674,1
905675,4
905676,1
905677,1
905678,4
905679,4
905680,4
905681,4
905682,4
905683,1
905684,4
905685,4
905686,4
905687,4
905688,1
905689,4
905690,4
905691,4
905692,4
905693,4
905694,4
905695,4
905696,4
905697,1
905698,4
905699,4
905700,4
905701,4
905702,4
905703,1
905704,4
905705,4
905706,4
905707,4
905708,4
905709,4
905710,4
905711,4
905712,4
905713,4
905714,4
905715,1
905716,4
905717,5
905718,4
905719,4
905720,4
905721,4
905722,4
905723,4
905724,4
905725,4
905726,4
905727,4
905728,4
905729,4
905730,4
905731,1
905732,4
905733,4
905734,4
905735,4
905736,4
905737,4
905738,4
905739,4
905740,4
905741,4
905742,4
905743,4
905744,5
905745,4
905746,5
905747,4
905748,4
905749,1
905750,4
905751,4
905752,4
905753,4
905754,4
905755,1
905756,4
905757,4
905758,4
905759,4
905760,4
905761,1
905762,4
905763,4
905764,4
905765,4
905766,4
905767,4
905768,4
905769,4
905770,4
905771,4
905772,4
905773,4
905774,4
905775,4
905776,4
905777,4
905778,1
905779,4
905780,4
905781,4
905782,4
905783,4
905784,4
905785,4
905786,4
905787,5
905788,4
905789,4
905790,4
905791,1
905792,4
905793,4
905794,1
905795,4
905796,4
905797,4
905798,1
905799,4
905800,5
905801,4
905802,4
905803,4
905804,4
905805,4
905806,4
905807,5
905808,4
905809,4
905810,1
905811,4
905812,4
905813,4
905814,4
905815,1
905816,4
905817,4
905818,1
905819,4
905820,1
905821,4
905822,4
905823,4
905824,5
905825,4
905826,1
905827,4
905828,4
905829,4
905830,4
905831,4
905832,1
905833,4
905834,5
905835,4
905836,1
905837,4
905838,4
905839,4
905840,1
905841,4
905842,4
905843,4
905844,4
905845,4
905846,4
905847,4
905848,4
905849,4
905850,4
905851,4
905852,4
905853,4
905854,4
905855,4
905856,4
905857,5
905858,4
905859,4
905860,4
905861,4
905862,4
905863,4
905864,4
905865,4
905866,4
905867,4
905868,4
905869,4
905870,4
905871,4
905872,4
905873,4
905874,4
905875,4
905876,4
905877,1
905878,4
905879,4
905880,4
905881,1
905882,4
905883,4
905884,4
905885,4
905886,4
905887,4
905888,4
905889,4
905890,4
905891,4
905892,4
905893,4
905894,1
905895,1
905896,4
905897,4
905898,5
905899,1
905900,1
905901,4
905902,4
905903,4
905904,4
905905,4
905906,5
905907,1
905908,4
905909,4
905910,4
905911,4
905912,4
905913,4
905914,4
905915,5
905916,4
905917,4
905918,4
905919,5
905920,5
905921,4
905922,4
905923,4
905924,4
905925,5
905926,4
905927,4
905928,4
905929,4
905930,4
905931,4
905932,4
905933,4
905934,1
905935,4
905936,4
905937,4
905938,4
905939,5
905940,4
905941,4
905942,4
905943,4
905944,5
905945,1
905946,4
905947,4
905948,4
905949,4
905950,4
905951,4
905952,4
905953,4
905954,4
905955,4
905956,4
905957,4
905958,4
905959,4
905960,4
905961,4
905962,5
905963,4
905964,1
905965,4
905966,1
905967,4
905968,1
905969,4
905970,4
905971,4
905972,4
905973,4
905974,4
905975,4
905976,5
905977,4
905978,4
905979,4
905980,4
905981,4
905982,4
905983,4
905984,4
905985,4
905986,4
905987,5
905988,4
905989,1
905990,4
905991,4
905992,4
905993,4
905994,4
905995,4
905996,1
905997,4
905998,4
905999,4
906000,4
906001,4
906002,4
906003,3
906004,5
906005,4
906006,5
906007,4
906008,1
906009,4
906010,1
906011,5
906012,4
906013,3
906014,4
906015,4
906016,4
906017,4
906018,4
906019,4
906020,4
906021,5
906022,4
906023,4
906024,4
906025,4
906026,4
906027,4
906028,4
906029,4
906030,4
906031,5
906032,4
906033,5
906034,4
906035,4
906036,4
906037,4
906038,4
906039,4
906040,4
906041,4
906042,1
906043,4
906044,4
906045,4
906046,4
906047,4
906048,4
906049,4
906050,5
906051,4
906052,4
906053,4
906054,4
906055,5
906056,4
906057,4
906058,1
906059,4
906060,4
906061,4
906062,4
906063,4
906064,4
906065,4
906066,4
906067,4
906068,4
906069,4
906070,4
906071,1
906072,4
906073,4
906074,4
906075,4
906076,4
906077,4
906078,4
906079,4
906080,4
906081,4
906082,1
906083,4
906084,4
906085,4
906086,4
906087,3
906088,4
906089,4
906090,4
906091,4
906092,4
906093,4
906094,5
906095,4
906096,4
906097,4
906098,4
906099,4
906100,1
906101,4
906102,4
906103,1
906104,4
906105,4
906106,4
906107,1
906108,4
906109,4
906110,4
906111,4
906112,4
906113,4
906114,5
906115,1
906116,5
906117,4
906118,4
906119,4
906120,4
906121,4
906122,1
906123,4
906124,4
906125,4
906126,4
906127,4
906128,4
906129,4
906130,4
906131,4
906132,4
906133,1
906134,4
906135,1
906136,4
906137,4
906138,4
906139,5
906140,4
906141,5
906142,4
906143,1
906144,4
906145,4
906146,4
906147,4
906148,1
906149,1
906150,4
906151,1
906152,4
906153,4
906154,4
906155,4
906156,4
906157,4
906158,4
906159,5
906160,1
906161,4
906162,4
906163,4
906164,5
906165,1
906166,4
906167,4
906168,4
906169,4
906170,1
906171,4
906172,4
906173,1
906174,4
906175,4
906176,4
906177,4
906178,4
906179,4
906180,4
906181,1
906182,4
906183,4
906184,1
906185,4
906186,4
906187,4
906188,4
906189,4
906190,1
906191,4
906192,5
906193,4
906194,4
906195,4
906196,4
906197,4
906198,4
906199,4
906200,4
906201,4
906202,4
906203,4
906204,4
906205,4
906206,4
906207,4
906208,4
906209,1
906210,4
906211,4
906212,4
906213,4
906214,4
906215,4
906216,1
906217,4
906218,4
906219,1
906220,4
906221,4
906222,1
906223,1
906224,4
906225,4
906226,4
906227,4
906228,4
906229,4
906230,4
906231,4
906232,4
906233,1
906234,4
906235,4
906236,1
906237,4
906238,4
906239,1
906240,4
906241,4
906242,4
906243,4
906244,4
906245,4
906246,4
906247,5
906248,4
906249,4
906250,4
906251,4
906252,4
906253,4
906254,4
906255,1
906256,4
906257,4
906258,4
906259,4
906260,4
906261,4
906262,4
906263,4
906264,4
906265,4
906266,4
906267,1
906268,4
906269,5
906270,4
906271,4
906272,4
906273,4
906274,4
906275,4
906276,4
906277,4
906278,4
906279,5
906280,4
906281,1
906282,4
906283,1
906284,1
906285,4
906286,4
906287,4
906288,4
906289,1
906290,4
906291,4
906292,4
906293,4
906294,4
906295,4
906296,1
906297,4
906298,4
906299,1
906300,4
906301,4
906302,4
906303,4
906304,4
906305,4
906306,4
906307,4
906308,4
906309,4
906310,4
906311,1
906312,4
906313,4
906314,4
906315,5
906316,4
906317,4
906318,4
906319,4
906320,4
906321,4
906322,4
906323,4
906324,4
906325,1
906326,4
906327,4
906328,4
906329,4
906330,4
906331,4
906332,4
906333,4
906334,4
906335,1
906336,4
906337,4
906338,4
906339,5
906340,4
906341,4
906342,5
906343,4
906344,4
906345,4
906346,4
906347,4
906348,4
906349,4
906350,4
906351,1
906352,4
906353,4
906354,4
906355,4
906356,4
906357,4
906358,4
906359,4
906360,4
906361,4
906362,4
906363,4
906364,4
906365,4
906366,4
906367,4
906368,1
906369,4
906370,4
906371,4
906372,4
906373,4
906374,4
906375,4
906376,4
906377,1
906378,4
906379,4
906380,4
906381,4
906382,4
906383,1
906384,4
906385,4
906386,4
906387,4
906388,4
906389,4
906390,4
906391,4
906392,4
906393,4
906394,4
906395,4
906396,4
906397,4
906398,4
906399,4
906400,4
906401,4
906402,4
906403,4
906404,4
906405,5
906406,4
906407,1
906408,4
906409,1
906410,1
906411,4
906412,4
906413,4
906414,1
906415,4
906416,5
906417,4
906418,4
906419,5
906420,4
906421,5
906422,4
906423,4
906424,5
906425,4
906426,4
906427,5
906428,5
906429,5
906430,4
906431,4
906432,5
906433,4
906434,4
906435,4
906436,4
906437,3
906438,1
906439,4
906440,4
906441,4
906442,1
906443,1
906444,4
906445,4
906446,1
906447,4
906448,4
906449,4
906450,4
906451,4
906452,1
906453,4
906454,4
906455,4
906456,4
906457,4
906458,4
906459,4
906460,4
906461,4
906462,4
906463,4
906464,4
906465,4
906466,1
906467,4
906468,4
906469,4
906470,4
906471,4
906472,4
906473,1
906474,4
906475,4
906476,4
906477,4
906478,4
906479,4
906480,4
906481,4
906482,4
906483,5
906484,1
906485,4
906486,5
906487,4
906488,4
906489,4
906490,1
906491,5
906492,4
906493,1
906494,4
906495,4
906496,1
906497,4
906498,4
906499,1
906500,4
906501,1
906502,4
906503,4
906504,4
906505,4
906506,5
906507,4
906508,4
906509,4
906510,4
906511,4
906512,5
906513,4
906514,4
906515,4
906516,4
906517,4
906518,4
906519,4
906520,4
906521,4
906522,4
906523,4
906524,4
906525,4
906526,4
906527,1
906528,4
906529,4
906530,4
906531,4
906532,4
906533,1
906534,4
906535,4
906536,1
906537,4
906538,4
906539,4
906540,4
906541,4
906542,4
906543,4
906544,1
906545,4
906546,4
906547,1
906548,4
906549,4
906550,4
906551,4
906552,4
906553,4
906554,1
906555,4
906556,4
906557,1
906558,4
906559,4
906560,4
906561,4
906562,5
906563,4
906564,4
906565,4
906566,1
906567,4
906568,4
906569,4
906570,5
906571,4
906572,4
906573,4
906574,4
906575,4
906576,4
906577,5
906578,5
906579,5
906580,4
906581,4
906582,4
906583,4
906584,4
906585,1
906586,5
906587,4
906588,4
906589,4
906590,4
906591,4
906592,4
906593,4
906594,5
906595,4
906596,4
906597,5
906598,4
906599,4
906600,5
906601,4
906602,1
906603,1
906604,4
906605,1
906606,4
906607,4
906608,4
906609,4
906610,5
906611,4
906612,4
906613,4
906614,4
906615,4
906616,4
906617,4
906618,4
906619,4
906620,4
906621,4
906622,4
906623,3
906624,4
906625,4
906626,4
906627,4
906628,4
906629,4
906630,4
906631,4
906632,4
906633,4
906634,4
906635,4
906636,4
906637,4
906638,4
906639,4
906640,4
906641,5
906642,4
906643,4
906644,4
906645,4
906646,4
906647,4
906648,5
906649,4
906650,4
906651,4
906652,4
906653,4
906654,1
906655,4
906656,4
906657,1
906658,5
906659,4
906660,4
906661,4
906662,4
906663,5
906664,1
906665,4
906666,4
906667,4
906668,4
906669,4
906670,4
906671,4
906672,4
906673,4
906674,4
906675,4
906676,4
906677,5
906678,1
906679,4
906680,4
906681,4
906682,4
906683,4
906684,1
906685,4
906686,4
906687,1
906688,1
906689,4
906690,4
906691,4
906692,4
906693,4
906694,4
906695,4
906696,4
906697,4
906698,4
906699,4
906700,4
906701,4
906702,4
906703,1
906704,4
906705,4
906706,4
906707,4
906708,1
906709,4
906710,4
906711,1
906712,4
906713,4
906714,4
906715,4
906716,5
906717,4
906718,4
906719,1
906720,4
906721,4
906722,4
906723,1
906724,4
906725,4
906726,4
906727,4
906728,4
906729,4
906730,4
906731,4
906732,4
906733,4
906734,4
906735,4
906736,4
906737,4
906738,4
906739,4
906740,4
906741,4
906742,1
906743,4
906744,4
906745,4
906746,4
906747,4
906748,4
906749,1
906750,4
906751,4
906752,4
906753,4
906754,4
906755,4
906756,4
906757,1
906758,4
906759,4
906760,4
906761,1
906762,4
906763,1
906764,4
906765,4
906766,4
906767,4
906768,4
906769,4
906770,4
906771,4
906772,5
906773,4
906774,4
906775,4
906776,4
906777,4
906778,4
906779,4
906780,4
906781,1
906782,4
906783,4
906784,4
906785,4
906786,4
906787,4
906788,4
906789,4
906790,4
906791,1
906792,4
906793,1
906794,4
906795,4
906796,4
906797,4
906798,4
906799,4
906800,4
906801,4
906802,4
906803,4
906804,4
906805,4
906806,4
906807,4
906808,4
906809,4
906810,4
906811,4
906812,1
906813,5
906814,1
906815,5
906816,4
906817,4
906818,5
906819,5
906820,4
906821,5
906822,4
906823,5
906824,1
906825,4
906826,4
906827,4
906828,4
906829,1
906830,4
906831,4
906832,1
906833,4
906834,4
906835,1
906836,4
906837,4
906838,4
906839,4
906840,1
906841,4
906842,4
906843,4
906844,4
906845,4
906846,4
906847,4
906848,4
906849,4
906850,4
906851,4
906852,1
906853,1
906854,4
906855,4
906856,4
906857,4
906858,4
906859,4
906860,4
906861,1
906862,4
906863,4
906864,4
906865,4
906866,4
906867,4
906868,4
906869,4
906870,4
906871,4
906872,4
906873,4
906874,4
906875,4
906876,4
906877,4
906878,4
906879,4
906880,4
906881,4
906882,4
906883,5
906884,4
906885,4
906886,1
906887,4
906888,4
906889,4
906890,4
906891,1
906892,4
906893,1
906894,4
906895,4
906896,1
906897,4
906898,4
906899,4
906900,4
906901,4
906902,1
906903,4
906904,4
906905,4
906906,4
906907,1
906908,4
906909,4
906910,4
906911,4
906912,4
906913,4
906914,4
906915,4
906916,4
906917,4
906918,4
906919,4
906920,4
906921,4
906922,4
906923,4
906924,5
906925,4
906926,4
906927,4
906928,4
906929,4
906930,4
906931,1
906932,1
906933,4
906934,4
906935,4
906936,4
906937,4
906938,1
906939,4
906940,4
906941,4
906942,4
906943,4
906944,4
906945,4
906946,1
906947,4
906948,4
906949,1
906950,1
906951,4
906952,4
906953,4
906954,1
906955,4
906956,4
906957,4
906958,1
906959,4
906960,4
906961,1
906962,4
906963,4
906964,4
906965,1
906966,4
906967,4
906968,4
906969,1
906970,4
906971,4
906972,4
906973,4
906974,1
906975,4
906976,4
906977,4
906978,4
906979,1
906980,4
906981,4
906982,1
906983,4
906984,1
906985,4
906986,4
906987,4
906988,1
906989,4
906990,4
906991,4
906992,4
906993,1
906994,4
906995,4
906996,4
906997,4
906998,4
906999,4
907000,4
907001,4
907002,4
907003,4
907004,4
907005,4
907006,4
907007,4
907008,4
907009,1
907010,4
907011,4
907012,4
907013,4
907014,4
907015,4
907016,4
907017,4
907018,4
907019,4
907020,1
907021,4
907022,1
907023,4
907024,4
907025,4
907026,4
907027,4
907028,4
907029,4
907030,4
907031,4
907032,4
907033,5
907034,4
907035,4
907036,4
907037,5
907038,1
907039,4
907040,4
907041,4
907042,4
907043,4
907044,4
907045,4
907046,4
907047,5
907048,4
907049,1
907050,1
907051,4
907052,4
907053,4
907054,3
907055,4
907056,4
907057,4
907058,4
907059,4
907060,4
907061,1
907062,3
907063,4
907064,4
907065,4
907066,4
907067,4
907068,4
907069,4
907070,4
907071,4
907072,1
907073,1
907074,4
907075,4
907076,4
907077,4
907078,4
907079,4
907080,4
907081,5
907082,4
907083,4
907084,4
907085,4
907086,4
907087,4
907088,4
907089,4
907090,4
907091,4
907092,4
907093,4
907094,4
907095,4
907096,4
907097,1
907098,4
907099,4
907100,4
907101,3
907102,4
907103,4
907104,4
907105,4
907106,4
907107,4
907108,1
907109,4
907110,4
907111,4
907112,3
907113,4
907114,4
907115,4
907116,1
907117,4
907118,5
907119,4
907120,4
907121,4
907122,3
907123,4
907124,4
907125,4
907126,4
907127,4
907128,4
907129,4
907130,4
907131,4
907132,1
907133,4
907134,4
907135,4
907136,4
907137,4
907138,1
907139,1
907140,4
907141,4
907142,4
907143,4
907144,4
907145,4
907146,4
907147,4
907148,1
907149,4
907150,4
907151,3
907152,4
907153,4
907154,4
907155,4
907156,4
907157,4
907158,4
907159,3
907160,5
907161,1
907162,4
907163,1
907164,4
907165,4
907166,4
907167,4
907168,4
907169,4
907170,4
907171,4
907172,4
907173,4
907174,5
907175,4
907176,1
907177,4
907178,1
907179,4
907180,4
907181,4
907182,4
907183,4
907184,4
907185,4
907186,4
907187,4
907188,4
907189,4
907190,3
907191,4
907192,1
907193,5
907194,4
907195,4
907196,4
907197,4
907198,4
907199,4
907200,1
907201,4
907202,4
907203,1
907204,4
907205,4
907206,4
907207,4
907208,4
907209,1
907210,4
907211,1
907212,5
907213,4
907214,4
907215,4
907216,4
907217,4
907218,4
907219,4
907220,4
907221,5
907222,4
907223,4
907224,5
907225,4
907226,4
907227,5
907228,4
907229,4
907230,4
907231,5
907232,4
907233,1
907234,4
907235,4
907236,4
907237,4
907238,4
907239,4
907240,4
907241,4
907242,4
907243,4
907244,1
907245,3
907246,5
907247,4
907248,4
907249,4
907250,1
907251,1
907252,4
907253,4
907254,4
907255,4
907256,1
907257,4
907258,4
907259,4
907260,4
907261,4
907262,4
907263,4
907264,4
907265,4
907266,4
907267,4
907268,4
907269,4
907270,4
907271,4
907272,4
907273,4
907274,4
907275,4
907276,4
907277,4
907278,4
907279,1
907280,4
907281,4
907282,4
907283,4
907284,4
907285,4
907286,4
907287,4
907288,4
907289,4
907290,4
907291,4
907292,4
907293,4
907294,4
907295,4
907296,4
907297,4
907298,4
907299,1
907300,4
907301,4
907302,1
907303,1
907304,1
907305,4
907306,4
907307,4
907308,4
907309,4
907310,4
907311,4
907312,4
907313,4
907314,4
907315,4
907316,4
907317,4
907318,4
907319,4
907320,1
907321,4
907322,4
907323,4
907324,1
907325,4
907326,4
907327,4
907328,4
907329,4
907330,4
907331,4
907332,4
907333,4
907334,4
907335,4
907336,4
907337,4
907338,5
907339,4
907340,4
907341,4
907342,4
907343,4
907344,1
907345,5
907346,4
907347,4
907348,4
907349,1
907350,1
907351,4
907352,4
907353,1
907354,4
907355,4
907356,4
907357,5
907358,5
907359,5
907360,5
907361,1
907362,4
907363,4
907364,4
907365,1
907366,4
907367,4
907368,4
907369,4
907370,5
907371,4
907372,1
907373,5
907374,4
907375,1
907376,4
907377,4
907378,5
907379,4
907380,4
907381,4
907382,1
907383,4
907384,4
907385,4
907386,1
907387,1
907388,1
907389,4
907390,1
907391,4
907392,4
907393,1
907394,4
907395,4
907396,4
907397,4
907398,4
907399,1
907400,1
907401,4
907402,4
907403,4
907404,4
907405,4
907406,4
907407,4
907408,1
907409,4
907410,4
907411,4
907412,4
907413,1
907414,4
907415,4
907416,4
907417,4
907418,4
907419,4
907420,4
907421,4
907422,4
907423,4
907424,1
907425,4
907426,1
907427,4
907428,4
907429,4
907430,1
907431,4
907432,4
907433,4
907434,4
907435,4
907436,4
907437,4
907438,4
907439,3
907440,4
907441,4
907442,1
907443,4
907444,4
907445,4
907446,4
907447,4
907448,4
907449,4
907450,4
907451,4
907452,4
907453,4
907454,4
907455,4
907456,4
907457,4
907458,4
907459,4
907460,4
907461,4
907462,4
907463,4
907464,4
907465,4
907466,4
907467,1
907468,4
907469,4
907470,4
907471,4
907472,4
907473,4
907474,4
907475,4
907476,4
907477,4
907478,4
907479,4
907480,4
907481,4
907482,4
907483,4
907484,4
907485,4
907486,4
907487,4
907488,5
907489,3
907490,4
907491,4
907492,4
907493,4
907494,4
907495,1
907496,4
907497,4
907498,4
907499,4
907500,4
907501,4
907502,4
907503,4
907504,4
907505,4
907506,4
907507,4
907508,4
907509,1
907510,4
907511,4
907512,1
907513,1
907514,4
907515,4
907516,4
907517,4
907518,1
907519,1
907520,4
907521,4
907522,4
907523,4
907524,4
907525,4
907526,4
907527,1
907528,4
907529,4
907530,1
907531,4
907532,4
907533,4
907534,4
907535,4
907536,4
907537,4
907538,4
907539,4
907540,4
907541,4
907542,4
907543,4
907544,4
907545,4
907546,4
907547,4
907548,4
907549,4
907550,4
907551,4
907552,4
907553,4
907554,4
907555,5
907556,5
907557,5
907558,4
907559,4
907560,1
907561,4
907562,4
907563,4
907564,4
907565,5
907566,4
907567,4
907568,4
907569,4
907570,4
907571,4
907572,4
907573,4
907574,4
907575,4
907576,4
907577,4
907578,4
907579,4
907580,4
907581,5
907582,4
907583,4
907584,5
907585,4
907586,5
907587,4
907588,1
907589,4
907590,4
907591,4
907592,4
907593,4
907594,4
907595,4
907596,4
907597,4
907598,4
907599,4
907600,1
907601,4
907602,1
907603,4
907604,4
907605,1
907606,4
907607,4
907608,4
907609,4
907610,4
907611,5
907612,4
907613,4
907614,1
907615,4
907616,5
907617,1
907618,1
907619,4
907620,4
907621,4
907622,4
907623,4
907624,4
907625,4
907626,4
907627,4
907628,1
907629,4
907630,4
907631,1
907632,4
907633,1
907634,4
907635,4
907636,4
907637,4
907638,4
907639,4
907640,4
907641,4
907642,4
907643,1
907644,4
907645,4
907646,4
907647,3
907648,4
907649,4
907650,4
907651,4
907652,4
907653,4
907654,4
907655,4
907656,1
907657,4
907658,1
907659,4
907660,4
907661,4
907662,4
907663,4
907664,4
907665,4
907666,4
907667,4
907668,4
907669,4
907670,4
907671,4
907672,4
907673,4
907674,4
907675,4
907676,4
907677,4
907678,4
907679,4
907680,4
907681,1
907682,4
907683,4
907684,4
907685,4
907686,4
907687,4
907688,4
907689,4
907690,4
907691,1
907692,4
907693,4
907694,4
907695,4
907696,4
907697,4
907698,4
907699,4
907700,4
907701,4
907702,4
907703,4
907704,4
907705,4
907706,4
907707,4
907708,4
907709,4
907710,4
907711,4
907712,4
907713,4
907714,4
907715,4
907716,4
907717,4
907718,4
907719,4
907720,4
907721,4
907722,4
907723,4
907724,4
907725,4
907726,4
907727,1
907728,5
907729,4
907730,1
907731,1
907732,4
907733,4
907734,4
907735,4
907736,4
907737,4
907738,4
907739,4
907740,4
907741,4
907742,4
907743,4
907744,4
907745,5
907746,4
907747,5
907748,5
907749,4
907750,4
907751,4
907752,4
907753,4
907754,4
907755,4
907756,1
907757,4
907758,5
907759,1
907760,4
907761,4
907762,4
907763,4
907764,4
907765,5
907766,4
907767,5
907768,4
907769,4
907770,4
907771,4
907772,4
907773,4
907774,4
907775,4
907776,4
907777,4
907778,4
907779,4
907780,4
907781,4
907782,4
907783,4
907784,4
907785,1
907786,4
907787,4
907788,4
907789,1
907790,4
907791,4
907792,4
907793,1
907794,4
907795,4
907796,4
907797,4
907798,4
907799,4
907800,4
907801,1
907802,4
907803,4
907804,4
907805,4
907806,4
907807,4
907808,5
907809,5
907810,4
907811,4
907812,4
907813,5
907814,1
907815,5
907816,5
907817,5
907818,1
907819,5
907820,4
907821,1
907822,4
907823,5
907824,4
907825,4
907826,5
907827,1
907828,5
907829,4
907830,4
907831,4
907832,4
907833,4
907834,4
907835,4
907836,4
907837,1
907838,4
907839,5
907840,5
907841,4
907842,4
907843,5
907844,4
907845,4
907846,1
907847,5
907848,4
907849,4
907850,5
907851,5
907852,4
907853,5
907854,4
907855,1
907856,1
907857,5
907858,4
907859,5
907860,5
907861,4
907862,4
907863,5
907864,4
907865,4
907866,4
907867,4
907868,4
907869,4
907870,4
907871,4
907872,4
907873,4
907874,4
907875,4
907876,4
907877,4
907878,4
907879,4
907880,1
907881,1
907882,4
907883,1
907884,4
907885,1
907886,4
907887,5
907888,4
907889,4
907890,4
907891,4
907892,5
907893,4
907894,4
907895,5
907896,4
907897,4
907898,4
907899,4
907900,4
907901,5
907902,4
907903,5
907904,4
907905,4
907906,1
907907,4
907908,4
907909,4
907910,5
907911,4
907912,4
907913,5
907914,4
907915,5
907916,5
907917,4
907918,5
907919,4
907920,4
907921,4
907922,5
907923,5
907924,4
907925,5
907926,4
907927,5
907928,4
907929,5
907930,4
907931,4
907932,4
907933,4
907934,1
907935,4
907936,4
907937,5
907938,5
907939,4
907940,4
907941,4
907942,4
907943,4
907944,1
907945,4
907946,5
907947,5
907948,4
907949,5
907950,5
907951,4
907952,4
907953,4
907954,4
907955,4
907956,4
907957,5
907958,4
907959,1
907960,4
907961,5
907962,4
907963,5
907964,4
907965,4
907966,5
907967,4
907968,4
907969,4
907970,5
907971,1
907972,1
907973,4
907974,4
907975,4
907976,1
907977,4
907978,5
907979,4
907980,1
907981,4
907982,4
907983,4
907984,1
907985,5
907986,4
907987,4
907988,4
907989,4
907990,4
907991,4
907992,4
907993,4
907994,5
907995,4
907996,4
907997,4
907998,4
907999,4
908000,1
908001,4
908002,4
908003,4
908004,5
908005,4
908006,4
908007,1
908008,1
908009,4
908010,1
908011,4
908012,4
908013,5
908014,4
908015,4
908016,4
908017,4
908018,4
908019,4
908020,4
908021,1
908022,1
908023,1
908024,4
908025,3
908026,4
908027,4
908028,4
908029,4
908030,3
908031,4
908032,4
908033,4
908034,4
908035,4
908036,3
908037,4
908038,4
908039,4
908040,4
908041,4
908042,4
908043,4
908044,4
908045,4
908046,4
908047,4
908048,4
908049,1
908050,4
908051,4
908052,4
908053,4
908054,4
908055,1
908056,4
908057,4
908058,4
908059,4
908060,4
908061,4
908062,4
908063,4
908064,4
908065,1
908066,4
908067,4
908068,4
908069,1
908070,4
908071,4
908072,1
908073,4
908074,4
908075,4
908076,4
908077,4
908078,4
908079,4
908080,4
908081,4
908082,1
908083,4
908084,4
908085,4
908086,4
908087,4
908088,4
908089,4
908090,4
908091,4
908092,4
908093,1
908094,1
908095,4
908096,4
908097,4
908098,4
908099,4
908100,4
908101,5
908102,4
908103,4
908104,4
908105,4
908106,4
908107,4
908108,4
908109,1
908110,4
908111,4
908112,1
908113,4
908114,4
908115,5
908116,4
908117,4
908118,4
908119,4
908120,5
908121,4
908122,4
908123,4
908124,4
908125,4
908126,4
908127,4
908128,4
908129,4
908130,4
908131,4
908132,1
908133,4
908134,4
908135,4
908136,4
908137,4
908138,4
908139,4
908140,4
908141,1
908142,4
908143,4
908144,4
908145,4
908146,1
908147,4
908148,4
908149,4
908150,4
908151,4
908152,4
908153,4
908154,4
908155,4
908156,4
908157,5
908158,4
908159,4
908160,5
908161,4
908162,4
908163,1
908164,4
908165,4
908166,4
908167,4
908168,5
908169,5
908170,1
908171,4
908172,4
908173,1
908174,4
908175,4
908176,4
908177,4
908178,4
908179,4
908180,4
908181,4
908182,4
908183,4
908184,4
908185,4
908186,4
908187,4
908188,1
908189,4
908190,1
908191,4
908192,1
908193,4
908194,4
908195,4
908196,4
908197,4
908198,4
908199,1
908200,1
908201,4
908202,4
908203,4
908204,4
908205,4
908206,1
908207,4
908208,4
908209,4
908210,4
908211,4
908212,4
908213,1
908214,4
908215,4
908216,4
908217,1
908218,4
908219,4
908220,4
908221,4
908222,4
908223,4
908224,4
908225,4
908226,1
908227,4
908228,4
908229,5
908230,4
908231,4
908232,4
908233,4
908234,4
908235,4
908236,4
908237,4
908238,1
908239,4
908240,4
908241,4
908242,4
908243,1
908244,4
908245,4
908246,4
908247,5
908248,4
908249,4
908250,4
908251,1
908252,4
908253,4
908254,4
908255,4
908256,1
908257,5
908258,4
908259,1
908260,4
908261,5
908262,4
908263,4
908264,4
908265,4
908266,4
908267,1
908268,4
908269,4
908270,4
908271,4
908272,1
908273,4
908274,4
908275,4
908276,4
908277,4
908278,4
908279,4
908280,1
908281,1
908282,4
908283,4
908284,4
908285,4
908286,4
908287,4
908288,1
908289,4
908290,4
908291,4
908292,4
908293,4
908294,4
908295,4
908296,4
908297,4
908298,3
908299,4
908300,4
908301,4
908302,1
908303,1
908304,4
908305,1
908306,4
908307,4
908308,4
908309,4
908310,4
908311,5
908312,4
908313,4
908314,4
908315,5
908316,4
908317,4
908318,1
908319,4
908320,5
908321,3
908322,5
908323,3
908324,3
908325,1
908326,4
908327,4
908328,4
908329,1
908330,5
908331,1
908332,1
908333,4
908334,4
908335,4
908336,4
908337,4
908338,4
908339,4
908340,4
908341,1
908342,4
908343,4
908344,4
908345,4
908346,4
908347,4
908348,4
908349,1
908350,4
908351,4
908352,4
908353,5
908354,5
908355,4
908356,1
908357,4
908358,5
908359,4
908360,4
908361,4
908362,4
908363,4
908364,4
908365,4
908366,4
908367,4
908368,4
908369,4
908370,4
908371,4
908372,4
908373,4
908374,4
908375,4
908376,4
908377,4
908378,4
908379,4
908380,4
908381,4
908382,4
908383,4
908384,1
908385,4
908386,4
908387,4
908388,4
908389,4
908390,4
908391,4
908392,4
908393,4
908394,4
908395,4
908396,4
908397,3
908398,4
908399,1
908400,4
908401,4
908402,4
908403,4
908404,4
908405,4
908406,4
908407,4
908408,4
908409,4
908410,4
908411,4
908412,4
908413,4
908414,4
908415,4
908416,4
908417,4
908418,4
908419,5
908420,4
908421,4
908422,1
908423,4
908424,4
908425,4
908426,4
908427,4
908428,4
908429,1
908430,4
908431,4
908432,4
908433,4
908434,4
908435,4
908436,4
908437,4
908438,4
908439,5
908440,4
908441,4
908442,4
908443,4
908444,4
908445,4
908446,4
908447,4
908448,1
908449,4
908450,4
908451,4
908452,4
908453,4
908454,4
908455,4
908456,5
908457,4
908458,1
908459,4
908460,1
908461,4
908462,4
908463,4
908464,4
908465,1
908466,4
908467,4
908468,4
908469,4
908470,4
908471,4
908472,4
908473,4
908474,4
908475,4
908476,5
908477,4
908478,4
908479,4
908480,4
908481,4
908482,4
908483,4
908484,4
908485,4
908486,4
908487,4
908488,5
908489,4
908490,4
908491,1
908492,1
908493,4
908494,3
908495,4
908496,4
908497,4
908498,4
908499,4
908500,4
908501,5
908502,4
908503,3
908504,4
908505,4
908506,4
908507,4
908508,5
908509,4
908510,4
908511,4
908512,1
908513,4
908514,4
908515,4
908516,4
908517,4
908518,4
908519,4
908520,4
908521,4
908522,4
908523,4
908524,4
908525,4
908526,4
908527,4
908528,4
908529,4
908530,4
908531,4
908532,4
908533,4
908534,4
908535,4
908536,4
908537,4
908538,4
908539,4
908540,4
908541,4
908542,4
908543,4
908544,4
908545,4
908546,4
908547,4
908548,4
908549,4
908550,1
908551,4
908552,1
908553,4
908554,4
908555,4
908556,4
908557,4
908558,4
908559,4
908560,5
908561,4
908562,4
908563,4
908564,4
908565,4
908566,4
908567,4
908568,1
908569,4
908570,4
908571,1
908572,4
908573,4
908574,4
908575,4
908576,4
908577,1
908578,1
908579,4
908580,3
908581,4
908582,4
908583,4
908584,4
908585,4
908586,4
908587,4
908588,4
908589,4
908590,4
908591,4
908592,3
908593,4
908594,4
908595,4
908596,1
908597,1
908598,4
908599,4
908600,4
908601,4
908602,4
908603,4
908604,1
908605,4
908606,4
908607,1
908608,4
908609,4
908610,4
908611,4
908612,4
908613,4
908614,4
908615,4
908616,4
908617,4
908618,4
908619,4
908620,3
908621,4
908622,4
908623,4
908624,1
908625,4
908626,4
908627,1
908628,1
908629,4
908630,4
908631,4
908632,4
908633,4
908634,4
908635,1
908636,4
908637,4
908638,4
908639,4
908640,4
908641,4
908642,4
908643,4
908644,4
908645,4
908646,4
908647,4
908648,4
908649,4
908650,4
908651,3
908652,4
908653,4
908654,4
908655,4
908656,4
908657,4
908658,4
908659,4
908660,4
908661,4
908662,4
908663,4
908664,4
908665,4
908666,4
908667,4
908668,4
908669,4
908670,4
908671,4
908672,4
908673,4
908674,4
908675,1
908676,4
908677,4
908678,1
908679,4
908680,4
908681,4
908682,1
908683,4
908684,4
908685,4
908686,4
908687,4
908688,4
908689,1
908690,4
908691,3
908692,4
908693,4
908694,4
908695,4
908696,4
908697,4
908698,4
908699,4
908700,4
908701,4
908702,4
908703,4
908704,4
908705,5
908706,4
908707,4
908708,4
908709,4
908710,4
908711,4
908712,4
908713,4
908714,4
908715,4
908716,5
908717,4
908718,4
908719,4
908720,1
908721,4
908722,4
908723,4
908724,4
908725,4
908726,4
908727,4
908728,4
908729,4
908730,4
908731,4
908732,4
908733,3
908734,4
908735,4
908736,4
908737,4
908738,4
908739,1
908740,1
908741,4
908742,4
908743,4
908744,4
908745,4
908746,4
908747,4
908748,4
908749,4
908750,5
908751,4
908752,4
908753,4
908754,4
908755,4
908756,4
908757,1
908758,4
908759,4
908760,4
908761,4
908762,4
908763,4
908764,4
908765,4
908766,4
908767,4
908768,4
908769,1
908770,4
908771,4
908772,4
908773,4
908774,4
908775,4
908776,4
908777,4
908778,4
908779,4
908780,4
908781,4
908782,4
908783,4
908784,4
908785,4
908786,4
908787,4
908788,4
908789,4
908790,4
908791,4
908792,4
908793,4
908794,1
908795,4
908796,4
908797,4
908798,4
908799,4
908800,4
908801,4
908802,4
908803,4
908804,3
908805,1
908806,4
908807,4
908808,4
908809,4
908810,4
908811,4
908812,4
908813,4
908814,4
908815,4
908816,4
908817,1
908818,4
908819,4
908820,4
908821,4
908822,4
908823,4
908824,4
908825,1
908826,4
908827,4
908828,4
908829,1
908830,4
908831,4
908832,4
908833,4
908834,4
908835,4
908836,4
908837,4
908838,4
908839,4
908840,4
908841,4
908842,4
908843,4
908844,4
908845,5
908846,5
908847,4
908848,4
908849,4
908850,4
908851,4
908852,4
908853,4
908854,4
908855,1
908856,1
908857,4
908858,4
908859,4
908860,1
908861,4
908862,4
908863,1
908864,1
908865,4
908866,4
908867,1
908868,4
908869,4
908870,4
908871,4
908872,1
908873,4
908874,4
908875,4
908876,4
908877,4
908878,4
908879,4
908880,4
908881,4
908882,1
908883,4
908884,4
908885,4
908886,4
908887,4
908888,4
908889,4
908890,4
908891,1
908892,4
908893,4
908894,4
908895,4
908896,1
908897,4
908898,4
908899,4
908900,4
908901,4
908902,1
908903,4
908904,1
908905,4
908906,4
908907,4
908908,4
908909,4
908910,1
908911,1
908912,4
908913,4
908914,1
908915,4
908916,4
908917,4
908918,4
908919,4
908920,3
908921,4
908922,4
908923,4
908924,5
908925,4
908926,4
908927,4
908928,4
908929,4
908930,4
908931,4
908932,4
908933,4
908934,4
908935,4
908936,5
908937,4
908938,4
908939,4
908940,4
908941,4
908942,4
908943,1
908944,4
908945,4
908946,4
908947,4
908948,4
908949,4
908950,4
908951,4
908952,5
908953,5
908954,4
908955,4
908956,4
908957,1
908958,1
908959,4
908960,4
908961,4
908962,4
908963,4
908964,4
908965,4
908966,4
908967,4
908968,4
908969,4
908970,4
908971,4
908972,4
908973,5
908974,4
908975,4
908976,4
908977,5
908978,4
908979,1
908980,4
908981,4
908982,4
908983,4
908984,4
908985,4
908986,4
908987,4
908988,4
908989,4
908990,4
908991,4
908992,4
908993,4
908994,4
908995,4
908996,4
908997,4
908998,4
908999,1
909000,4
909001,4
909002,4
909003,4
909004,4
909005,1
909006,5
909007,1
909008,4
909009,4
909010,4
909011,4
909012,4
909013,4
909014,4
909015,4
909016,4
909017,4
909018,4
909019,4
909020,4
909021,4
909022,4
909023,4
909024,1
909025,5
909026,4
909027,4
909028,4
909029,1
909030,4
909031,4
909032,4
909033,4
909034,4
909035,4
909036,4
909037,4
909038,5
909039,4
909040,1
909041,4
909042,5
909043,1
909044,4
909045,4
909046,4
909047,1
909048,4
909049,1
909050,4
909051,4
909052,4
909053,4
909054,4
909055,4
909056,4
909057,4
909058,4
909059,4
909060,1
909061,4
909062,4
909063,1
909064,4
909065,4
909066,4
909067,4
909068,1
909069,4
909070,4
909071,4
909072,4
909073,4
909074,4
909075,4
909076,4
909077,4
909078,4
909079,4
909080,4
909081,4
909082,4
909083,4
909084,4
909085,4
909086,4
909087,4
909088,3
909089,4
909090,4
909091,3
909092,5
909093,1
909094,3
909095,3
909096,4
909097,4
909098,4
909099,4
909100,4
909101,4
909102,4
909103,4
909104,4
909105,4
909106,4
909107,4
909108,4
909109,1
909110,4
909111,1
909112,4
909113,4
909114,1
909115,4
909116,5
909117,4
909118,4
909119,4
909120,4
909121,5
909122,5
909123,4
909124,5
909125,4
909126,4
909127,4
909128,5
909129,5
909130,4
909131,5
909132,5
909133,4
909134,5
909135,4
909136,1
909137,4
909138,4
909139,1
909140,4
909141,5
909142,5
909143,5
909144,5
909145,4
909146,5
909147,4
909148,5
909149,4
909150,5
909151,5
909152,5
909153,5
909154,4
909155,5
909156,1
909157,4
909158,4
909159,4
909160,4
909161,4
909162,4
909163,4
909164,4
909165,4
909166,1
909167,1
909168,4
909169,4
909170,4
909171,4
909172,3
909173,3
909174,4
909175,1
909176,4
909177,4
909178,4
909179,4
909180,4
909181,4
909182,4
909183,4
909184,4
909185,5
909186,4
909187,4
909188,4
909189,4
909190,4
909191,4
909192,1
909193,4
909194,4
909195,1
909196,4
909197,4
909198,4
909199,4
909200,4
909201,4
909202,1
909203,1
909204,4
909205,4
909206,4
909207,4
909208,4
909209,4
909210,4
909211,4
909212,4
909213,4
909214,4
909215,4
909216,4
909217,4
909218,4
909219,4
909220,1
909221,4
909222,4
909223,4
909224,4
909225,4
909226,4
909227,4
909228,4
909229,4
909230,4
909231,4
909232,4
909233,4
909234,4
909235,4
909236,4
909237,4
909238,4
909239,4
909240,4
909241,4
909242,4
909243,4
909244,4
909245,4
909246,4
909247,4
909248,4
909249,4
909250,1
909251,4
909252,4
909253,1
909254,4
909255,1
909256,1
909257,4
909258,4
909259,4
909260,4
909261,1
909262,4
909263,3
909264,1
909265,4
909266,4
909267,4
909268,4
909269,4
909270,4
909271,4
909272,4
909273,4
909274,4
909275,4
909276,1
909277,4
909278,4
909279,4
909280,4
909281,1
909282,4
909283,4
909284,4
909285,4
909286,4
909287,4
909288,4
909289,5
909290,1
909291,4
909292,4
909293,4
909294,4
909295,4
909296,4
909297,4
909298,4
909299,1
909300,4
909301,4
909302,1
909303,5
909304,4
909305,4
909306,4
909307,4
909308,5
909309,1
909310,4
909311,4
909312,4
909313,4
909314,4
909315,1
909316,4
909317,4
909318,4
909319,1
909320,4
909321,1
909322,4
909323,4
909324,1
909325,1
909326,4
909327,4
909328,4
909329,1
909330,1
909331,4
909332,4
909333,4
909334,4
909335,4
909336,4
909337,4
909338,4
909339,4
909340,4
909341,4
909342,4
909343,4
909344,4
909345,4
909346,4
909347,1
909348,4
909349,4
909350,1
909351,4
909352,4
909353,4
909354,4
909355,1
909356,4
909357,4
909358,4
909359,4
909360,4
909361,4
909362,4
909363,4
909364,4
909365,4
909366,1
909367,4
909368,1
909369,4
909370,4
909371,4
909372,4
909373,4
909374,4
909375,4
909376,4
909377,4
909378,4
909379,4
909380,4
909381,4
909382,4
909383,4
909384,4
909385,4
909386,4
909387,4
909388,4
909389,4
909390,4
909391,4
909392,4
909393,4
909394,1
909395,4
909396,4
909397,4
909398,4
909399,4
909400,4
909401,4
909402,1
909403,1
909404,4
909405,4
909406,4
909407,4
909408,4
909409,4
909410,4
909411,4
909412,1
909413,4
909414,4
909415,4
909416,4
909417,4
909418,4
909419,5
909420,4
909421,4
909422,4
909423,4
909424,1
909425,4
909426,4
909427,5
909428,4
909429,4
909430,4
909431,4
909432,1
909433,4
909434,4
909435,4
909436,1
909437,4
909438,4
909439,4
909440,1
909441,4
909442,4
909443,4
909444,4
909445,4
909446,1
909447,4
909448,4
909449,4
909450,4
909451,4
909452,4
909453,4
909454,4
909455,4
909456,4
909457,4
909458,1
909459,4
909460,5
909461,4
909462,4
909463,4
909464,5
909465,4
909466,4
909467,5
909468,4
909469,1
909470,4
909471,4
909472,5
909473,5
909474,4
909475,5
909476,4
909477,4
909478,4
909479,5
909480,5
909481,4
909482,1
909483,1
909484,4
909485,4
909486,4
909487,4
909488,4
909489,4
909490,1
909491,1
909492,4
909493,4
909494,4
909495,4
909496,4
909497,4
909498,4
909499,1
909500,5
909501,4
909502,4
909503,4
909504,3
909505,4
909506,4
909507,4
909508,1
909509,1
909510,4
909511,4
909512,4
909513,4
909514,4
909515,4
909516,4
909517,1
909518,1
909519,4
909520,4
909521,4
909522,4
909523,4
909524,1
909525,4
909526,1
909527,4
909528,3
909529,4
909530,4
909531,4
909532,4
909533,4
909534,4
909535,4
909536,1
909537,4
909538,1
909539,1
909540,4
909541,4
909542,1
909543,1
909544,4
909545,4
909546,4
909547,4
909548,4
909549,4
909550,4
909551,4
909552,4
909553,4
909554,4
909555,1
909556,4
909557,4
909558,4
909559,1
909560,4
909561,4
909562,4
909563,4
909564,4
909565,4
909566,4
909567,4
909568,4
909569,4
909570,4
909571,4
909572,4
909573,4
909574,4
909575,4
909576,4
909577,4
909578,4
909579,4
909580,4
909581,4
909582,4
909583,4
909584,4
909585,4
909586,4
909587,4
909588,4
909589,4
909590,4
909591,4
909592,4
909593,4
909594,4
909595,4
909596,4
909597,4
909598,1
909599,4
909600,4
909601,4
909602,4
909603,4
909604,4
909605,4
909606,4
909607,4
909608,4
909609,4
909610,4
909611,1
909612,4
909613,4
909614,4
909615,4
909616,4
909617,4
909618,4
909619,4
909620,4
909621,4
909622,4
909623,4
909624,4
909625,4
909626,4
909627,4
909628,4
909629,4
909630,1
909631,4
909632,4
909633,4
909634,4
909635,4
909636,4
909637,4
909638,5
909639,4
909640,4
909641,4
909642,4
909643,4
909644,4
909645,4
909646,4
909647,4
909648,4
909649,4
909650,4
909651,1
909652,4
909653,4
909654,4
909655,4
909656,4
909657,4
909658,4
909659,4
909660,4
909661,4
909662,4
909663,4
909664,4
909665,4
909666,4
909667,4
909668,1
909669,4
909670,4
909671,4
909672,4
909673,1
909674,4
909675,1
909676,1
909677,4
909678,1
909679,4
909680,4
909681,4
909682,4
909683,4
909684,1
909685,4
909686,4
909687,1
909688,4
909689,4
909690,4
909691,4
909692,4
909693,4
909694,4
909695,4
909696,4
909697,4
909698,4
909699,4
909700,4
909701,4
909702,4
909703,4
909704,4
909705,1
909706,1
909707,4
909708,4
909709,4
909710,1
909711,4
909712,4
909713,4
909714,4
909715,4
909716,4
909717,4
909718,4
909719,4
909720,4
909721,4
909722,4
909723,1
909724,5
909725,4
909726,4
909727,4
909728,1
909729,4
909730,1
909731,4
909732,4
909733,4
909734,4
909735,4
909736,4
909737,1
909738,4
909739,4
909740,5
909741,4
909742,4
909743,4
909744,4
909745,4
909746,5
909747,4
909748,4
909749,4
909750,4
909751,5
909752,1
909753,5
909754,4
909755,4
909756,4
909757,4
909758,4
909759,4
909760,4
909761,4
909762,4
909763,4
909764,4
909765,4
909766,4
909767,4
909768,4
909769,1
909770,4
909771,4
909772,4
909773,4
909774,4
909775,4
909776,4
909777,4
909778,4
909779,4
909780,4
909781,4
909782,4
909783,4
909784,4
909785,4
909786,4
909787,4
909788,4
909789,4
909790,4
909791,1
909792,4
909793,4
909794,4
909795,4
909796,4
909797,4
909798,4
909799,4
909800,4
909801,4
909802,4
909803,4
909804,4
909805,1
909806,4
909807,4
909808,4
909809,1
909810,4
909811,1
909812,4
909813,4
909814,4
909815,5
909816,4
909817,4
909818,4
909819,4
909820,4
909821,4
909822,1
909823,4
909824,5
909825,4
909826,3
909827,3
909828,4
909829,3
909830,4
909831,4
909832,3
909833,4
909834,4
909835,4
909836,1
909837,4
909838,4
909839,1
909840,4
909841,4
909842,1
909843,1
909844,4
909845,1
909846,4
909847,5
909848,4
909849,4
909850,4
909851,4
909852,1
909853,1
909854,1
909855,4
909856,4
909857,1
909858,4
909859,4
909860,4
909861,4
909862,4
909863,5
909864,4
909865,4
909866,4
909867,5
909868,4
909869,1
909870,4
909871,4
909872,4
909873,4
909874,4
909875,4
909876,4
909877,5
909878,4
909879,4
909880,4
909881,4
909882,4
909883,4
909884,1
909885,4
909886,4
909887,4
909888,4
909889,4
909890,4
909891,4
909892,4
909893,1
909894,5
909895,4
909896,5
909897,4
909898,4
909899,4
909900,4
909901,4
909902,4
909903,5
909904,4
909905,4
909906,4
909907,4
909908,4
909909,1
909910,4
909911,5
909912,5
909913,4
909914,4
909915,4
909916,4
909917,1
909918,5
909919,4
909920,4
909921,4
909922,4
909923,4
909924,4
909925,1
909926,5
909927,4
909928,4
909929,4
909930,4
909931,4
909932,4
909933,1
909934,4
909935,4
909936,4
909937,4
909938,4
909939,4
909940,4
909941,4
909942,4
909943,4
909944,4
909945,4
909946,5
909947,4
909948,1
909949,1
909950,4
909951,4
909952,4
909953,4
909954,1
909955,4
909956,1
909957,4
909958,4
909959,4
909960,4
909961,1
909962,4
909963,1
909964,1
909965,1
909966,1
909967,4
909968,4
909969,4
909970,4
909971,4
909972,4
909973,4
909974,4
909975,4
909976,4
909977,4
909978,4
909979,4
909980,1
909981,4
909982,4
909983,4
909984,4
909985,4
909986,5
909987,4
909988,4
909989,4
909990,5
909991,4
909992,4
909993,4
909994,4
909995,4
909996,4
909997,4
909998,3
909999,4
910000,5
910001,4
910002,4
910003,4
910004,1
910005,3
910006,4
910007,4
910008,5
910009,4
910010,4
910011,4
910012,4
910013,4
910014,4
910015,1
910016,4
910017,4
910018,4
910019,4
910020,4
910021,4
910022,4
910023,4
910024,4
910025,4
910026,4
910027,1
910028,4
910029,4
910030,4
910031,4
910032,4
910033,1
910034,4
910035,4
910036,4
910037,4
910038,1
910039,4
910040,4
910041,4
910042,4
910043,1
910044,4
910045,4
910046,1
910047,4
910048,4
910049,4
910050,4
910051,4
910052,4
910053,4
910054,4
910055,4
910056,4
910057,4
910058,4
910059,4
910060,5
910061,4
910062,4
910063,4
910064,4
910065,4
910066,4
910067,5
910068,5
910069,4
910070,1
910071,4
910072,4
910073,4
910074,1
910075,4
910076,4
910077,5
910078,4
910079,1
910080,4
910081,4
910082,4
910083,4
910084,5
910085,4
910086,4
910087,5
910088,3
910089,4
910090,4
910091,1
910092,4
910093,4
910094,5
910095,4
910096,4
910097,4
910098,4
910099,1
910100,4
910101,4
910102,4
910103,5
910104,4
910105,5
910106,4
910107,5
910108,4
910109,4
910110,4
910111,4
910112,5
910113,1
910114,4
910115,4
910116,1
910117,4
910118,4
910119,3
910120,4
910121,1
910122,4
910123,4
910124,1
910125,4
910126,4
910127,4
910128,4
910129,4
910130,5
910131,4
910132,5
910133,1
910134,4
910135,1
910136,4
910137,4
910138,4
910139,4
910140,4
910141,4
910142,1
910143,4
910144,4
910145,4
910146,4
910147,4
910148,4
910149,4
910150,4
910151,4
910152,4
910153,4
910154,4
910155,4
910156,1
910157,4
910158,4
910159,5
910160,4
910161,4
910162,5
910163,4
910164,4
910165,4
910166,4
910167,4
910168,4
910169,1
910170,4
910171,1
910172,4
910173,1
910174,4
910175,4
910176,4
910177,4
910178,4
910179,4
910180,4
910181,4
910182,4
910183,4
910184,4
910185,4
910186,1
910187,4
910188,4
910189,1
910190,4
910191,1
910192,4
910193,4
910194,5
910195,5
910196,4
910197,4
910198,5
910199,4
910200,4
910201,4
910202,4
910203,1
910204,4
910205,4
910206,4
910207,4
910208,4
910209,4
910210,4
910211,4
910212,4
910213,4
910214,5
910215,4
910216,1
910217,4
910218,1
910219,4
910220,1
910221,4
910222,1
910223,4
910224,4
910225,4
910226,4
910227,4
910228,4
910229,4
910230,4
910231,4
910232,5
910233,4
910234,5
910235,4
910236,4
910237,4
910238,4
910239,1
910240,4
910241,4
910242,1
910243,4
910244,4
910245,4
910246,4
910247,4
910248,4
910249,4
910250,4
910251,4
910252,4
910253,4
910254,4
910255,4
910256,1
910257,4
910258,4
910259,4
910260,4
910261,4
910262,4
910263,4
910264,4
910265,4
910266,4
910267,4
910268,4
910269,4
910270,4
910271,1
910272,4
910273,4
910274,4
910275,4
910276,4
910277,4
910278,4
910279,4
910280,4
910281,4
910282,4
910283,4
910284,4
910285,4
910286,4
910287,4
910288,4
910289,4
910290,4
910291,4
910292,4
910293,4
910294,4
910295,1
910296,4
910297,4
910298,4
910299,4
910300,4
910301,4
910302,4
910303,4
910304,4
910305,4
910306,1
910307,4
910308,4
910309,4
910310,4
910311,4
910312,4
910313,4
910314,5
910315,4
910316,4
910317,4
910318,4
910319,4
910320,4
910321,4
910322,4
910323,1
910324,4
910325,4
910326,4
910327,4
910328,5
910329,4
910330,4
910331,4
910332,4
910333,4
910334,4
910335,4
910336,4
910337,4
910338,4
910339,5
910340,4
910341,4
910342,1
910343,1
910344,4
910345,4
910346,4
910347,4
910348,4
910349,1
910350,1
910351,4
910352,4
910353,4
910354,4
910355,4
910356,4
910357,1
910358,4
910359,4
910360,4
910361,4
910362,4
910363,4
910364,4
910365,1
910366,4
910367,4
910368,4
910369,4
910370,4
910371,4
910372,4
910373,4
910374,4
910375,4
910376,4
910377,4
910378,4
910379,5
910380,4
910381,1
910382,4
910383,4
910384,1
910385,4
910386,4
910387,4
910388,4
910389,4
910390,4
910391,4
910392,1
910393,4
910394,4
910395,4
910396,4
910397,4
910398,4
910399,5
910400,4
910401,4
910402,5
910403,5
910404,4
910405,5
910406,4
910407,4
910408,5
910409,5
910410,4
910411,4
910412,5
910413,4
910414,1
910415,4
910416,1
910417,5
910418,4
910419,4
910420,4
910421,4
910422,4
910423,4
910424,1
910425,4
910426,1
910427,5
910428,4
910429,1
910430,4
910431,1
910432,5
910433,4
910434,5
910435,5
910436,4
910437,5
910438,1
910439,4
910440,4
910441,4
910442,5
910443,4
910444,4
910445,4
910446,4
910447,4
910448,5
910449,4
910450,4
910451,4
910452,1
910453,4
910454,4
910455,4
910456,4
910457,1
910458,4
910459,4
910460,4
910461,4
910462,4
910463,4
910464,1
910465,4
910466,4
910467,5
910468,4
910469,1
910470,4
910471,4
910472,4
910473,4
910474,4
910475,4
910476,4
910477,4
910478,4
910479,4
910480,1
910481,4
910482,4
910483,4
910484,5
910485,5
910486,4
910487,4
910488,4
910489,4
910490,4
910491,4
910492,4
910493,1
910494,4
910495,4
910496,1
910497,1
910498,1
910499,4
910500,4
910501,4
910502,4
910503,4
910504,4
910505,5
910506,5
910507,4
910508,4
910509,4
910510,4
910511,4
910512,4
910513,4
910514,4
910515,4
910516,1
910517,4
910518,5
910519,4
910520,4
910521,4
910522,5
910523,4
910524,4
910525,4
910526,4
910527,4
910528,4
910529,4
910530,4
910531,4
910532,4
910533,4
910534,4
910535,4
910536,4
910537,4
910538,4
910539,4
910540,5
910541,4
910542,4
910543,4
910544,4
910545,1
910546,4
910547,4
910548,4
910549,1
910550,4
910551,4
910552,4
