838553,4
838554,4
838555,4
838556,4
838557,4
838558,4
838559,4
838560,4
838561,1
838562,4
838563,4
838564,4
838565,1
838566,4
838567,4
838568,4
838569,1
838570,4
838571,4
838572,4
838573,4
838574,4
838575,4
838576,4
838577,4
838578,4
838579,4
838580,4
838581,1
838582,4
838583,4
838584,4
838585,4
838586,4
838587,4
838588,4
838589,4
838590,4
838591,4
838592,4
838593,4
838594,4
838595,4
838596,4
838597,4
838598,4
838599,4
838600,4
838601,4
838602,4
838603,4
838604,3
838605,4
838606,4
838607,4
838608,4
838609,4
838610,4
838611,5
838612,5
838613,5
838614,4
838615,5
838616,5
838617,4
838618,4
838619,5
838620,5
838621,1
838622,5
838623,5
838624,5
838625,4
838626,5
838627,5
838628,1
838629,5
838630,4
838631,5
838632,5
838633,4
838634,4
838635,5
838636,4
838637,5
838638,4
838639,4
838640,4
838641,5
838642,5
838643,5
838644,4
838645,5
838646,4
838647,5
838648,4
838649,1
838650,5
838651,4
838652,5
838653,4
838654,5
838655,1
838656,4
838657,1
838658,4
838659,5
838660,4
838661,5
838662,4
838663,4
838664,4
838665,4
838666,5
838667,5
838668,1
838669,5
838670,4
838671,4
838672,5
838673,5
838674,4
838675,5
838676,5
838677,4
838678,5
838679,4
838680,5
838681,4
838682,5
838683,5
838684,4
838685,4
838686,4
838687,4
838688,4
838689,4
838690,5
838691,4
838692,4
838693,4
838694,4
838695,4
838696,5
838697,4
838698,4
838699,4
838700,4
838701,4
838702,4
838703,4
838704,4
838705,4
838706,4
838707,5
838708,1
838709,5
838710,4
838711,4
838712,4
838713,4
838714,4
838715,4
838716,5
838717,4
838718,4
838719,4
838720,5
838721,4
838722,1
838723,4
838724,4
838725,4
838726,4
838727,4
838728,4
838729,4
838730,5
838731,4
838732,4
838733,4
838734,4
838735,4
838736,4
838737,4
838738,4
838739,4
838740,4
838741,5
838742,1
838743,4
838744,4
838745,4
838746,4
838747,4
838748,4
838749,4
838750,4
838751,4
838752,4
838753,4
838754,4
838755,4
838756,4
838757,5
838758,4
838759,4
838760,4
838761,5
838762,4
838763,1
838764,4
838765,4
838766,4
838767,1
838768,4
838769,4
838770,5
838771,1
838772,4
838773,4
838774,4
838775,1
838776,4
838777,4
838778,4
838779,4
838780,4
838781,1
838782,4
838783,4
838784,4
838785,4
838786,3
838787,4
838788,4
838789,4
838790,4
838791,4
838792,4
838793,4
838794,4
838795,4
838796,4
838797,4
838798,4
838799,4
838800,4
838801,4
838802,4
838803,4
838804,4
838805,4
838806,4
838807,4
838808,1
838809,4
838810,4
838811,4
838812,4
838813,4
838814,4
838815,4
838816,4
838817,4
838818,4
838819,4
838820,4
838821,4
838822,4
838823,4
838824,4
838825,4
838826,4
838827,4
838828,4
838829,4
838830,4
838831,4
838832,5
838833,1
838834,4
838835,4
838836,4
838837,4
838838,4
838839,5
838840,4
838841,4
838842,4
838843,4
838844,4
838845,4
838846,4
838847,5
838848,4
838849,4
838850,5
838851,5
838852,4
838853,4
838854,4
838855,4
838856,4
838857,4
838858,1
838859,4
838860,4
838861,1
838862,4
838863,4
838864,3
838865,4
838866,4
838867,1
838868,1
838869,3
838870,4
838871,4
838872,4
838873,4
838874,4
838875,1
838876,4
838877,4
838878,4
838879,4
838880,4
838881,4
838882,4
838883,4
838884,4
838885,4
838886,1
838887,1
838888,4
838889,4
838890,4
838891,1
838892,4
838893,4
838894,4
838895,4
838896,1
838897,4
838898,1
838899,1
838900,4
838901,4
838902,4
838903,4
838904,4
838905,4
838906,4
838907,4
838908,4
838909,4
838910,4
838911,3
838912,1
838913,4
838914,4
838915,3
838916,4
838917,4
838918,4
838919,1
838920,4
838921,4
838922,4
838923,4
838924,4
838925,4
838926,4
838927,4
838928,4
838929,4
838930,4
838931,4
838932,3
838933,5
838934,5
838935,4
838936,4
838937,5
838938,4
838939,4
838940,5
838941,4
838942,5
838943,5
838944,4
838945,5
838946,4
838947,4
838948,4
838949,4
838950,5
838951,4
838952,4
838953,4
838954,4
838955,5
838956,4
838957,4
838958,4
838959,5
838960,1
838961,5
838962,4
838963,4
838964,4
838965,4
838966,5
838967,5
838968,4
838969,4
838970,5
838971,5
838972,4
838973,5
838974,4
838975,4
838976,4
838977,4
838978,1
838979,4
838980,4
838981,4
838982,4
838983,5
838984,4
838985,4
838986,4
838987,4
838988,4
838989,4
838990,4
838991,4
838992,4
838993,5
838994,4
838995,5
838996,4
838997,4
838998,1
838999,1
839000,4
839001,4
839002,4
839003,4
839004,4
839005,4
839006,4
839007,4
839008,4
839009,1
839010,4
839011,4
839012,4
839013,4
839014,4
839015,1
839016,1
839017,1
839018,4
839019,4
839020,4
839021,4
839022,4
839023,4
839024,4
839025,1
839026,5
839027,4
839028,4
839029,1
839030,4
839031,4
839032,4
839033,1
839034,4
839035,4
839036,1
839037,4
839038,4
839039,4
839040,4
839041,4
839042,4
839043,4
839044,4
839045,1
839046,5
839047,4
839048,4
839049,5
839050,4
839051,5
839052,4
839053,5
839054,4
839055,4
839056,4
839057,4
839058,4
839059,4
839060,4
839061,4
839062,4
839063,1
839064,4
839065,4
839066,4
839067,4
839068,4
839069,4
839070,4
839071,5
839072,4
839073,4
839074,4
839075,4
839076,4
839077,5
839078,4
839079,4
839080,4
839081,5
839082,4
839083,4
839084,4
839085,4
839086,4
839087,4
839088,5
839089,4
839090,4
839091,4
839092,4
839093,4
839094,4
839095,4
839096,5
839097,4
839098,4
839099,5
839100,4
839101,4
839102,4
839103,4
839104,4
839105,4
839106,1
839107,4
839108,4
839109,4
839110,4
839111,1
839112,4
839113,4
839114,4
839115,4
839116,1
839117,5
839118,4
839119,4
839120,4
839121,4
839122,4
839123,4
839124,4
839125,4
839126,4
839127,4
839128,4
839129,4
839130,4
839131,4
839132,4
839133,4
839134,5
839135,4
839136,4
839137,4
839138,4
839139,4
839140,4
839141,4
839142,4
839143,4
839144,1
839145,4
839146,5
839147,4
839148,4
839149,4
839150,4
839151,4
839152,4
839153,4
839154,4
839155,4
839156,4
839157,4
839158,4
839159,5
839160,4
839161,4
839162,4
839163,4
839164,4
839165,4
839166,4
839167,4
839168,4
839169,4
839170,4
839171,4
839172,4
839173,4
839174,4
839175,4
839176,4
839177,4
839178,4
839179,5
839180,4
839181,4
839182,4
839183,1
839184,5
839185,4
839186,4
839187,4
839188,1
839189,4
839190,4
839191,4
839192,4
839193,4
839194,5
839195,4
839196,4
839197,4
839198,4
839199,4
839200,4
839201,5
839202,5
839203,4
839204,1
839205,4
839206,4
839207,4
839208,1
839209,4
839210,1
839211,4
839212,4
839213,5
839214,4
839215,4
839216,4
839217,1
839218,5
839219,1
839220,4
839221,4
839222,4
839223,4
839224,4
839225,4
839226,5
839227,4
839228,4
839229,1
839230,4
839231,4
839232,4
839233,4
839234,4
839235,4
839236,4
839237,5
839238,4
839239,4
839240,4
839241,4
839242,4
839243,4
839244,1
839245,4
839246,4
839247,4
839248,4
839249,4
839250,1
839251,4
839252,4
839253,4
839254,4
839255,4
839256,4
839257,4
839258,4
839259,4
839260,4
839261,4
839262,4
839263,1
839264,4
839265,4
839266,4
839267,1
839268,1
839269,4
839270,4
839271,4
839272,5
839273,4
839274,5
839275,4
839276,4
839277,4
839278,5
839279,4
839280,4
839281,4
839282,4
839283,1
839284,4
839285,4
839286,4
839287,4
839288,4
839289,4
839290,4
839291,4
839292,4
839293,4
839294,4
839295,4
839296,4
839297,4
839298,4
839299,4
839300,4
839301,4
839302,4
839303,4
839304,4
839305,4
839306,4
839307,1
839308,4
839309,4
839310,4
839311,4
839312,4
839313,4
839314,4
839315,4
839316,4
839317,1
839318,4
839319,4
839320,4
839321,4
839322,4
839323,4
839324,4
839325,4
839326,4
839327,4
839328,4
839329,4
839330,4
839331,4
839332,4
839333,4
839334,1
839335,4
839336,4
839337,4
839338,4
839339,1
839340,1
839341,4
839342,4
839343,4
839344,4
839345,1
839346,1
839347,4
839348,1
839349,4
839350,4
839351,4
839352,4
839353,4
839354,4
839355,4
839356,4
839357,4
839358,4
839359,4
839360,4
839361,4
839362,4
839363,1
839364,4
839365,4
839366,4
839367,4
839368,4
839369,4
839370,4
839371,4
839372,4
839373,4
839374,4
839375,4
839376,4
839377,4
839378,4
839379,4
839380,4
839381,4
839382,4
839383,4
839384,4
839385,4
839386,1
839387,4
839388,4
839389,4
839390,4
839391,1
839392,5
839393,1
839394,4
839395,4
839396,1
839397,4
839398,4
839399,4
839400,4
839401,4
839402,4
839403,4
839404,4
839405,4
839406,4
839407,4
839408,4
839409,4
839410,4
839411,4
839412,4
839413,4
839414,4
839415,4
839416,1
839417,4
839418,4
839419,4
839420,4
839421,4
839422,4
839423,4
839424,4
839425,4
839426,1
839427,4
839428,4
839429,4
839430,4
839431,4
839432,4
839433,4
839434,1
839435,4
839436,4
839437,4
839438,4
839439,4
839440,4
839441,1
839442,4
839443,4
839444,4
839445,4
839446,4
839447,4
839448,4
839449,1
839450,4
839451,1
839452,4
839453,4
839454,4
839455,4
839456,1
839457,4
839458,4
839459,4
839460,4
839461,4
839462,4
839463,1
839464,4
839465,4
839466,4
839467,4
839468,4
839469,4
839470,4
839471,4
839472,4
839473,4
839474,4
839475,4
839476,1
839477,1
839478,4
839479,4
839480,4
839481,1
839482,4
839483,4
839484,4
839485,4
839486,4
839487,4
839488,4
839489,4
839490,4
839491,4
839492,4
839493,4
839494,1
839495,4
839496,4
839497,4
839498,4
839499,3
839500,4
839501,4
839502,4
839503,4
839504,3
839505,3
839506,4
839507,4
839508,5
839509,4
839510,4
839511,5
839512,1
839513,4
839514,4
839515,5
839516,1
839517,4
839518,4
839519,4
839520,5
839521,4
839522,4
839523,5
839524,5
839525,4
839526,1
839527,4
839528,4
839529,4
839530,4
839531,4
839532,4
839533,4
839534,4
839535,5
839536,4
839537,5
839538,4
839539,4
839540,4
839541,4
839542,4
839543,4
839544,5
839545,4
839546,4
839547,1
839548,4
839549,5
839550,1
839551,5
839552,1
839553,4
839554,4
839555,4
839556,4
839557,4
839558,4
839559,4
839560,4
839561,4
839562,4
839563,4
839564,4
839565,4
839566,4
839567,4
839568,5
839569,4
839570,3
839571,3
839572,4
839573,4
839574,4
839575,3
839576,4
839577,3
839578,1
839579,4
839580,4
839581,1
839582,4
839583,4
839584,4
839585,4
839586,3
839587,4
839588,3
839589,3
839590,4
839591,4
839592,4
839593,4
839594,4
839595,4
839596,4
839597,4
839598,1
839599,4
839600,4
839601,4
839602,4
839603,3
839604,4
839605,3
839606,5
839607,5
839608,4
839609,5
839610,4
839611,5
839612,4
839613,4
839614,4
839615,4
839616,4
839617,3
839618,4
839619,3
839620,3
839621,3
839622,4
839623,1
839624,4
839625,4
839626,3
839627,4
839628,3
839629,3
839630,4
839631,3
839632,3
839633,4
839634,3
839635,4
839636,4
839637,4
839638,5
839639,4
839640,4
839641,1
839642,4
839643,4
839644,4
839645,4
839646,4
839647,4
839648,3
839649,3
839650,4
839651,4
839652,3
839653,4
839654,3
839655,4
839656,4
839657,4
839658,5
839659,4
839660,1
839661,4
839662,4
839663,5
839664,5
839665,4
839666,5
839667,4
839668,1
839669,4
839670,1
839671,4
839672,4
839673,4
839674,4
839675,4
839676,1
839677,4
839678,4
839679,4
839680,4
839681,1
839682,4
839683,5
839684,4
839685,1
839686,4
839687,4
839688,4
839689,5
839690,4
839691,4
839692,4
839693,4
839694,4
839695,4
839696,4
839697,4
839698,4
839699,4
839700,4
839701,4
839702,4
839703,4
839704,4
839705,4
839706,4
839707,4
839708,4
839709,4
839710,4
839711,4
839712,4
839713,4
839714,4
839715,1
839716,4
839717,1
839718,1
839719,4
839720,4
839721,4
839722,4
839723,4
839724,4
839725,4
839726,4
839727,4
839728,1
839729,4
839730,4
839731,1
839732,4
839733,4
839734,4
839735,4
839736,4
839737,4
839738,4
839739,4
839740,4
839741,4
839742,4
839743,4
839744,4
839745,4
839746,4
839747,4
839748,4
839749,4
839750,4
839751,4
839752,5
839753,4
839754,4
839755,4
839756,4
839757,1
839758,4
839759,1
839760,1
839761,4
839762,4
839763,4
839764,4
839765,4
839766,4
839767,1
839768,4
839769,4
839770,4
839771,4
839772,1
839773,4
839774,4
839775,5
839776,1
839777,4
839778,4
839779,4
839780,5
839781,4
839782,4
839783,4
839784,5
839785,1
839786,5
839787,5
839788,5
839789,4
839790,1
839791,5
839792,4
839793,4
839794,5
839795,4
839796,5
839797,5
839798,4
839799,5
839800,4
839801,4
839802,5
839803,4
839804,5
839805,4
839806,4
839807,5
839808,5
839809,4
839810,4
839811,5
839812,4
839813,5
839814,4
839815,4
839816,4
839817,5
839818,5
839819,4
839820,4
839821,4
839822,1
839823,4
839824,1
839825,1
839826,4
839827,4
839828,1
839829,5
839830,3
839831,5
839832,4
839833,4
839834,4
839835,4
839836,4
839837,5
839838,4
839839,4
839840,4
839841,4
839842,4
839843,4
839844,4
839845,4
839846,3
839847,4
839848,4
839849,4
839850,4
839851,4
839852,4
839853,4
839854,4
839855,4
839856,4
839857,4
839858,4
839859,4
839860,4
839861,4
839862,4
839863,4
839864,5
839865,4
839866,4
839867,4
839868,4
839869,4
839870,4
839871,4
839872,4
839873,4
839874,4
839875,4
839876,4
839877,4
839878,4
839879,1
839880,4
839881,4
839882,4
839883,1
839884,4
839885,4
839886,4
839887,4
839888,4
839889,4
839890,4
839891,4
839892,1
839893,1
839894,4
839895,4
839896,4
839897,4
839898,4
839899,4
839900,4
839901,4
839902,4
839903,4
839904,4
839905,4
839906,4
839907,4
839908,4
839909,1
839910,1
839911,4
839912,4
839913,4
839914,4
839915,4
839916,4
839917,4
839918,4
839919,3
839920,1
839921,4
839922,3
839923,4
839924,4
839925,4
839926,4
839927,4
839928,4
839929,4
839930,4
839931,4
839932,4
839933,1
839934,4
839935,4
839936,4
839937,1
839938,4
839939,4
839940,4
839941,4
839942,4
839943,1
839944,4
839945,4
839946,4
839947,4
839948,4
839949,1
839950,4
839951,4
839952,4
839953,4
839954,4
839955,4
839956,4
839957,4
839958,4
839959,4
839960,4
839961,4
839962,4
839963,4
839964,4
839965,4
839966,4
839967,1
839968,4
839969,4
839970,4
839971,4
839972,4
839973,4
839974,1
839975,4
839976,4
839977,4
839978,4
839979,1
839980,4
839981,1
839982,1
839983,4
839984,4
839985,4
839986,4
839987,4
839988,4
839989,4
839990,4
839991,4
839992,4
839993,4
839994,4
839995,4
839996,4
839997,4
839998,4
839999,4
840000,4
840001,4
840002,4
840003,4
840004,4
840005,4
840006,4
840007,5
840008,4
840009,4
840010,1
840011,4
840012,1
840013,4
840014,4
840015,1
840016,4
840017,5
840018,1
840019,4
840020,4
840021,5
840022,4
840023,5
840024,4
840025,4
840026,4
840027,5
840028,4
840029,4
840030,4
840031,4
840032,4
840033,4
840034,4
840035,5
840036,4
840037,4
840038,4
840039,4
840040,4
840041,4
840042,4
840043,4
840044,4
840045,4
840046,1
840047,4
840048,5
840049,5
840050,5
840051,1
840052,4
840053,4
840054,5
840055,4
840056,4
840057,4
840058,4
840059,4
840060,4
840061,5
840062,4
840063,4
840064,5
840065,5
840066,4
840067,4
840068,4
840069,4
840070,4
840071,4
840072,4
840073,4
840074,4
840075,4
840076,1
840077,4
840078,4
840079,4
840080,4
840081,4
840082,4
840083,4
840084,4
840085,4
840086,4
840087,5
840088,4
840089,4
840090,4
840091,4
840092,4
840093,1
840094,1
840095,4
840096,4
840097,4
840098,4
840099,4
840100,1
840101,5
840102,4
840103,1
840104,4
840105,1
840106,5
840107,4
840108,4
840109,4
840110,4
840111,4
840112,4
840113,4
840114,4
840115,4
840116,4
840117,4
840118,1
840119,4
840120,5
840121,4
840122,4
840123,5
840124,4
840125,4
840126,5
840127,4
840128,4
840129,5
840130,4
840131,4
840132,4
840133,4
840134,4
840135,4
840136,4
840137,4
840138,1
840139,1
840140,4
840141,4
840142,5
840143,5
840144,5
840145,4
840146,4
840147,4
840148,4
840149,4
840150,1
840151,4
840152,4
840153,4
840154,4
840155,5
840156,4
840157,4
840158,4
840159,4
840160,4
840161,4
840162,4
840163,4
840164,4
840165,4
840166,4
840167,4
840168,4
840169,4
840170,4
840171,4
840172,4
840173,4
840174,4
840175,4
840176,4
840177,4
840178,4
840179,5
840180,1
840181,4
840182,4
840183,4
840184,4
840185,1
840186,4
840187,4
840188,4
840189,4
840190,4
840191,4
840192,4
840193,4
840194,4
840195,4
840196,5
840197,4
840198,4
840199,4
840200,4
840201,5
840202,1
840203,4
840204,4
840205,4
840206,1
840207,4
840208,4
840209,4
840210,4
840211,4
840212,4
840213,4
840214,4
840215,4
840216,4
840217,4
840218,4
840219,1
840220,4
840221,1
840222,4
840223,5
840224,4
840225,4
840226,1
840227,4
840228,4
840229,4
840230,4
840231,4
840232,4
840233,4
840234,4
840235,4
840236,4
840237,4
840238,4
840239,4
840240,4
840241,4
840242,1
840243,4
840244,1
840245,4
840246,4
840247,4
840248,4
840249,4
840250,4
840251,4
840252,4
840253,4
840254,4
840255,4
840256,4
840257,4
840258,4
840259,4
840260,4
840261,4
840262,4
840263,4
840264,5
840265,4
840266,4
840267,4
840268,5
840269,5
840270,4
840271,4
840272,4
840273,5
840274,4
840275,4
840276,4
840277,4
840278,4
840279,4
840280,4
840281,4
840282,4
840283,4
840284,4
840285,4
840286,4
840287,5
840288,4
840289,4
840290,4
840291,4
840292,4
840293,4
840294,4
840295,3
840296,4
840297,4
840298,4
840299,4
840300,4
840301,1
840302,1
840303,4
840304,4
840305,4
840306,4
840307,1
840308,4
840309,4
840310,4
840311,4
840312,5
840313,1
840314,4
840315,4
840316,5
840317,4
840318,4
840319,4
840320,4
840321,1
840322,4
840323,4
840324,4
840325,4
840326,4
840327,5
840328,4
840329,4
840330,1
840331,4
840332,4
840333,1
840334,1
840335,4
840336,4
840337,4
840338,4
840339,4
840340,4
840341,4
840342,4
840343,1
840344,5
840345,4
840346,4
840347,4
840348,4
840349,4
840350,4
840351,4
840352,4
840353,5
840354,4
840355,4
840356,4
840357,4
840358,1
840359,4
840360,4
840361,4
840362,4
840363,1
840364,1
840365,4
840366,4
840367,4
840368,4
840369,4
840370,4
840371,5
840372,1
840373,4
840374,4
840375,1
840376,4
840377,4
840378,4
840379,4
840380,3
840381,4
840382,1
840383,4
840384,4
840385,4
840386,4
840387,4
840388,4
840389,4
840390,4
840391,4
840392,4
840393,4
840394,1
840395,4
840396,4
840397,4
840398,4
840399,4
840400,4
840401,4
840402,1
840403,1
840404,5
840405,4
840406,4
840407,4
840408,4
840409,4
840410,4
840411,5
840412,4
840413,5
840414,4
840415,1
840416,4
840417,4
840418,5
840419,4
840420,4
840421,4
840422,1
840423,4
840424,5
840425,1
840426,4
840427,4
840428,4
840429,4
840430,4
840431,4
840432,4
840433,4
840434,1
840435,4
840436,4
840437,4
840438,4
840439,5
840440,4
840441,1
840442,4
840443,4
840444,4
840445,4
840446,4
840447,4
840448,4
840449,4
840450,4
840451,1
840452,5
840453,4
840454,4
840455,5
840456,5
840457,4
840458,4
840459,1
840460,4
840461,4
840462,4
840463,4
840464,5
840465,4
840466,4
840467,4
840468,1
840469,4
840470,5
840471,5
840472,5
840473,4
840474,5
840475,4
840476,5
840477,5
840478,1
840479,4
840480,4
840481,4
840482,4
840483,4
840484,3
840485,4
840486,4
840487,5
840488,4
840489,5
840490,4
840491,3
840492,3
840493,5
840494,3
840495,4
840496,3
840497,1
840498,4
840499,5
840500,4
840501,5
840502,4
840503,4
840504,4
840505,3
840506,4
840507,4
840508,1
840509,4
840510,3
840511,1
840512,4
840513,4
840514,5
840515,3
840516,4
840517,4
840518,4
840519,3
840520,1
840521,4
840522,5
840523,4
840524,4
840525,4
840526,4
840527,4
840528,4
840529,4
840530,4
840531,4
840532,4
840533,4
840534,4
840535,4
840536,4
840537,4
840538,4
840539,4
840540,4
840541,5
840542,4
840543,4
840544,4
840545,4
840546,4
840547,4
840548,4
840549,1
840550,4
840551,4
840552,4
840553,1
840554,1
840555,4
840556,4
840557,4
840558,4
840559,4
840560,1
840561,4
840562,1
840563,4
840564,4
840565,4
840566,4
840567,4
840568,4
840569,5
840570,4
840571,4
840572,4
840573,4
840574,4
840575,4
840576,4
840577,4
840578,4
840579,4
840580,4
840581,1
840582,1
840583,5
840584,4
840585,4
840586,1
840587,5
840588,4
840589,4
840590,4
840591,4
840592,4
840593,4
840594,3
840595,1
840596,1
840597,4
840598,1
840599,4
840600,3
840601,4
840602,4
840603,5
840604,4
840605,4
840606,4
840607,4
840608,1
840609,4
840610,4
840611,3
840612,4
840613,4
840614,4
840615,4
840616,4
840617,1
840618,4
840619,5
840620,4
840621,4
840622,1
840623,4
840624,4
840625,4
840626,4
840627,4
840628,5
840629,4
840630,4
840631,5
840632,4
840633,4
840634,4
840635,4
840636,4
840637,4
840638,4
840639,4
840640,5
840641,4
840642,4
840643,4
840644,4
840645,4
840646,1
840647,4
840648,4
840649,4
840650,4
840651,4
840652,4
840653,4
840654,4
840655,1
840656,5
840657,4
840658,4
840659,5
840660,5
840661,4
840662,1
840663,1
840664,5
840665,4
840666,5
840667,4
840668,5
840669,5
840670,4
840671,4
840672,5
840673,4
840674,4
840675,5
840676,5
840677,4
840678,4
840679,5
840680,1
840681,4
840682,4
840683,4
840684,4
840685,4
840686,1
840687,4
840688,4
840689,4
840690,4
840691,4
840692,4
840693,4
840694,4
840695,1
840696,4
840697,4
840698,4
840699,4
840700,4
840701,4
840702,4
840703,4
840704,4
840705,1
840706,4
840707,4
840708,4
840709,4
840710,4
840711,4
840712,4
840713,4
840714,4
840715,1
840716,4
840717,4
840718,4
840719,4
840720,4
840721,4
840722,4
840723,4
840724,4
840725,4
840726,4
840727,4
840728,4
840729,4
840730,4
840731,4
840732,1
840733,4
840734,4
840735,4
840736,1
840737,4
840738,4
840739,4
840740,4
840741,4
840742,4
840743,4
840744,4
840745,4
840746,4
840747,4
840748,4
840749,4
840750,4
840751,4
840752,4
840753,4
840754,4
840755,4
840756,4
840757,4
840758,4
840759,4
840760,4
840761,4
840762,4
840763,4
840764,4
840765,4
840766,4
840767,4
840768,4
840769,4
840770,4
840771,4
840772,4
840773,4
840774,4
840775,1
840776,4
840777,1
840778,4
840779,4
840780,4
840781,4
840782,4
840783,4
840784,4
840785,4
840786,4
840787,1
840788,3
840789,4
840790,4
840791,4
840792,3
840793,4
840794,4
840795,4
840796,4
840797,4
840798,4
840799,4
840800,4
840801,4
840802,4
840803,1
840804,4
840805,4
840806,4
840807,4
840808,4
840809,4
840810,4
840811,4
840812,4
840813,4
840814,4
840815,4
840816,4
840817,4
840818,4
840819,4
840820,4
840821,4
840822,4
840823,4
840824,4
840825,4
840826,4
840827,4
840828,4
840829,4
840830,4
840831,4
840832,4
840833,4
840834,1
840835,4
840836,4
840837,1
840838,1
840839,4
840840,4
840841,4
840842,4
840843,4
840844,4
840845,4
840846,5
840847,4
840848,4
840849,4
840850,4
840851,4
840852,4
840853,5
840854,4
840855,4
840856,4
840857,4
840858,4
840859,4
840860,4
840861,4
840862,4
840863,4
840864,4
840865,4
840866,4
840867,4
840868,4
840869,4
840870,1
840871,4
840872,1
840873,4
840874,4
840875,4
840876,4
840877,4
840878,1
840879,4
840880,1
840881,4
840882,4
840883,1
840884,4
840885,4
840886,4
840887,4
840888,4
840889,4
840890,1
840891,4
840892,4
840893,4
840894,4
840895,4
840896,4
840897,4
840898,4
840899,4
840900,4
840901,4
840902,4
840903,4
840904,1
840905,4
840906,4
840907,4
840908,4
840909,1
840910,4
840911,1
840912,4
840913,4
840914,4
840915,4
840916,4
840917,4
840918,4
840919,4
840920,1
840921,4
840922,4
840923,4
840924,4
840925,1
840926,4
840927,4
840928,4
840929,5
840930,4
840931,1
840932,4
840933,1
840934,4
840935,4
840936,1
840937,4
840938,1
840939,1
840940,4
840941,4
840942,4
840943,4
840944,4
840945,1
840946,4
840947,4
840948,4
840949,4
840950,4
840951,4
840952,4
840953,4
840954,4
840955,4
840956,4
840957,4
840958,4
840959,4
840960,4
840961,4
840962,4
840963,4
840964,4
840965,4
840966,4
840967,3
840968,4
840969,4
840970,4
840971,4
840972,4
840973,4
840974,4
840975,4
840976,4
840977,4
840978,4
840979,4
840980,4
840981,4
840982,4
840983,4
840984,4
840985,4
840986,4
840987,4
840988,4
840989,1
840990,4
840991,4
840992,4
840993,4
840994,4
840995,4
840996,4
840997,4
840998,4
840999,1
841000,4
841001,1
841002,4
841003,4
841004,4
841005,4
841006,5
841007,4
841008,4
841009,1
841010,4
841011,4
841012,4
841013,4
841014,4
841015,4
841016,1
841017,4
841018,4
841019,4
841020,4
841021,1
841022,4
841023,1
841024,5
841025,4
841026,5
841027,4
841028,4
841029,1
841030,5
841031,4
841032,4
841033,4
841034,4
841035,4
841036,4
841037,4
841038,4
841039,1
841040,4
841041,4
841042,4
841043,4
841044,1
841045,4
841046,5
841047,4
841048,1
841049,4
841050,4
841051,5
841052,4
841053,4
841054,4
841055,4
841056,4
841057,4
841058,4
841059,1
841060,1
841061,1
841062,4
841063,4
841064,4
841065,4
841066,4
841067,4
841068,1
841069,4
841070,4
841071,4
841072,4
841073,4
841074,4
841075,4
841076,4
841077,4
841078,4
841079,4
841080,4
841081,4
841082,4
841083,4
841084,4
841085,4
841086,4
841087,4
841088,4
841089,4
841090,1
841091,4
841092,4
841093,4
841094,4
841095,4
841096,4
841097,4
841098,4
841099,4
841100,4
841101,1
841102,4
841103,4
841104,3
841105,1
841106,4
841107,4
841108,4
841109,4
841110,4
841111,4
841112,4
841113,4
841114,4
841115,4
841116,4
841117,4
841118,4
841119,4
841120,4
841121,4
841122,4
841123,4
841124,4
841125,4
841126,4
841127,4
841128,4
841129,4
841130,4
841131,4
841132,4
841133,4
841134,4
841135,1
841136,4
841137,1
841138,4
841139,4
841140,1
841141,4
841142,4
841143,4
841144,4
841145,4
841146,4
841147,4
841148,4
841149,4
841150,4
841151,4
841152,4
841153,1
841154,4
841155,4
841156,4
841157,4
841158,4
841159,4
841160,4
841161,4
841162,4
841163,4
841164,4
841165,4
841166,4
841167,4
841168,4
841169,4
841170,4
841171,4
841172,4
841173,4
841174,4
841175,4
841176,4
841177,4
841178,4
841179,4
841180,4
841181,4
841182,4
841183,4
841184,4
841185,4
841186,4
841187,4
841188,4
841189,4
841190,1
841191,4
841192,1
841193,4
841194,4
841195,4
841196,4
841197,4
841198,4
841199,4
841200,4
841201,4
841202,4
841203,4
841204,4
841205,4
841206,4
841207,4
841208,1
841209,4
841210,4
841211,4
841212,1
841213,4
841214,4
841215,4
841216,4
841217,4
841218,4
841219,4
841220,4
841221,4
841222,4
841223,4
841224,4
841225,4
841226,4
841227,1
841228,4
841229,4
841230,4
841231,4
841232,4
841233,4
841234,4
841235,4
841236,4
841237,4
841238,4
841239,1
841240,4
841241,3
841242,4
841243,4
841244,4
841245,1
841246,1
841247,4
841248,4
841249,4
841250,3
841251,4
841252,4
841253,1
841254,4
841255,4
841256,4
841257,4
841258,4
841259,1
841260,4
841261,4
841262,4
841263,3
841264,4
841265,4
841266,4
841267,4
841268,4
841269,4
841270,4
841271,4
841272,4
841273,4
841274,4
841275,4
841276,4
841277,4
841278,4
841279,1
841280,4
841281,4
841282,4
841283,1
841284,4
841285,4
841286,4
841287,4
841288,4
841289,4
841290,4
841291,4
841292,4
841293,4
841294,4
841295,4
841296,4
841297,4
841298,1
841299,4
841300,1
841301,1
841302,4
841303,4
841304,4
841305,4
841306,4
841307,4
841308,1
841309,4
841310,4
841311,4
841312,4
841313,1
841314,5
841315,4
841316,4
841317,4
841318,4
841319,4
841320,4
841321,4
841322,4
841323,4
841324,4
841325,1
841326,4
841327,4
841328,1
841329,4
841330,1
841331,4
841332,4
841333,4
841334,4
841335,4
841336,3
841337,4
841338,4
841339,4
841340,1
841341,4
841342,4
841343,4
841344,1
841345,4
841346,4
841347,4
841348,4
841349,4
841350,5
841351,4
841352,4
841353,4
841354,4
841355,4
841356,4
841357,4
841358,4
841359,4
841360,4
841361,4
841362,4
841363,4
841364,4
841365,4
841366,3
841367,4
841368,1
841369,4
841370,4
841371,4
841372,4
841373,3
841374,4
841375,4
841376,4
841377,4
841378,4
841379,4
841380,1
841381,4
841382,4
841383,1
841384,1
841385,4
841386,4
841387,1
841388,4
841389,4
841390,4
841391,4
841392,4
841393,4
841394,4
841395,1
841396,4
841397,5
841398,4
841399,1
841400,3
841401,4
841402,4
841403,4
841404,4
841405,4
841406,1
841407,4
841408,4
841409,4
841410,4
841411,4
841412,4
841413,4
841414,4
841415,4
841416,4
841417,3
841418,4
841419,1
841420,4
841421,4
841422,1
841423,4
841424,4
841425,4
841426,4
841427,4
841428,4
841429,4
841430,5
841431,4
841432,4
841433,1
841434,5
841435,4
841436,4
841437,4
841438,4
841439,4
841440,4
841441,4
841442,4
841443,4
841444,4
841445,4
841446,1
841447,4
841448,4
841449,4
841450,1
841451,4
841452,1
841453,4
841454,4
841455,4
841456,4
841457,4
841458,4
841459,4
841460,4
841461,4
841462,4
841463,1
841464,1
841465,4
841466,4
841467,4
841468,4
841469,4
841470,4
841471,4
841472,4
841473,4
841474,4
841475,4
841476,4
841477,1
841478,4
841479,1
841480,1
841481,4
841482,4
841483,4
841484,4
841485,4
841486,4
841487,4
841488,4
841489,4
841490,4
841491,4
841492,4
841493,4
841494,4
841495,4
841496,4
841497,4
841498,4
841499,4
841500,4
841501,4
841502,4
841503,4
841504,4
841505,4
841506,1
841507,5
841508,4
841509,4
841510,4
841511,4
841512,4
841513,4
841514,4
841515,4
841516,4
841517,4
841518,4
841519,4
841520,4
841521,4
841522,4
841523,4
841524,4
841525,4
841526,4
841527,4
841528,4
841529,5
841530,4
841531,5
841532,4
841533,1
841534,4
841535,4
841536,4
841537,4
841538,4
841539,4
841540,4
841541,4
841542,4
841543,4
841544,4
841545,4
841546,4
841547,4
841548,4
841549,1
841550,4
841551,1
841552,4
841553,4
841554,4
841555,4
841556,4
841557,4
841558,4
841559,4
841560,4
841561,4
841562,4
841563,4
841564,5
841565,4
841566,4
841567,4
841568,4
841569,4
841570,4
841571,4
841572,4
841573,4
841574,4
841575,4
841576,4
841577,4
841578,4
841579,4
841580,4
841581,4
841582,4
841583,1
841584,4
841585,4
841586,4
841587,4
841588,4
841589,4
841590,4
841591,4
841592,5
841593,4
841594,1
841595,5
841596,4
841597,4
841598,4
841599,5
841600,4
841601,4
841602,1
841603,4
841604,4
841605,4
841606,4
841607,5
841608,4
841609,4
841610,4
841611,4
841612,1
841613,4
841614,4
841615,4
841616,1
841617,4
841618,4
841619,4
841620,4
841621,4
841622,5
841623,4
841624,4
841625,5
841626,4
841627,4
841628,1
841629,4
841630,4
841631,4
841632,1
841633,1
841634,1
841635,4
841636,4
841637,4
841638,1
841639,1
841640,4
841641,4
841642,4
841643,4
841644,4
841645,4
841646,4
841647,4
841648,4
841649,4
841650,4
841651,4
841652,4
841653,4
841654,4
841655,4
841656,4
841657,4
841658,4
841659,5
841660,4
841661,1
841662,1
841663,4
841664,4
841665,5
841666,4
841667,4
841668,1
841669,4
841670,4
841671,4
841672,4
841673,4
841674,4
841675,4
841676,4
841677,4
841678,4
841679,4
841680,4
841681,4
841682,4
841683,4
841684,4
841685,4
841686,1
841687,4
841688,4
841689,4
841690,1
841691,4
841692,4
841693,4
841694,4
841695,4
841696,4
841697,4
841698,4
841699,4
841700,4
841701,4
841702,4
841703,5
841704,1
841705,4
841706,4
841707,4
841708,4
841709,5
841710,5
841711,4
841712,4
841713,4
841714,4
841715,5
841716,4
841717,4
841718,4
841719,4
841720,1
841721,5
841722,1
841723,1
841724,4
841725,4
841726,4
841727,4
841728,4
841729,4
841730,4
841731,4
841732,4
841733,4
841734,4
841735,4
841736,4
841737,4
841738,4
841739,4
841740,1
841741,4
841742,4
841743,4
841744,4
841745,4
841746,1
841747,4
841748,4
841749,4
841750,4
841751,4
841752,4
841753,4
841754,4
841755,1
841756,4
841757,4
841758,4
841759,4
841760,4
841761,4
841762,4
841763,1
841764,4
841765,4
841766,4
841767,1
841768,4
841769,4
841770,4
841771,4
841772,4
841773,5
841774,4
841775,4
841776,4
841777,4
841778,4
841779,1
841780,4
841781,5
841782,4
841783,5
841784,4
841785,4
841786,1
841787,4
841788,5
841789,4
841790,4
841791,4
841792,4
841793,4
841794,4
841795,5
841796,1
841797,4
841798,4
841799,4
841800,4
841801,1
841802,4
841803,4
841804,1
841805,4
841806,4
841807,4
841808,1
841809,4
841810,4
841811,4
841812,4
841813,1
841814,4
841815,4
841816,4
841817,4
841818,4
841819,4
841820,4
841821,4
841822,1
841823,1
841824,4
841825,1
841826,4
841827,4
841828,4
841829,4
841830,4
841831,4
841832,4
841833,4
841834,1
841835,4
841836,4
841837,4
841838,4
841839,4
841840,4
841841,1
841842,4
841843,4
841844,4
841845,4
841846,4
841847,4
841848,4
841849,4
841850,1
841851,4
841852,4
841853,4
841854,4
841855,4
841856,4
841857,5
841858,4
841859,5
841860,4
841861,1
841862,5
841863,4
841864,1
841865,4
841866,4
841867,4
841868,5
841869,4
841870,1
841871,5
841872,1
841873,4
841874,5
841875,5
841876,4
841877,5
841878,4
841879,4
841880,5
841881,1
841882,4
841883,4
841884,4
841885,4
841886,5
841887,4
841888,1
841889,4
841890,4
841891,4
841892,4
841893,4
841894,5
841895,4
841896,5
841897,4
841898,4
841899,4
841900,5
841901,4
841902,4
841903,4
841904,4
841905,4
841906,4
841907,4
841908,4
841909,4
841910,4
841911,5
841912,4
841913,4
841914,5
841915,4
841916,5
841917,4
841918,4
841919,4
841920,4
841921,4
841922,4
841923,4
841924,4
841925,4
841926,4
841927,4
841928,5
841929,4
841930,4
841931,4
841932,4
841933,5
841934,5
841935,4
841936,4
841937,4
841938,4
841939,5
841940,5
841941,4
841942,1
841943,4
841944,5
841945,4
841946,4
841947,5
841948,4
841949,1
841950,4
841951,4
841952,4
841953,4
841954,4
841955,5
841956,4
841957,4
841958,5
841959,4
841960,4
841961,4
841962,4
841963,4
841964,5
841965,1
841966,5
841967,4
841968,1
841969,5
841970,4
841971,4
841972,1
841973,4
841974,5
841975,5
841976,4
841977,1
841978,1
841979,4
841980,4
841981,5
841982,4
841983,4
841984,1
841985,4
841986,4
841987,1
841988,5
841989,4
841990,5
841991,4
841992,5
841993,5
841994,5
841995,4
841996,5
841997,1
841998,4
841999,5
842000,4
842001,4
842002,4
842003,4
842004,1
842005,4
842006,4
842007,4
842008,4
842009,1
842010,1
842011,4
842012,4
842013,4
842014,4
842015,1
842016,4
842017,4
842018,4
842019,4
842020,4
842021,4
842022,4
842023,4
842024,4
842025,4
842026,4
842027,4
842028,4
842029,4
842030,4
842031,4
842032,4
842033,4
842034,4
842035,4
842036,4
842037,4
842038,4
842039,4
842040,4
842041,4
842042,4
842043,4
842044,1
842045,4
842046,4
842047,4
842048,4
842049,4
842050,4
842051,4
842052,4
842053,4
842054,4
842055,4
842056,4
842057,4
842058,4
842059,5
842060,4
842061,4
842062,4
842063,1
842064,1
842065,4
842066,4
842067,4
842068,4
842069,4
842070,5
842071,4
842072,1
842073,4
842074,4
842075,4
842076,4
842077,4
842078,4
842079,4
842080,4
842081,5
842082,4
842083,4
842084,4
842085,4
842086,4
842087,4
842088,4
842089,4
842090,4
842091,4
842092,4
842093,4
842094,4
842095,4
842096,4
842097,5
842098,4
842099,4
842100,4
842101,4
842102,4
842103,4
842104,4
842105,4
842106,4
842107,1
842108,1
842109,4
842110,4
842111,4
842112,4
842113,4
842114,4
842115,4
842116,1
842117,4
842118,1
842119,4
842120,4
842121,4
842122,1
842123,4
842124,4
842125,4
842126,4
842127,4
842128,1
842129,4
842130,4
842131,4
842132,4
842133,1
842134,1
842135,4
842136,4
842137,4
842138,1
842139,4
842140,1
842141,4
842142,4
842143,4
842144,5
842145,4
842146,4
842147,4
842148,4
842149,4
842150,1
842151,4
842152,4
842153,5
842154,4
842155,4
842156,4
842157,1
842158,4
842159,4
842160,4
842161,1
842162,4
842163,4
842164,4
842165,4
842166,4
842167,4
842168,1
842169,4
842170,5
842171,4
842172,4
842173,4
842174,4
842175,4
842176,4
842177,4
842178,4
842179,4
842180,4
842181,4
842182,5
842183,4
842184,1
842185,4
842186,4
842187,1
842188,1
842189,4
842190,4
842191,4
842192,4
842193,4
842194,4
842195,4
842196,1
842197,4
842198,4
842199,4
842200,5
842201,4
842202,4
842203,4
842204,5
842205,4
842206,5
842207,5
842208,4
842209,4
842210,4
842211,5
842212,4
842213,4
842214,4
842215,4
842216,1
842217,4
842218,4
842219,4
842220,4
842221,4
842222,4
842223,4
842224,4
842225,4
842226,4
842227,4
842228,4
842229,4
842230,4
842231,5
842232,4
842233,3
842234,4
842235,4
842236,4
842237,1
842238,4
842239,1
842240,4
842241,3
842242,4
842243,4
842244,4
842245,4
842246,4
842247,4
842248,4
842249,4
842250,4
842251,4
842252,4
842253,4
842254,4
842255,4
842256,4
842257,4
842258,4
842259,4
842260,1
842261,1
842262,1
842263,4
842264,1
842265,5
842266,4
842267,4
842268,4
842269,4
842270,4
842271,4
842272,4
842273,4
842274,4
842275,4
842276,4
842277,4
842278,4
842279,4
842280,4
842281,1
842282,4
842283,4
842284,4
842285,4
842286,4
842287,4
842288,4
842289,1
842290,4
842291,4
842292,4
842293,4
842294,4
842295,4
842296,4
842297,4
842298,4
842299,4
842300,4
842301,4
842302,4
842303,4
842304,4
842305,4
842306,4
842307,4
842308,4
842309,5
842310,4
842311,4
842312,1
842313,4
842314,5
842315,4
842316,1
842317,4
842318,4
842319,5
842320,4
842321,4
842322,4
842323,4
842324,1
842325,4
842326,4
842327,4
842328,4
842329,4
842330,4
842331,4
842332,1
842333,4
842334,4
842335,4
842336,4
842337,1
842338,4
842339,4
842340,4
842341,4
842342,1
842343,4
842344,4
842345,5
842346,4
842347,4
842348,5
842349,4
842350,4
842351,4
842352,4
842353,4
842354,4
842355,4
842356,4
842357,4
842358,1
842359,4
842360,4
842361,4
842362,4
842363,1
842364,5
842365,4
842366,4
842367,4
842368,4
842369,4
842370,4
842371,4
842372,5
842373,4
842374,4
842375,3
842376,4
842377,4
842378,4
842379,4
842380,4
842381,4
842382,4
842383,4
842384,4
842385,5
842386,4
842387,5
842388,4
842389,4
842390,1
842391,5
842392,4
842393,4
842394,4
842395,4
842396,5
842397,4
842398,1
842399,1
842400,4
842401,4
842402,1
842403,4
842404,4
842405,4
842406,4
842407,4
842408,4
842409,5
842410,4
842411,1
842412,4
842413,4
842414,4
842415,4
842416,4
842417,4
842418,4
842419,4
842420,5
842421,4
842422,4
842423,4
842424,4
842425,5
842426,4
842427,4
842428,4
842429,4
842430,4
842431,4
842432,4
842433,4
842434,4
842435,1
842436,1
842437,4
842438,4
842439,4
842440,4
842441,4
842442,4
842443,4
842444,5
842445,4
842446,4
842447,4
842448,4
842449,4
842450,4
842451,1
842452,4
842453,4
842454,4
842455,4
842456,5
842457,4
842458,4
842459,4
842460,4
842461,1
842462,4
842463,4
842464,4
842465,4
842466,4
842467,4
842468,1
842469,4
842470,4
842471,4
842472,4
842473,4
842474,4
842475,4
842476,4
842477,4
842478,4
842479,4
842480,4
842481,4
842482,4
842483,4
842484,4
842485,4
842486,4
842487,4
842488,4
842489,1
842490,4
842491,4
842492,4
842493,4
842494,4
842495,4
842496,5
842497,4
842498,4
842499,4
842500,4
842501,4
842502,4
842503,4
842504,1
842505,4
842506,4
842507,5
842508,4
842509,4
842510,4
842511,4
842512,4
842513,4
842514,4
842515,4
842516,4
842517,4
842518,4
842519,4
842520,4
842521,1
842522,1
842523,4
842524,4
842525,1
842526,4
842527,4
842528,4
842529,4
842530,4
842531,4
842532,4
842533,4
842534,1
842535,4
842536,4
842537,4
842538,4
842539,4
842540,1
842541,4
842542,4
842543,4
842544,4
842545,1
842546,4
842547,4
842548,1
842549,4
842550,1
842551,4
842552,4
842553,4
842554,4
842555,4
842556,4
842557,4
842558,4
842559,4
842560,4
842561,4
842562,1
842563,4
842564,4
842565,1
842566,4
842567,4
842568,4
842569,4
842570,4
842571,1
842572,4
842573,4
842574,4
842575,4
842576,4
842577,4
842578,4
842579,1
842580,4
842581,1
842582,4
842583,4
842584,4
842585,4
842586,4
842587,4
842588,4
842589,4
842590,4
842591,4
842592,4
842593,4
842594,4
842595,4
842596,4
842597,4
842598,4
842599,4
842600,4
842601,4
842602,4
842603,4
842604,4
842605,4
842606,4
842607,4
842608,4
842609,4
842610,4
842611,1
842612,4
842613,5
842614,4
842615,5
842616,4
842617,4
842618,4
842619,4
842620,4
842621,4
842622,4
842623,4
842624,4
842625,4
842626,4
842627,4
842628,4
842629,4
842630,4
842631,4
842632,4
842633,4
842634,4
842635,4
842636,4
842637,4
842638,4
842639,4
842640,4
842641,1
842642,1
842643,4
842644,4
842645,4
842646,4
842647,5
842648,4
842649,4
842650,4
842651,4
842652,4
842653,4
842654,4
842655,4
842656,4
842657,4
842658,1
842659,4
842660,4
842661,1
842662,1
842663,4
842664,1
842665,4
842666,4
842667,4
842668,4
842669,4
842670,4
842671,4
842672,4
842673,4
842674,4
842675,4
842676,4
842677,1
842678,4
842679,1
842680,4
842681,1
842682,4
842683,4
842684,1
842685,4
842686,4
842687,4
842688,4
842689,4
842690,4
842691,4
842692,4
842693,1
842694,4
842695,4
842696,1
842697,4
842698,1
842699,5
842700,4
842701,4
842702,4
842703,4
842704,4
842705,4
842706,1
842707,4
842708,4
842709,4
842710,4
842711,4
842712,4
842713,4
842714,4
842715,1
842716,4
842717,4
842718,4
842719,4
842720,4
842721,4
842722,4
842723,1
842724,4
842725,4
842726,4
842727,4
842728,4
842729,4
842730,4
842731,5
842732,5
842733,4
842734,4
842735,4
842736,4
842737,4
842738,1
842739,4
842740,4
842741,4
842742,4
842743,4
842744,4
842745,4
842746,1
842747,4
842748,5
842749,4
842750,4
842751,1
842752,5
842753,1
842754,4
842755,5
842756,4
842757,4
842758,4
842759,4
842760,4
842761,4
842762,1
842763,4
842764,4
842765,4
842766,4
842767,4
842768,4
842769,4
842770,4
842771,4
842772,4
842773,4
842774,1
842775,4
842776,1
842777,4
842778,4
842779,1
842780,4
842781,4
842782,4
842783,4
842784,5
842785,4
842786,4
842787,4
842788,4
842789,5
842790,4
842791,5
842792,4
842793,1
842794,4
842795,4
842796,4
842797,4
842798,1
842799,4
842800,4
842801,4
842802,4
842803,4
842804,4
842805,1
842806,4
842807,4
842808,4
842809,5
842810,4
842811,4
842812,4
842813,4
842814,4
842815,4
842816,4
842817,4
842818,1
842819,1
842820,4
842821,4
842822,1
842823,1
842824,4
842825,4
842826,4
842827,4
842828,4
842829,4
842830,4
842831,4
842832,4
842833,4
842834,4
842835,4
842836,4
842837,4
842838,4
842839,1
842840,4
842841,4
842842,4
842843,1
842844,4
842845,1
842846,4
842847,4
842848,4
842849,4
842850,4
842851,4
842852,4
842853,4
842854,4
842855,5
842856,4
842857,4
842858,4
842859,4
842860,4
842861,4
842862,4
842863,4
842864,4
842865,4
842866,4
842867,4
842868,4
842869,4
842870,4
842871,1
842872,4
842873,4
842874,4
842875,4
842876,4
842877,4
842878,5
842879,5
842880,4
842881,4
842882,5
842883,5
842884,4
842885,4
842886,1
842887,4
842888,4
842889,5
842890,4
842891,4
842892,4
842893,5
842894,4
842895,4
842896,5
842897,4
842898,5
842899,4
842900,5
842901,1
842902,4
842903,4
842904,4
842905,4
842906,4
842907,1
842908,3
842909,4
842910,4
842911,4
842912,3
842913,4
842914,4
842915,4
842916,4
842917,5
842918,4
842919,1
842920,4
842921,4
842922,4
842923,4
842924,4
842925,4
842926,4
842927,4
842928,4
842929,5
842930,1
842931,4
842932,1
842933,4
842934,4
842935,4
842936,4
842937,4
842938,4
842939,1
842940,4
842941,4
842942,1
842943,4
842944,4
842945,4
842946,4
842947,4
842948,4
842949,4
842950,4
842951,4
842952,4
842953,4
842954,4
842955,4
842956,4
842957,4
842958,4
842959,4
842960,4
842961,1
842962,4
842963,4
842964,4
842965,4
842966,4
842967,1
842968,1
842969,4
842970,1
842971,4
842972,4
842973,4
842974,4
842975,4
842976,4
842977,4
842978,4
842979,4
842980,4
842981,4
842982,4
842983,4
842984,4
842985,4
842986,1
842987,4
842988,4
842989,1
842990,1
842991,1
842992,4
842993,4
842994,4
842995,4
842996,4
842997,4
842998,4
842999,4
843000,4
843001,4
843002,4
843003,4
843004,4
843005,4
843006,4
843007,4
843008,4
843009,4
843010,4
843011,4
843012,4
843013,4
843014,1
843015,5
843016,4
843017,4
843018,1
843019,4
843020,4
843021,4
843022,4
843023,3
843024,4
843025,4
843026,4
843027,1
843028,4
843029,1
843030,4
843031,4
843032,4
843033,1
843034,5
843035,4
843036,4
843037,5
843038,4
843039,4
843040,4
843041,4
843042,4
843043,4
843044,4
843045,4
843046,4
843047,4
843048,4
843049,1
843050,4
843051,4
843052,4
843053,4
843054,4
843055,1
843056,1
843057,4
843058,4
843059,4
843060,4
843061,1
843062,4
843063,4
843064,4
843065,4
843066,4
843067,4
843068,4
843069,4
843070,4
843071,4
843072,4
843073,4
843074,4
843075,4
843076,5
843077,4
843078,4
843079,4
843080,4
843081,4
843082,4
843083,4
843084,4
843085,4
843086,4
843087,4
843088,4
843089,4
843090,4
843091,4
843092,4
843093,4
843094,4
843095,5
843096,4
843097,4
843098,1
843099,4
843100,4
843101,4
843102,4
843103,4
843104,1
843105,4
843106,4
843107,4
843108,1
843109,4
843110,4
843111,4
843112,4
843113,4
843114,4
843115,4
843116,4
843117,4
843118,4
843119,4
843120,4
843121,4
843122,4
843123,5
843124,4
843125,1
843126,4
843127,5
843128,4
843129,4
843130,1
843131,4
843132,1
843133,4
843134,5
843135,4
843136,4
843137,1
843138,1
843139,1
843140,4
843141,4
843142,4
843143,4
843144,4
843145,4
843146,4
843147,4
843148,5
843149,5
843150,4
843151,4
843152,4
843153,4
843154,4
843155,4
843156,4
843157,4
843158,4
843159,4
843160,4
843161,4
843162,4
843163,1
843164,4
843165,4
843166,4
843167,4
843168,1
843169,4
843170,3
843171,4
843172,4
843173,4
843174,1
843175,4
843176,4
843177,4
843178,4
843179,4
843180,4
843181,4
843182,4
843183,4
843184,4
843185,1
843186,4
843187,4
843188,4
843189,4
843190,4
843191,4
843192,4
843193,4
843194,4
843195,4
843196,4
843197,4
843198,5
843199,4
843200,4
843201,4
843202,4
843203,4
843204,4
843205,4
843206,4
843207,4
843208,4
843209,4
843210,4
843211,4
843212,5
843213,4
843214,4
843215,4
843216,4
843217,4
843218,4
843219,4
843220,4
843221,4
843222,4
843223,4
843224,4
843225,4
843226,1
843227,4
843228,4
843229,4
843230,4
843231,1
843232,4
843233,4
843234,4
843235,4
843236,4
843237,4
843238,4
843239,4
843240,4
843241,4
843242,4
843243,1
843244,4
843245,4
843246,4
843247,4
843248,4
843249,4
843250,4
843251,4
843252,4
843253,4
843254,4
843255,1
843256,3
843257,4
843258,4
843259,4
843260,4
843261,4
843262,4
843263,4
843264,4
843265,4
843266,4
843267,1
843268,5
843269,1
843270,4
843271,4
843272,4
843273,1
843274,4
843275,4
843276,1
843277,1
843278,4
843279,4
843280,4
843281,1
843282,5
843283,4
843284,1
843285,4
843286,4
843287,4
843288,4
843289,4
843290,4
843291,4
843292,4
843293,1
843294,1
843295,4
843296,4
843297,4
843298,5
843299,4
843300,4
843301,4
843302,4
843303,1
843304,4
843305,4
843306,4
843307,4
843308,4
843309,1
843310,1
843311,4
843312,4
843313,4
843314,5
843315,4
843316,4
843317,4
843318,4
843319,4
843320,1
843321,4
843322,1
843323,4
843324,4
843325,4
843326,4
843327,4
843328,4
843329,4
843330,4
843331,4
843332,4
843333,4
843334,4
843335,4
843336,4
843337,4
843338,4
843339,4
843340,1
843341,1
843342,4
843343,4
843344,4
843345,4
843346,4
843347,4
843348,4
843349,5
843350,4
843351,4
843352,4
843353,4
843354,4
843355,4
843356,4
843357,5
843358,4
843359,4
843360,4
843361,4
843362,4
843363,4
843364,4
843365,5
843366,5
843367,5
843368,4
843369,4
843370,4
843371,4
843372,4
843373,4
843374,4
843375,4
843376,4
843377,4
843378,4
843379,4
843380,4
843381,4
843382,5
843383,4
843384,4
843385,4
843386,4
843387,5
843388,4
843389,4
843390,1
843391,4
843392,4
843393,5
843394,4
843395,1
843396,4
843397,4
843398,4
843399,1
843400,4
843401,4
843402,4
843403,4
843404,4
843405,1
843406,5
843407,4
843408,4
843409,4
843410,4
843411,4
843412,4
843413,3
843414,4
843415,4
843416,1
843417,4
843418,5
843419,4
843420,4
843421,4
843422,3
843423,1
843424,4
843425,4
843426,5
843427,4
843428,4
843429,5
843430,4
843431,1
843432,4
843433,4
843434,4
843435,5
843436,4
843437,4
843438,5
843439,4
843440,4
843441,1
843442,4
843443,4
843444,4
843445,4
843446,4
843447,4
843448,4
843449,4
843450,4
843451,4
843452,4
843453,5
843454,4
843455,4
843456,4
843457,4
843458,4
843459,4
843460,4
843461,4
843462,4
843463,4
843464,4
843465,4
843466,4
843467,4
843468,4
843469,3
843470,3
843471,4
843472,4
843473,4
843474,1
843475,4
843476,4
843477,4
843478,1
843479,4
843480,4
843481,3
843482,4
843483,4
843484,1
843485,4
843486,4
843487,4
843488,4
843489,4
843490,4
843491,1
843492,4
843493,4
843494,5
843495,4
843496,4
843497,4
843498,5
843499,4
843500,4
843501,4
843502,4
843503,4
843504,4
843505,4
843506,4
843507,4
843508,1
843509,1
843510,4
843511,5
843512,4
843513,5
843514,4
843515,1
843516,4
843517,4
843518,5
843519,4
843520,4
843521,4
843522,4
843523,1
843524,4
843525,4
843526,1
843527,4
843528,4
843529,1
843530,4
843531,4
843532,4
843533,4
843534,4
843535,4
843536,4
843537,5
843538,5
843539,4
843540,5
843541,4
843542,5
843543,1
843544,4
843545,4
843546,4
843547,4
843548,4
843549,1
843550,4
843551,4
843552,5
843553,4
843554,5
843555,5
843556,4
843557,1
843558,4
843559,5
843560,4
843561,4
843562,4
843563,1
843564,4
843565,4
843566,4
843567,4
843568,4
843569,4
843570,4
843571,1
843572,4
843573,4
843574,4
843575,4
843576,4
843577,4
843578,4
843579,4
843580,1
843581,4
843582,4
843583,4
843584,4
843585,4
843586,4
843587,4
843588,4
843589,4
843590,4
843591,4
843592,4
843593,4
843594,1
843595,4
843596,4
843597,4
843598,4
843599,4
843600,4
843601,4
843602,4
843603,4
843604,4
843605,4
843606,4
843607,4
843608,4
843609,4
843610,4
843611,4
843612,4
843613,4
843614,4
843615,4
843616,4
843617,4
843618,4
843619,1
843620,4
843621,5
843622,4
843623,4
843624,4
843625,4
843626,1
843627,4
843628,4
843629,4
843630,4
843631,4
843632,4
843633,4
843634,4
843635,4
843636,4
843637,4
843638,4
843639,4
843640,4
843641,4
843642,4
843643,1
843644,4
843645,4
843646,4
843647,4
843648,1
843649,1
843650,4
843651,4
843652,4
843653,4
843654,4
843655,4
843656,4
843657,4
843658,1
843659,4
843660,4
843661,4
843662,4
843663,4
843664,4
843665,4
843666,4
843667,4
843668,4
843669,4
843670,4
843671,1
843672,4
843673,5
843674,5
843675,4
843676,4
843677,4
843678,5
843679,4
843680,4
843681,1
843682,4
843683,5
843684,5
843685,4
843686,5
843687,4
843688,4
843689,4
843690,4
843691,4
843692,1
843693,4
843694,4
843695,5
843696,5
843697,4
843698,4
843699,4
843700,4
843701,4
843702,4
843703,4
843704,1
843705,5
843706,4
843707,5
843708,5
843709,5
843710,1
843711,5
843712,4
843713,4
843714,1
843715,4
843716,5
843717,4
843718,5
843719,4
843720,4
843721,4
843722,4
843723,4
843724,4
843725,5
843726,5
843727,5
843728,4
843729,4
843730,4
843731,4
843732,5
843733,4
843734,4
843735,1
843736,4
843737,5
843738,4
843739,4
843740,4
843741,5
843742,5
843743,4
843744,4
843745,5
843746,4
843747,4
843748,4
843749,4
843750,4
843751,4
843752,5
843753,4
843754,4
843755,4
843756,4
843757,4
843758,4
843759,4
843760,5
843761,4
843762,4
843763,4
843764,4
843765,4
843766,4
843767,4
843768,4
843769,4
843770,4
843771,4
843772,1
843773,4
843774,5
843775,4
843776,4
843777,4
843778,5
843779,5
843780,4
843781,4
843782,4
843783,4
843784,4
843785,4
843786,4
843787,4
843788,1
843789,1
843790,4
843791,1
843792,4
843793,5
843794,4
843795,4
843796,1
843797,4
843798,5
843799,4
843800,5
843801,4
843802,5
843803,4
843804,4
843805,4
843806,4
843807,4
843808,1
843809,5
843810,4
843811,1
843812,4
843813,5
843814,4
843815,1
843816,4
843817,4
843818,4
843819,4
843820,4
843821,4
843822,4
843823,4
843824,5
843825,1
843826,5
843827,5
843828,4
843829,4
843830,1
843831,1
843832,5
843833,4
843834,4
843835,4
843836,4
843837,4
843838,4
843839,4
843840,4
843841,1
843842,1
843843,5
843844,5
843845,4
843846,4
843847,4
843848,4
843849,4
843850,1
843851,4
843852,4
843853,4
843854,4
843855,4
843856,4
843857,4
843858,5
843859,4
843860,5
843861,4
843862,4
843863,1
843864,4
843865,4
843866,4
843867,4
843868,4
843869,4
843870,4
843871,1
843872,4
843873,4
843874,4
843875,4
843876,3
843877,4
843878,4
843879,4
843880,4
843881,4
843882,4
843883,4
843884,4
843885,4
843886,4
843887,4
843888,4
843889,4
843890,4
843891,4
843892,1
843893,1
843894,4
843895,4
843896,1
843897,4
843898,4
843899,4
843900,4
843901,4
843902,4
843903,4
843904,4
843905,4
843906,4
843907,4
843908,4
843909,4
843910,4
843911,4
843912,4
843913,4
843914,4
843915,5
843916,4
843917,1
843918,4
843919,4
843920,4
843921,1
843922,4
843923,4
843924,4
843925,4
843926,4
843927,4
843928,4
843929,4
843930,4
843931,4
843932,4
843933,1
843934,4
843935,4
843936,4
843937,4
843938,4
843939,4
843940,4
843941,4
843942,4
843943,4
843944,4
843945,4
843946,4
843947,4
843948,4
843949,4
843950,5
843951,4
843952,4
843953,4
843954,4
843955,4
843956,4
843957,4
843958,4
843959,4
843960,4
843961,4
843962,4
843963,4
843964,4
843965,4
843966,1
843967,4
843968,4
843969,4
843970,4
843971,4
843972,1
843973,4
843974,4
843975,1
843976,4
843977,4
843978,4
843979,3
843980,4
843981,3
843982,4
843983,4
843984,4
843985,3
843986,1
843987,4
843988,4
843989,1
843990,4
843991,4
843992,4
843993,4
843994,3
843995,4
843996,5
843997,4
843998,3
843999,4
844000,3
844001,4
844002,3
844003,3
844004,4
844005,5
844006,4
844007,4
844008,4
844009,5
844010,1
844011,4
844012,4
844013,4
844014,4
844015,4
844016,4
844017,4
844018,4
844019,4
844020,4
844021,4
844022,4
844023,4
844024,4
844025,4
844026,4
844027,4
844028,4
844029,4
844030,4
844031,4
844032,1
844033,4
844034,5
844035,4
844036,4
844037,4
844038,1
844039,4
844040,4
844041,1
844042,4
844043,5
844044,4
844045,4
844046,4
844047,4
844048,4
844049,4
844050,4
844051,5
844052,5
844053,4
844054,4
844055,4
844056,4
844057,1
844058,4
844059,4
844060,4
844061,4
844062,4
844063,4
844064,4
844065,4
844066,4
844067,4
844068,4
844069,4
844070,4
844071,4
844072,4
844073,4
844074,4
844075,4
844076,1
844077,4
844078,4
844079,5
844080,4
844081,4
844082,4
844083,4
844084,1
844085,1
844086,4
844087,4
844088,4
844089,4
844090,4
844091,4
844092,4
844093,1
844094,4
844095,4
844096,4
844097,4
844098,4
844099,1
844100,4
844101,4
844102,1
844103,4
844104,1
844105,4
844106,4
844107,4
844108,4
844109,4
844110,4
844111,4
844112,4
844113,1
844114,4
844115,4
844116,4
844117,4
844118,4
844119,5
844120,4
844121,4
844122,4
844123,4
844124,4
844125,4
844126,4
844127,4
844128,4
844129,4
844130,4
844131,4
844132,4
844133,4
844134,4
844135,4
844136,4
844137,4
844138,4
844139,4
844140,4
844141,4
844142,4
844143,4
844144,4
844145,4
844146,4
844147,1
844148,4
844149,4
844150,4
844151,4
844152,4
844153,4
844154,4
844155,4
844156,4
844157,4
844158,4
844159,4
844160,4
844161,4
844162,4
844163,4
844164,4
844165,4
844166,4
844167,5
844168,4
844169,4
844170,4
844171,4
844172,4
844173,4
844174,4
844175,4
844176,3
844177,4
844178,3
844179,4
844180,1
844181,4
844182,4
844183,4
844184,4
844185,4
844186,4
844187,4
844188,4
844189,1
844190,4
844191,1
844192,4
844193,4
844194,4
844195,4
844196,4
844197,4
844198,4
844199,4
844200,1
844201,4
844202,4
844203,4
844204,4
844205,4
844206,4
844207,1
844208,1
844209,4
844210,5
844211,4
844212,4
844213,4
844214,4
844215,4
844216,4
844217,4
844218,4
844219,4
844220,4
844221,5
844222,4
844223,4
844224,4
844225,4
844226,4
844227,4
844228,5
844229,1
844230,4
844231,4
844232,4
844233,4
844234,4
844235,4
844236,4
844237,1
844238,4
844239,4
844240,4
844241,4
844242,4
844243,4
844244,5
844245,4
844246,4
844247,4
844248,4
844249,4
844250,4
844251,4
844252,4
844253,4
844254,4
844255,4
844256,4
844257,4
844258,4
844259,4
844260,4
844261,4
844262,4
844263,3
844264,4
844265,4
844266,4
844267,4
844268,4
844269,5
844270,4
844271,5
844272,4
844273,1
844274,4
844275,4
844276,3
844277,4
844278,4
844279,4
844280,4
844281,4
844282,4
844283,4
844284,4
844285,3
844286,4
844287,4
844288,4
844289,4
844290,4
844291,4
844292,4
844293,4
844294,4
844295,4
844296,4
844297,1
844298,4
844299,4
844300,4
844301,4
844302,4
844303,4
844304,4
844305,4
844306,4
844307,4
844308,4
844309,4
844310,4
844311,4
844312,4
844313,1
844314,4
844315,4
844316,1
844317,4
844318,4
844319,4
844320,4
844321,4
844322,4
844323,4
844324,4
844325,4
844326,5
844327,4
844328,4
844329,4
844330,4
844331,4
844332,4
844333,4
844334,4
844335,4
844336,4
844337,1
844338,3
844339,4
844340,1
844341,4
844342,4
844343,1
844344,1
844345,4
844346,4
844347,4
844348,1
844349,4
844350,1
844351,4
844352,4
844353,4
844354,3
844355,4
844356,4
844357,4
844358,4
844359,4
844360,1
844361,4
844362,4
844363,4
844364,4
844365,4
844366,4
844367,4
844368,4
844369,4
844370,4
844371,4
844372,4
844373,4
844374,4
844375,4
844376,4
844377,3
844378,5
844379,5
844380,4
844381,4
844382,4
844383,4
844384,4
844385,4
844386,4
844387,4
844388,1
844389,4
844390,1
844391,4
844392,1
844393,4
844394,4
844395,4
844396,4
844397,5
844398,4
844399,4
844400,3
844401,1
844402,4
844403,4
844404,1
844405,4
844406,5
844407,4
844408,5
844409,4
844410,4
844411,4
844412,4
844413,4
844414,3
844415,4
844416,1
844417,4
844418,4
844419,4
844420,1
844421,4
844422,4
844423,4
844424,4
844425,4
844426,4
844427,4
844428,4
844429,4
844430,4
844431,1
844432,4
844433,4
844434,4
844435,1
844436,4
844437,4
844438,4
844439,4
844440,4
844441,4
844442,4
844443,4
844444,4
844445,4
844446,4
844447,5
844448,4
844449,4
844450,4
844451,4
844452,4
844453,1
844454,4
844455,4
844456,4
844457,4
844458,4
844459,4
844460,4
844461,4
844462,4
844463,4
844464,4
844465,4
844466,4
844467,4
844468,4
844469,4
844470,4
844471,4
844472,4
844473,4
844474,4
844475,5
844476,3
844477,4
844478,4
844479,4
844480,4
844481,4
844482,4
844483,4
844484,1
844485,4
844486,4
844487,4
844488,4
844489,4
844490,4
844491,4
844492,4
844493,4
844494,4
844495,4
844496,4
844497,4
844498,4
844499,1
844500,1
844501,4
844502,4
844503,1
844504,5
844505,4
844506,4
844507,4
844508,4
844509,4
844510,4
844511,4
844512,4
844513,4
844514,4
844515,4
844516,4
844517,4
844518,4
844519,1
844520,5
844521,4
844522,1
844523,4
844524,4
844525,4
844526,5
844527,4
844528,4
844529,4
844530,4
844531,4
844532,5
844533,4
844534,4
844535,1
844536,4
844537,4
844538,4
844539,4
844540,1
844541,4
844542,4
844543,4
844544,4
844545,5
844546,4
844547,1
844548,4
844549,1
844550,4
844551,4
844552,4
