970553,5
970554,4
970555,5
970556,4
970557,4
970558,5
970559,4
970560,1
970561,5
970562,4
970563,4
970564,1
970565,4
970566,1
970567,4
970568,4
970569,1
970570,1
970571,1
970572,4
970573,4
970574,4
970575,4
970576,4
970577,4
970578,4
970579,5
970580,4
970581,4
970582,4
970583,4
970584,5
970585,4
970586,4
970587,4
970588,4
970589,4
970590,4
970591,4
970592,4
970593,4
970594,4
970595,4
970596,4
970597,1
970598,4
970599,4
970600,4
970601,4
970602,4
970603,4
970604,4
970605,4
970606,4
970607,5
970608,4
970609,5
970610,4
970611,1
970612,4
970613,1
970614,4
970615,4
970616,4
970617,4
970618,4
970619,4
970620,4
970621,4
970622,4
970623,4
970624,4
970625,4
970626,1
970627,5
970628,4
970629,4
970630,1
970631,1
970632,4
970633,4
970634,4
970635,4
970636,4
970637,4
970638,4
970639,4
970640,4
970641,4
970642,4
970643,4
970644,4
970645,4
970646,4
970647,4
970648,4
970649,1
970650,4
970651,4
970652,4
970653,1
970654,4
970655,4
970656,4
970657,1
970658,4
970659,4
970660,4
970661,4
970662,4
970663,5
970664,4
970665,4
970666,1
970667,4
970668,1
970669,4
970670,4
970671,4
970672,4
970673,4
970674,4
970675,4
970676,4
970677,4
970678,1
970679,4
970680,4
970681,4
970682,4
970683,5
970684,5
970685,4
970686,4
970687,1
970688,4
970689,1
970690,4
970691,4
970692,1
970693,4
970694,4
970695,5
970696,4
970697,4
970698,4
970699,4
970700,4
970701,4
970702,4
970703,4
970704,5
970705,4
970706,4
970707,4
970708,4
970709,4
970710,4
970711,4
970712,5
970713,4
970714,1
970715,1
970716,4
970717,4
970718,4
970719,4
970720,1
970721,5
970722,5
970723,4
970724,4
970725,4
970726,4
970727,5
970728,4
970729,4
970730,4
970731,4
970732,4
970733,4
970734,4
970735,4
970736,4
970737,4
970738,4
970739,4
970740,4
970741,4
970742,4
970743,4
970744,4
970745,4
970746,4
970747,1
970748,4
970749,4
970750,4
970751,1
970752,4
970753,4
970754,4
970755,4
970756,4
970757,4
970758,4
970759,4
970760,4
970761,4
970762,4
970763,4
970764,4
970765,4
970766,1
970767,4
970768,4
970769,4
970770,4
970771,4
970772,4
970773,4
970774,1
970775,4
970776,4
970777,4
970778,5
970779,5
970780,4
970781,4
970782,4
970783,4
970784,4
970785,4
970786,4
970787,4
970788,4
970789,4
970790,4
970791,4
970792,4
970793,4
970794,4
970795,4
970796,4
970797,4
970798,4
970799,4
970800,4
970801,4
970802,4
970803,4
970804,4
970805,4
970806,5
970807,4
970808,1
970809,4
970810,4
970811,4
970812,4
970813,4
970814,4
970815,4
970816,4
970817,4
970818,5
970819,5
970820,4
970821,4
970822,4
970823,4
970824,4
970825,5
970826,4
970827,1
970828,4
970829,1
970830,4
970831,1
970832,4
970833,4
970834,4
970835,4
970836,4
970837,5
970838,4
970839,4
970840,1
970841,5
970842,4
970843,4
970844,4
970845,4
970846,4
970847,1
970848,4
970849,4
970850,4
970851,4
970852,4
970853,4
970854,4
970855,4
970856,4
970857,4
970858,4
970859,4
970860,4
970861,4
970862,4
970863,4
970864,4
970865,4
970866,4
970867,4
970868,4
970869,4
970870,4
970871,4
970872,4
970873,4
970874,5
970875,4
970876,4
970877,4
970878,5
970879,5
970880,4
970881,4
970882,4
970883,4
970884,4
970885,4
970886,4
970887,4
970888,4
970889,4
970890,4
970891,5
970892,4
970893,5
970894,4
970895,4
970896,4
970897,4
970898,4
970899,4
970900,4
970901,4
970902,4
970903,4
970904,4
970905,4
970906,4
970907,4
970908,4
970909,4
970910,1
970911,4
970912,4
970913,4
970914,5
970915,1
970916,4
970917,4
970918,1
970919,4
970920,5
970921,4
970922,4
970923,4
970924,4
970925,4
970926,4
970927,4
970928,4
970929,4
970930,4
970931,4
970932,4
970933,4
970934,4
970935,4
970936,4
970937,4
970938,4
970939,5
970940,4
970941,4
970942,4
970943,4
970944,5
970945,4
970946,5
970947,4
970948,4
970949,1
970950,4
970951,1
970952,1
970953,1
970954,4
970955,4
970956,4
970957,4
970958,5
970959,4
970960,4
970961,4
970962,4
970963,4
970964,4
970965,4
970966,4
970967,4
970968,1
970969,4
970970,1
970971,4
970972,5
970973,5
970974,4
970975,5
970976,4
970977,4
970978,1
970979,5
970980,4
970981,4
970982,4
970983,4
970984,4
970985,4
970986,5
970987,4
970988,5
970989,4
970990,4
970991,4
970992,4
970993,4
970994,4
970995,5
970996,5
970997,1
970998,4
970999,1
971000,1
971001,5
971002,4
971003,4
971004,4
971005,4
971006,4
971007,5
971008,4
971009,4
971010,4
971011,1
971012,4
971013,4
971014,1
971015,4
971016,4
971017,4
971018,4
971019,1
971020,4
971021,4
971022,4
971023,4
971024,4
971025,5
971026,1
971027,4
971028,4
971029,4
971030,4
971031,4
971032,1
971033,4
971034,4
971035,4
971036,4
971037,4
971038,1
971039,4
971040,4
971041,4
971042,4
971043,4
971044,4
971045,4
971046,4
971047,4
971048,4
971049,4
971050,4
971051,4
971052,4
971053,4
971054,4
971055,4
971056,1
971057,4
971058,4
971059,4
971060,4
971061,4
971062,4
971063,4
971064,1
971065,1
971066,4
971067,1
971068,4
971069,4
971070,4
971071,4
971072,4
971073,5
971074,3
971075,4
971076,4
971077,4
971078,4
971079,4
971080,4
971081,4
971082,4
971083,4
971084,1
971085,4
971086,4
971087,1
971088,4
971089,4
971090,4
971091,4
971092,4
971093,4
971094,4
971095,4
971096,4
971097,4
971098,4
971099,4
971100,5
971101,4
971102,4
971103,1
971104,1
971105,5
971106,4
971107,4
971108,5
971109,4
971110,4
971111,5
971112,4
971113,4
971114,4
971115,4
971116,4
971117,4
971118,4
971119,1
971120,4
971121,4
971122,4
971123,4
971124,4
971125,4
971126,4
971127,4
971128,4
971129,4
971130,4
971131,4
971132,4
971133,4
971134,4
971135,4
971136,4
971137,4
971138,4
971139,4
971140,5
971141,5
971142,4
971143,5
971144,4
971145,4
971146,4
971147,4
971148,4
971149,4
971150,4
971151,4
971152,5
971153,4
971154,5
971155,5
971156,4
971157,4
971158,4
971159,1
971160,4
971161,5
971162,4
971163,4
971164,4
971165,4
971166,4
971167,1
971168,4
971169,4
971170,4
971171,4
971172,4
971173,4
971174,4
971175,4
971176,4
971177,4
971178,4
971179,4
971180,4
971181,4
971182,4
971183,1
971184,4
971185,4
971186,4
971187,4
971188,1
971189,4
971190,4
971191,1
971192,4
971193,1
971194,4
971195,4
971196,4
971197,1
971198,4
971199,1
971200,5
971201,4
971202,4
971203,1
971204,4
971205,4
971206,4
971207,4
971208,4
971209,1
971210,4
971211,4
971212,4
971213,4
971214,4
971215,4
971216,5
971217,4
971218,4
971219,4
971220,4
971221,4
971222,1
971223,4
971224,4
971225,4
971226,4
971227,4
971228,4
971229,4
971230,4
971231,4
971232,4
971233,4
971234,1
971235,4
971236,4
971237,4
971238,1
971239,4
971240,5
971241,4
971242,4
971243,4
971244,4
971245,4
971246,4
971247,4
971248,4
971249,4
971250,4
971251,4
971252,4
971253,4
971254,4
971255,4
971256,1
971257,4
971258,4
971259,4
971260,4
971261,1
971262,4
971263,4
971264,4
971265,1
971266,4
971267,4
971268,4
971269,4
971270,4
971271,4
971272,4
971273,4
971274,4
971275,4
971276,1
971277,4
971278,4
971279,1
971280,4
971281,4
971282,4
971283,4
971284,4
971285,4
971286,4
971287,4
971288,4
971289,1
971290,4
971291,4
971292,4
971293,5
971294,4
971295,4
971296,4
971297,4
971298,4
971299,1
971300,4
971301,1
971302,4
971303,4
971304,4
971305,4
971306,4
971307,4
971308,4
971309,4
971310,4
971311,4
971312,4
971313,1
971314,4
971315,4
971316,4
971317,4
971318,4
971319,4
971320,1
971321,4
971322,4
971323,4
971324,4
971325,4
971326,4
971327,5
971328,4
971329,4
971330,4
971331,5
971332,5
971333,4
971334,5
971335,4
971336,4
971337,1
971338,5
971339,4
971340,1
971341,5
971342,5
971343,4
971344,5
971345,4
971346,5
971347,5
971348,4
971349,4
971350,4
971351,4
971352,4
971353,4
971354,4
971355,5
971356,5
971357,5
971358,5
971359,5
971360,4
971361,4
971362,4
971363,4
971364,4
971365,4
971366,4
971367,4
971368,4
971369,4
971370,4
971371,1
971372,4
971373,4
971374,4
971375,4
971376,1
971377,4
971378,4
971379,4
971380,1
971381,4
971382,4
971383,4
971384,4
971385,4
971386,4
971387,4
971388,3
971389,3
971390,4
971391,4
971392,3
971393,4
971394,4
971395,4
971396,1
971397,4
971398,4
971399,4
971400,5
971401,5
971402,5
971403,4
971404,5
971405,4
971406,4
971407,4
971408,4
971409,4
971410,4
971411,4
971412,4
971413,4
971414,5
971415,5
971416,1
971417,4
971418,4
971419,4
971420,4
971421,4
971422,5
971423,1
971424,4
971425,5
971426,4
971427,4
971428,4
971429,4
971430,4
971431,1
971432,1
971433,4
971434,4
971435,4
971436,4
971437,4
971438,4
971439,4
971440,5
971441,4
971442,5
971443,4
971444,4
971445,4
971446,4
971447,4
971448,4
971449,4
971450,1
971451,4
971452,1
971453,4
971454,4
971455,1
971456,4
971457,4
971458,4
971459,4
971460,4
971461,4
971462,4
971463,4
971464,4
971465,1
971466,4
971467,4
971468,4
971469,4
971470,5
971471,1
971472,4
971473,4
971474,4
971475,4
971476,1
971477,1
971478,4
971479,4
971480,4
971481,1
971482,4
971483,4
971484,1
971485,4
971486,4
971487,4
971488,4
971489,1
971490,4
971491,4
971492,4
971493,4
971494,4
971495,4
971496,4
971497,4
971498,4
971499,4
971500,4
971501,4
971502,4
971503,4
971504,4
971505,4
971506,4
971507,4
971508,4
971509,4
971510,4
971511,4
971512,4
971513,4
971514,4
971515,4
971516,4
971517,4
971518,4
971519,4
971520,4
971521,4
971522,4
971523,4
971524,4
971525,1
971526,1
971527,4
971528,4
971529,5
971530,4
971531,4
971532,1
971533,4
971534,4
971535,4
971536,1
971537,4
971538,4
971539,4
971540,4
971541,3
971542,4
971543,4
971544,4
971545,4
971546,4
971547,4
971548,3
971549,4
971550,1
971551,4
971552,4
971553,4
971554,4
971555,1
971556,4
971557,4
971558,4
971559,4
971560,4
971561,5
971562,4
971563,4
971564,1
971565,4
971566,4
971567,4
971568,4
971569,4
971570,4
971571,5
971572,4
971573,4
971574,4
971575,4
971576,4
971577,4
971578,4
971579,4
971580,4
971581,4
971582,4
971583,4
971584,4
971585,4
971586,4
971587,4
971588,4
971589,4
971590,4
971591,4
971592,4
971593,1
971594,4
971595,4
971596,4
971597,4
971598,4
971599,4
971600,4
971601,4
971602,4
971603,4
971604,4
971605,4
971606,1
971607,4
971608,4
971609,4
971610,4
971611,4
971612,4
971613,1
971614,4
971615,4
971616,4
971617,4
971618,4
971619,1
971620,4
971621,4
971622,3
971623,4
971624,3
971625,4
971626,3
971627,1
971628,1
971629,4
971630,4
971631,4
971632,3
971633,3
971634,4
971635,4
971636,4
971637,1
971638,4
971639,4
971640,4
971641,3
971642,1
971643,3
971644,4
971645,4
971646,4
971647,1
971648,4
971649,4
971650,1
971651,4
971652,4
971653,5
971654,4
971655,4
971656,4
971657,4
971658,4
971659,4
971660,4
971661,5
971662,4
971663,4
971664,4
971665,4
971666,4
971667,4
971668,1
971669,4
971670,4
971671,3
971672,4
971673,5
971674,4
971675,4
971676,4
971677,4
971678,4
971679,4
971680,4
971681,4
971682,1
971683,4
971684,4
971685,4
971686,4
971687,4
971688,5
971689,4
971690,4
971691,1
971692,4
971693,4
971694,4
971695,4
971696,4
971697,4
971698,1
971699,4
971700,4
971701,4
971702,4
971703,4
971704,4
971705,1
971706,4
971707,1
971708,4
971709,4
971710,4
971711,4
971712,4
971713,4
971714,4
971715,4
971716,4
971717,1
971718,4
971719,4
971720,4
971721,4
971722,4
971723,4
971724,4
971725,4
971726,4
971727,4
971728,1
971729,4
971730,4
971731,4
971732,4
971733,4
971734,1
971735,4
971736,4
971737,4
971738,4
971739,4
971740,4
971741,4
971742,4
971743,4
971744,4
971745,4
971746,1
971747,4
971748,4
971749,4
971750,4
971751,4
971752,4
971753,1
971754,5
971755,4
971756,4
971757,4
971758,4
971759,4
971760,4
971761,1
971762,4
971763,4
971764,4
971765,4
971766,4
971767,1
971768,4
971769,4
971770,4
971771,4
971772,4
971773,1
971774,4
971775,4
971776,4
971777,4
971778,4
971779,4
971780,4
971781,4
971782,1
971783,4
971784,4
971785,4
971786,4
971787,4
971788,4
971789,4
971790,4
971791,1
971792,4
971793,4
971794,4
971795,4
971796,4
971797,4
971798,4
971799,1
971800,4
971801,1
971802,5
971803,4
971804,4
971805,4
971806,4
971807,4
971808,4
971809,4
971810,4
971811,4
971812,4
971813,4
971814,1
971815,4
971816,5
971817,4
971818,4
971819,5
971820,4
971821,4
971822,4
971823,1
971824,4
971825,4
971826,4
971827,4
971828,4
971829,4
971830,4
971831,4
971832,1
971833,4
971834,4
971835,4
971836,4
971837,4
971838,1
971839,4
971840,4
971841,4
971842,4
971843,4
971844,4
971845,4
971846,4
971847,4
971848,4
971849,4
971850,4
971851,1
971852,4
971853,4
971854,4
971855,4
971856,4
971857,4
971858,4
971859,4
971860,4
971861,4
971862,4
971863,4
971864,1
971865,4
971866,4
971867,4
971868,4
971869,4
971870,4
971871,4
971872,4
971873,4
971874,4
971875,4
971876,4
971877,4
971878,1
971879,1
971880,4
971881,4
971882,1
971883,4
971884,4
971885,5
971886,5
971887,4
971888,4
971889,4
971890,4
971891,4
971892,4
971893,4
971894,4
971895,4
971896,1
971897,4
971898,4
971899,4
971900,4
971901,4
971902,4
971903,1
971904,4
971905,1
971906,4
971907,4
971908,4
971909,4
971910,4
971911,1
971912,4
971913,4
971914,4
971915,4
971916,4
971917,4
971918,4
971919,4
971920,4
971921,4
971922,4
971923,4
971924,1
971925,4
971926,4
971927,4
971928,3
971929,1
971930,3
971931,3
971932,3
971933,4
971934,4
971935,3
971936,1
971937,1
971938,1
971939,1
971940,5
971941,3
971942,3
971943,1
971944,3
971945,4
971946,1
971947,4
971948,3
971949,3
971950,3
971951,4
971952,3
971953,3
971954,3
971955,5
971956,3
971957,1
971958,3
971959,4
971960,4
971961,4
971962,4
971963,4
971964,4
971965,4
971966,4
971967,4
971968,4
971969,4
971970,4
971971,4
971972,4
971973,4
971974,4
971975,4
971976,4
971977,4
971978,4
971979,4
971980,4
971981,4
971982,4
971983,4
971984,1
971985,4
971986,4
971987,4
971988,4
971989,4
971990,4
971991,4
971992,1
971993,1
971994,4
971995,4
971996,1
971997,4
971998,4
971999,1
972000,4
972001,4
972002,4
972003,1
972004,4
972005,4
972006,4
972007,1
972008,4
972009,4
972010,4
972011,4
972012,4
972013,4
972014,4
972015,4
972016,4
972017,4
972018,4
972019,4
972020,4
972021,4
972022,4
972023,1
972024,4
972025,4
972026,4
972027,4
972028,4
972029,4
972030,4
972031,4
972032,4
972033,4
972034,1
972035,4
972036,4
972037,4
972038,4
972039,4
972040,4
972041,4
972042,4
972043,4
972044,5
972045,4
972046,4
972047,4
972048,4
972049,1
972050,4
972051,4
972052,4
972053,4
972054,4
972055,4
972056,4
972057,4
972058,4
972059,4
972060,1
972061,4
972062,4
972063,1
972064,4
972065,4
972066,4
972067,4
972068,4
972069,4
972070,4
972071,4
972072,4
972073,4
972074,4
972075,1
972076,4
972077,4
972078,4
972079,4
972080,4
972081,4
972082,4
972083,1
972084,4
972085,4
972086,4
972087,4
972088,4
972089,4
972090,4
972091,4
972092,4
972093,4
972094,1
972095,4
972096,3
972097,4
972098,4
972099,4
972100,4
972101,4
972102,1
972103,4
972104,4
972105,4
972106,5
972107,4
972108,4
972109,4
972110,4
972111,4
972112,4
972113,4
972114,4
972115,4
972116,4
972117,4
972118,4
972119,4
972120,1
972121,4
972122,1
972123,4
972124,4
972125,4
972126,5
972127,4
972128,4
972129,4
972130,4
972131,5
972132,1
972133,5
972134,4
972135,4
972136,4
972137,5
972138,5
972139,5
972140,4
972141,4
972142,4
972143,4
972144,4
972145,1
972146,4
972147,5
972148,4
972149,4
972150,4
972151,4
972152,3
972153,4
972154,4
972155,4
972156,4
972157,4
972158,4
972159,4
972160,3
972161,4
972162,4
972163,4
972164,4
972165,4
972166,4
972167,1
972168,4
972169,4
972170,4
972171,4
972172,4
972173,4
972174,4
972175,4
972176,3
972177,1
972178,4
972179,1
972180,5
972181,4
972182,4
972183,4
972184,4
972185,4
972186,4
972187,4
972188,1
972189,1
972190,4
972191,4
972192,1
972193,4
972194,1
972195,4
972196,4
972197,4
972198,4
972199,4
972200,4
972201,1
972202,1
972203,4
972204,4
972205,4
972206,4
972207,4
972208,4
972209,4
972210,4
972211,4
972212,5
972213,4
972214,1
972215,4
972216,1
972217,4
972218,4
972219,4
972220,1
972221,1
972222,4
972223,4
972224,4
972225,5
972226,4
972227,4
972228,4
972229,4
972230,4
972231,1
972232,4
972233,4
972234,4
972235,4
972236,4
972237,4
972238,4
972239,4
972240,5
972241,1
972242,4
972243,4
972244,4
972245,1
972246,1
972247,4
972248,5
972249,4
972250,4
972251,4
972252,4
972253,4
972254,4
972255,4
972256,5
972257,4
972258,4
972259,4
972260,5
972261,1
972262,1
972263,1
972264,4
972265,4
972266,4
972267,4
972268,1
972269,5
972270,4
972271,4
972272,4
972273,4
972274,4
972275,4
972276,1
972277,4
972278,4
972279,4
972280,4
972281,4
972282,4
972283,1
972284,5
972285,4
972286,4
972287,4
972288,5
972289,4
972290,4
972291,1
972292,5
972293,4
972294,1
972295,4
972296,4
972297,4
972298,4
972299,5
972300,4
972301,4
972302,4
972303,4
972304,4
972305,1
972306,4
972307,4
972308,4
972309,4
972310,5
972311,5
972312,4
972313,4
972314,1
972315,4
972316,4
972317,4
972318,1
972319,4
972320,4
972321,4
972322,4
972323,4
972324,4
972325,4
972326,4
972327,4
972328,4
972329,4
972330,4
972331,4
972332,4
972333,4
972334,4
972335,4
972336,4
972337,4
972338,4
972339,4
972340,4
972341,4
972342,1
972343,4
972344,4
972345,4
972346,4
972347,4
972348,4
972349,1
972350,5
972351,5
972352,4
972353,4
972354,4
972355,4
972356,4
972357,5
972358,4
972359,1
972360,4
972361,4
972362,4
972363,4
972364,4
972365,4
972366,4
972367,4
972368,5
972369,4
972370,4
972371,1
972372,4
972373,5
972374,1
972375,5
972376,4
972377,4
972378,5
972379,5
972380,4
972381,4
972382,4
972383,4
972384,5
972385,5
972386,4
972387,4
972388,4
972389,4
972390,4
972391,5
972392,1
972393,1
972394,4
972395,4
972396,4
972397,4
972398,4
972399,4
972400,4
972401,1
972402,5
972403,5
972404,4
972405,4
972406,1
972407,4
972408,5
972409,1
972410,4
972411,4
972412,4
972413,4
972414,5
972415,4
972416,4
972417,1
972418,4
972419,5
972420,4
972421,4
972422,5
972423,5
972424,5
972425,4
972426,4
972427,4
972428,4
972429,4
972430,4
972431,4
972432,4
972433,1
972434,4
972435,4
972436,1
972437,4
972438,4
972439,4
972440,4
972441,4
972442,4
972443,4
972444,1
972445,4
972446,4
972447,4
972448,4
972449,4
972450,4
972451,4
972452,4
972453,4
972454,4
972455,1
972456,4
972457,4
972458,4
972459,4
972460,1
972461,1
972462,4
972463,4
972464,1
972465,4
972466,4
972467,4
972468,4
972469,1
972470,4
972471,4
972472,4
972473,4
972474,4
972475,4
972476,4
972477,4
972478,4
972479,4
972480,4
972481,4
972482,1
972483,1
972484,4
972485,4
972486,4
972487,4
972488,4
972489,4
972490,4
972491,4
972492,4
972493,5
972494,5
972495,4
972496,4
972497,4
972498,4
972499,1
972500,4
972501,4
972502,4
972503,4
972504,5
972505,4
972506,4
972507,4
972508,4
972509,4
972510,4
972511,4
972512,4
972513,1
972514,1
972515,1
972516,4
972517,4
972518,1
972519,5
972520,4
972521,4
972522,4
972523,4
972524,4
972525,4
972526,4
972527,4
972528,4
972529,4
972530,4
972531,4
972532,5
972533,4
972534,4
972535,4
972536,1
972537,4
972538,1
972539,4
972540,4
972541,4
972542,4
972543,1
972544,1
972545,4
972546,4
972547,4
972548,4
972549,4
972550,4
972551,4
972552,4
972553,4
972554,4
972555,4
972556,4
972557,4
972558,4
972559,4
972560,1
972561,4
972562,4
972563,4
972564,4
972565,4
972566,4
972567,5
972568,4
972569,4
972570,1
972571,4
972572,4
972573,5
972574,4
972575,4
972576,4
972577,1
972578,4
972579,4
972580,4
972581,4
972582,4
972583,4
972584,4
972585,4
972586,4
972587,4
972588,4
972589,4
972590,4
972591,4
972592,1
972593,4
972594,4
972595,1
972596,4
972597,1
972598,1
972599,1
972600,4
972601,4
972602,4
972603,4
972604,4
972605,4
972606,4
972607,4
972608,4
972609,4
972610,4
972611,4
972612,4
972613,1
972614,4
972615,4
972616,4
972617,4
972618,4
972619,1
972620,4
972621,4
972622,4
972623,4
972624,4
972625,4
972626,4
972627,4
972628,4
972629,4
972630,4
972631,4
972632,4
972633,4
972634,1
972635,4
972636,1
972637,1
972638,4
972639,1
972640,4
972641,4
972642,4
972643,4
972644,4
972645,4
972646,4
972647,1
972648,1
972649,4
972650,4
972651,4
972652,4
972653,1
972654,4
972655,4
972656,4
972657,4
972658,4
972659,4
972660,4
972661,4
972662,4
972663,1
972664,4
972665,4
972666,4
972667,4
972668,4
972669,4
972670,4
972671,4
972672,4
972673,4
972674,4
972675,1
972676,4
972677,4
972678,4
972679,5
972680,1
972681,4
972682,4
972683,3
972684,4
972685,4
972686,4
972687,4
972688,1
972689,4
972690,4
972691,3
972692,4
972693,4
972694,4
972695,4
972696,4
972697,4
972698,4
972699,1
972700,4
972701,4
972702,4
972703,4
972704,5
972705,4
972706,4
972707,1
972708,4
972709,1
972710,4
972711,4
972712,4
972713,4
972714,4
972715,4
972716,1
972717,4
972718,4
972719,4
972720,4
972721,4
972722,1
972723,5
972724,4
972725,5
972726,4
972727,4
972728,5
972729,5
972730,1
972731,4
972732,1
972733,4
972734,4
972735,5
972736,4
972737,4
972738,5
972739,4
972740,1
972741,4
972742,4
972743,4
972744,4
972745,4
972746,4
972747,4
972748,4
972749,4
972750,4
972751,1
972752,4
972753,4
972754,4
972755,1
972756,4
972757,4
972758,4
972759,4
972760,4
972761,4
972762,4
972763,1
972764,4
972765,4
972766,4
972767,4
972768,4
972769,4
972770,4
972771,4
972772,4
972773,4
972774,4
972775,4
972776,4
972777,4
972778,4
972779,4
972780,4
972781,4
972782,5
972783,4
972784,4
972785,5
972786,4
972787,5
972788,4
972789,4
972790,4
972791,4
972792,4
972793,4
972794,4
972795,5
972796,4
972797,4
972798,1
972799,4
972800,4
972801,5
972802,4
972803,5
972804,4
972805,4
972806,5
972807,4
972808,4
972809,4
972810,4
972811,4
972812,4
972813,4
972814,1
972815,4
972816,4
972817,4
972818,4
972819,1
972820,4
972821,4
972822,4
972823,4
972824,4
972825,4
972826,4
972827,4
972828,4
972829,4
972830,4
972831,4
972832,4
972833,4
972834,4
972835,1
972836,4
972837,4
972838,4
972839,4
972840,4
972841,4
972842,4
972843,1
972844,4
972845,4
972846,4
972847,4
972848,4
972849,4
972850,4
972851,4
972852,4
972853,4
972854,4
972855,4
972856,4
972857,4
972858,1
972859,4
972860,4
972861,4
972862,4
972863,4
972864,4
972865,4
972866,1
972867,4
972868,4
972869,4
972870,4
972871,4
972872,4
972873,4
972874,4
972875,1
972876,1
972877,4
972878,4
972879,4
972880,4
972881,4
972882,4
972883,4
972884,4
972885,4
972886,4
972887,4
972888,4
972889,4
972890,4
972891,4
972892,5
972893,5
972894,4
972895,4
972896,4
972897,4
972898,4
972899,4
972900,4
972901,5
972902,4
972903,1
972904,4
972905,5
972906,1
972907,4
972908,4
972909,1
972910,4
972911,4
972912,4
972913,4
972914,4
972915,5
972916,4
972917,4
972918,1
972919,4
972920,4
972921,4
972922,4
972923,5
972924,4
972925,5
972926,4
972927,4
972928,4
972929,4
972930,4
972931,4
972932,4
972933,4
972934,5
972935,4
972936,4
972937,4
972938,4
972939,5
972940,4
972941,4
972942,4
972943,4
972944,1
972945,4
972946,4
972947,4
972948,1
972949,4
972950,4
972951,1
972952,4
972953,4
972954,4
972955,4
972956,4
972957,4
972958,5
972959,4
972960,4
972961,4
972962,4
972963,4
972964,5
972965,4
972966,4
972967,5
972968,4
972969,4
972970,4
972971,4
972972,1
972973,4
972974,1
972975,4
972976,4
972977,4
972978,5
972979,4
972980,1
972981,4
972982,5
972983,4
972984,4
972985,4
972986,5
972987,4
972988,4
972989,4
972990,4
972991,4
972992,4
972993,4
972994,1
972995,4
972996,4
972997,4
972998,4
972999,4
973000,4
973001,4
973002,4
973003,1
973004,4
973005,4
973006,4
973007,4
973008,4
973009,5
973010,4
973011,5
973012,4
973013,4
973014,4
973015,4
973016,4
973017,1
973018,1
973019,4
973020,4
973021,4
973022,4
973023,1
973024,4
973025,4
973026,4
973027,4
973028,4
973029,5
973030,1
973031,4
973032,4
973033,4
973034,4
973035,4
973036,4
973037,1
973038,1
973039,4
973040,4
973041,4
973042,4
973043,4
973044,4
973045,1
973046,4
973047,4
973048,4
973049,4
973050,4
973051,1
973052,4
973053,4
973054,4
973055,1
973056,4
973057,1
973058,4
973059,4
973060,1
973061,4
973062,4
973063,1
973064,4
973065,4
973066,4
973067,4
973068,4
973069,1
973070,4
973071,4
973072,4
973073,4
973074,4
973075,1
973076,4
973077,4
973078,4
973079,3
973080,4
973081,5
973082,4
973083,4
973084,4
973085,4
973086,1
973087,4
973088,4
973089,5
973090,4
973091,5
973092,4
973093,4
973094,5
973095,4
973096,4
973097,4
973098,4
973099,1
973100,4
973101,4
973102,4
973103,4
973104,4
973105,4
973106,1
973107,1
973108,4
973109,4
973110,4
973111,5
973112,4
973113,4
973114,5
973115,5
973116,4
973117,5
973118,4
973119,1
973120,5
973121,4
973122,5
973123,5
973124,1
973125,4
973126,1
973127,5
973128,4
973129,5
973130,5
973131,5
973132,5
973133,4
973134,4
973135,1
973136,4
973137,1
973138,1
973139,4
973140,4
973141,1
973142,4
973143,4
973144,4
973145,4
973146,4
973147,4
973148,4
973149,1
973150,1
973151,4
973152,4
973153,4
973154,4
973155,4
973156,4
973157,4
973158,4
973159,4
973160,4
973161,1
973162,4
973163,4
973164,4
973165,4
973166,4
973167,4
973168,4
973169,4
973170,4
973171,4
973172,4
973173,4
973174,4
973175,1
973176,4
973177,4
973178,4
973179,4
973180,4
973181,4
973182,4
973183,4
973184,4
973185,4
973186,4
973187,4
973188,1
973189,4
973190,4
973191,4
973192,4
973193,4
973194,4
973195,4
973196,4
973197,1
973198,5
973199,5
973200,4
973201,4
973202,4
973203,5
973204,4
973205,5
973206,5
973207,4
973208,4
973209,4
973210,4
973211,4
973212,5
973213,4
973214,4
973215,5
973216,4
973217,4
973218,4
973219,5
973220,4
973221,1
973222,5
973223,5
973224,5
973225,4
973226,5
973227,4
973228,4
973229,5
973230,4
973231,4
973232,4
973233,4
973234,4
973235,4
973236,4
973237,4
973238,4
973239,4
973240,4
973241,4
973242,4
973243,4
973244,4
973245,4
973246,4
973247,4
973248,1
973249,4
973250,4
973251,4
973252,1
973253,4
973254,4
973255,1
973256,4
973257,4
973258,4
973259,4
973260,4
973261,4
973262,4
973263,4
973264,4
973265,4
973266,4
973267,4
973268,4
973269,4
973270,1
973271,4
973272,4
973273,4
973274,4
973275,3
973276,4
973277,4
973278,4
973279,4
973280,4
973281,1
973282,5
973283,4
973284,4
973285,4
973286,4
973287,1
973288,4
973289,4
973290,4
973291,4
973292,4
973293,1
973294,4
973295,4
973296,4
973297,1
973298,1
973299,4
973300,3
973301,4
973302,4
973303,4
973304,4
973305,4
973306,4
973307,4
973308,4
973309,4
973310,4
973311,4
973312,1
973313,4
973314,4
973315,4
973316,4
973317,4
973318,4
973319,4
973320,4
973321,4
973322,4
973323,4
973324,4
973325,4
973326,4
973327,4
973328,4
973329,4
973330,1
973331,4
973332,4
973333,4
973334,1
973335,4
973336,4
973337,4
973338,4
973339,4
973340,4
973341,4
973342,4
973343,1
973344,4
973345,4
973346,1
973347,4
973348,4
973349,4
973350,4
973351,4
973352,4
973353,4
973354,4
973355,4
973356,4
973357,1
973358,4
973359,4
973360,5
973361,5
973362,4
973363,4
973364,4
973365,4
973366,1
973367,4
973368,4
973369,4
973370,4
973371,4
973372,1
973373,4
973374,4
973375,4
973376,4
973377,4
973378,5
973379,4
973380,4
973381,4
973382,5
973383,4
973384,5
973385,4
973386,5
973387,4
973388,4
973389,5
973390,4
973391,4
973392,4
973393,1
973394,4
973395,4
973396,4
973397,4
973398,4
973399,4
973400,4
973401,4
973402,4
973403,1
973404,4
973405,4
973406,4
973407,4
973408,1
973409,4
973410,4
973411,4
973412,4
973413,4
973414,4
973415,4
973416,4
973417,4
973418,5
973419,4
973420,4
973421,4
973422,5
973423,5
973424,3
973425,4
973426,1
973427,1
973428,4
973429,3
973430,4
973431,5
973432,4
973433,5
973434,4
973435,1
973436,5
973437,4
973438,5
973439,4
973440,4
973441,4
973442,4
973443,4
973444,4
973445,4
973446,4
973447,4
973448,4
973449,4
973450,1
973451,4
973452,4
973453,1
973454,4
973455,4
973456,4
973457,4
973458,4
973459,4
973460,4
973461,4
973462,1
973463,4
973464,4
973465,1
973466,4
973467,4
973468,4
973469,4
973470,4
973471,4
973472,4
973473,4
973474,4
973475,4
973476,4
973477,4
973478,5
973479,4
973480,1
973481,4
973482,1
973483,4
973484,4
973485,4
973486,1
973487,4
973488,1
973489,4
973490,4
973491,4
973492,4
973493,4
973494,4
973495,4
973496,4
973497,4
973498,4
973499,4
973500,4
973501,4
973502,4
973503,4
973504,4
973505,4
973506,4
973507,4
973508,4
973509,1
973510,4
973511,4
973512,4
973513,4
973514,4
973515,4
973516,4
973517,4
973518,4
973519,4
973520,4
973521,4
973522,1
973523,4
973524,4
973525,4
973526,4
973527,4
973528,4
973529,4
973530,4
973531,4
973532,4
973533,1
973534,4
973535,1
973536,4
973537,4
973538,4
973539,4
973540,4
973541,4
973542,4
973543,4
973544,4
973545,4
973546,4
973547,4
973548,4
973549,4
973550,3
973551,4
973552,4
973553,4
973554,4
973555,4
973556,4
973557,4
973558,4
973559,4
973560,4
973561,4
973562,4
973563,1
973564,4
973565,4
973566,4
973567,4
973568,4
973569,4
973570,4
973571,4
973572,4
973573,4
973574,4
973575,4
973576,4
973577,4
973578,4
973579,4
973580,4
973581,1
973582,4
973583,4
973584,4
973585,4
973586,4
973587,4
973588,4
973589,1
973590,4
973591,4
973592,4
973593,4
973594,4
973595,4
973596,4
973597,4
973598,4
973599,4
973600,4
973601,4
973602,3
973603,4
973604,4
973605,4
973606,4
973607,1
973608,4
973609,4
973610,4
973611,4
973612,4
973613,1
973614,4
973615,1
973616,4
973617,4
973618,1
973619,1
973620,4
973621,4
973622,4
973623,4
973624,4
973625,4
973626,4
973627,4
973628,4
973629,4
973630,4
973631,4
973632,4
973633,4
973634,4
973635,4
973636,4
973637,4
973638,4
973639,3
973640,4
973641,4
973642,4
973643,4
973644,4
973645,4
973646,4
973647,4
973648,4
973649,4
973650,5
973651,5
973652,4
973653,4
973654,4
973655,4
973656,4
973657,4
973658,4
973659,4
973660,5
973661,5
973662,4
973663,1
973664,4
973665,1
973666,4
973667,4
973668,4
973669,5
973670,4
973671,4
973672,4
973673,4
973674,4
973675,5
973676,4
973677,4
973678,4
973679,4
973680,4
973681,4
973682,4
973683,4
973684,4
973685,4
973686,4
973687,4
973688,4
973689,1
973690,1
973691,4
973692,5
973693,4
973694,4
973695,4
973696,4
973697,4
973698,4
973699,5
973700,5
973701,4
973702,4
973703,4
973704,4
973705,4
973706,4
973707,4
973708,4
973709,5
973710,4
973711,4
973712,5
973713,4
973714,4
973715,4
973716,4
973717,4
973718,4
973719,4
973720,4
973721,4
973722,4
973723,1
973724,5
973725,4
973726,4
973727,4
973728,4
973729,4
973730,4
973731,5
973732,4
973733,4
973734,4
973735,4
973736,4
973737,1
973738,4
973739,4
973740,4
973741,4
973742,4
973743,4
973744,4
973745,5
973746,5
973747,4
973748,5
973749,4
973750,4
973751,4
973752,4
973753,4
973754,4
973755,4
973756,1
973757,4
973758,5
973759,4
973760,4
973761,4
973762,4
973763,4
973764,4
973765,1
973766,1
973767,4
973768,4
973769,3
973770,4
973771,5
973772,4
973773,4
973774,4
973775,5
973776,4
973777,4
973778,1
973779,4
973780,4
973781,5
973782,4
973783,1
973784,4
973785,4
973786,4
973787,4
973788,4
973789,4
973790,4
973791,4
973792,4
973793,4
973794,4
973795,4
973796,4
973797,4
973798,1
973799,4
973800,4
973801,4
973802,4
973803,4
973804,1
973805,4
973806,4
973807,4
973808,4
973809,4
973810,4
973811,4
973812,4
973813,4
973814,4
973815,4
973816,4
973817,4
973818,4
973819,4
973820,4
973821,4
973822,4
973823,4
973824,4
973825,4
973826,1
973827,4
973828,4
973829,4
973830,4
973831,4
973832,4
973833,4
973834,4
973835,4
973836,4
973837,4
973838,1
973839,4
973840,4
973841,4
973842,4
973843,4
973844,4
973845,4
973846,4
973847,4
973848,1
973849,4
973850,4
973851,5
973852,4
973853,3
973854,4
973855,4
973856,4
973857,4
973858,4
973859,4
973860,4
973861,4
973862,4
973863,1
973864,4
973865,4
973866,4
973867,4
973868,4
973869,4
973870,4
973871,4
973872,4
973873,4
973874,4
973875,4
973876,4
973877,1
973878,4
973879,5
973880,1
973881,4
973882,4
973883,4
973884,4
973885,4
973886,1
973887,1
973888,5
973889,5
973890,4
973891,4
973892,4
973893,4
973894,4
973895,4
973896,5
973897,4
973898,1
973899,1
973900,4
973901,4
973902,4
973903,4
973904,4
973905,1
973906,4
973907,4
973908,4
973909,4
973910,4
973911,1
973912,1
973913,4
973914,4
973915,4
973916,4
973917,4
973918,4
973919,4
973920,4
973921,4
973922,4
973923,1
973924,4
973925,4
973926,4
973927,3
973928,4
973929,4
973930,3
973931,1
973932,4
973933,3
973934,3
973935,4
973936,4
973937,3
973938,5
973939,4
973940,4
973941,4
973942,3
973943,4
973944,4
973945,4
973946,4
973947,4
973948,4
973949,1
973950,4
973951,4
973952,4
973953,4
973954,4
973955,4
973956,4
973957,4
973958,4
973959,4
973960,4
973961,4
973962,4
973963,4
973964,4
973965,4
973966,4
973967,4
973968,4
973969,4
973970,4
973971,4
973972,4
973973,4
973974,4
973975,4
973976,4
973977,4
973978,1
973979,4
973980,4
973981,4
973982,4
973983,4
973984,4
973985,4
973986,4
973987,4
973988,1
973989,4
973990,4
973991,4
973992,4
973993,1
973994,4
973995,4
973996,4
973997,4
973998,4
973999,4
974000,4
974001,4
974002,1
974003,4
974004,4
974005,1
974006,4
974007,1
974008,4
974009,4
974010,1
974011,4
974012,4
974013,4
974014,4
974015,4
974016,1
974017,1
974018,4
974019,4
974020,4
974021,4
974022,4
974023,4
974024,4
974025,4
974026,4
974027,4
974028,4
974029,4
974030,4
974031,5
974032,4
974033,1
974034,4
974035,4
974036,4
974037,4
974038,1
974039,4
974040,4
974041,4
974042,4
974043,4
974044,4
974045,4
974046,4
974047,4
974048,4
974049,4
974050,4
974051,4
974052,4
974053,4
974054,4
974055,4
974056,4
974057,4
974058,4
974059,4
974060,4
974061,4
974062,4
974063,4
974064,4
974065,4
974066,4
974067,4
974068,4
974069,4
974070,4
974071,4
974072,4
974073,4
974074,4
974075,4
974076,4
974077,4
974078,4
974079,4
974080,4
974081,4
974082,4
974083,1
974084,1
974085,4
974086,1
974087,4
974088,4
974089,4
974090,1
974091,4
974092,4
974093,1
974094,4
974095,4
974096,4
974097,1
974098,4
974099,4
974100,4
974101,4
974102,4
974103,4
974104,4
974105,5
974106,4
974107,4
974108,4
974109,4
974110,4
974111,4
974112,4
974113,4
974114,4
974115,4
974116,4
974117,4
974118,4
974119,4
974120,4
974121,4
974122,1
974123,4
974124,1
974125,4
974126,4
974127,1
974128,1
974129,4
974130,4
974131,4
974132,4
974133,4
974134,4
974135,4
974136,4
974137,4
974138,1
974139,4
974140,5
974141,4
974142,4
974143,4
974144,4
974145,4
974146,1
974147,1
974148,4
974149,4
974150,5
974151,4
974152,4
974153,4
974154,4
974155,4
974156,4
974157,4
974158,4
974159,4
974160,1
974161,1
974162,4
974163,4
974164,4
974165,1
974166,4
974167,4
974168,4
974169,4
974170,4
974171,4
974172,4
974173,4
974174,4
974175,4
974176,4
974177,4
974178,4
974179,4
974180,4
974181,1
974182,5
974183,4
974184,4
974185,1
974186,4
974187,3
974188,4
974189,4
974190,5
974191,1
974192,4
974193,4
974194,4
974195,5
974196,4
974197,4
974198,4
974199,4
974200,4
974201,4
974202,4
974203,4
974204,4
974205,4
974206,5
974207,4
974208,4
974209,4
974210,4
974211,4
974212,1
974213,4
974214,4
974215,4
974216,4
974217,4
974218,4
974219,4
974220,4
974221,4
974222,4
974223,4
974224,4
974225,4
974226,4
974227,4
974228,1
974229,4
974230,4
974231,4
974232,4
974233,4
974234,4
974235,4
974236,4
974237,4
974238,4
974239,1
974240,4
974241,4
974242,1
974243,4
974244,4
974245,4
974246,4
974247,4
974248,4
974249,4
974250,4
974251,4
974252,4
974253,4
974254,4
974255,4
974256,4
974257,4
974258,4
974259,4
974260,1
974261,4
974262,4
974263,4
974264,4
974265,4
974266,4
974267,4
974268,4
974269,4
974270,4
974271,4
974272,4
974273,4
974274,4
974275,4
974276,4
974277,4
974278,4
974279,1
974280,5
974281,4
974282,4
974283,4
974284,4
974285,4
974286,4
974287,4
974288,4
974289,4
974290,4
974291,4
974292,4
974293,4
974294,4
974295,4
974296,5
974297,1
974298,4
974299,4
974300,4
974301,4
974302,4
974303,4
974304,5
974305,4
974306,4
974307,4
974308,4
974309,4
974310,4
974311,4
974312,4
974313,4
974314,4
974315,4
974316,4
974317,4
974318,4
974319,4
974320,4
974321,4
974322,4
974323,4
974324,5
974325,5
974326,4
974327,4
974328,4
974329,4
974330,4
974331,4
974332,4
974333,4
974334,4
974335,4
974336,4
974337,4
974338,5
974339,4
974340,4
974341,4
974342,4
974343,4
974344,4
974345,4
974346,4
974347,4
974348,4
974349,4
974350,4
974351,4
974352,4
974353,4
974354,4
974355,4
974356,4
974357,5
974358,4
974359,4
974360,1
974361,5
974362,4
974363,4
974364,4
974365,5
974366,4
974367,4
974368,4
974369,4
974370,4
974371,4
974372,4
974373,4
974374,4
974375,4
974376,4
974377,4
974378,5
974379,5
974380,5
974381,4
974382,4
974383,5
974384,4
974385,5
974386,5
974387,4
974388,5
974389,5
974390,5
974391,1
974392,4
974393,4
974394,5
974395,4
974396,5
974397,5
974398,5
974399,5
974400,5
974401,5
974402,5
974403,1
974404,5
974405,4
974406,1
974407,4
974408,4
974409,5
974410,4
974411,4
974412,1
974413,4
974414,4
974415,4
974416,4
974417,1
974418,4
974419,4
974420,4
974421,4
974422,4
974423,4
974424,4
974425,4
974426,4
974427,4
974428,5
974429,4
974430,5
974431,4
974432,5
974433,4
974434,4
974435,5
974436,5
974437,5
974438,4
974439,1
974440,4
974441,5
974442,1
974443,5
974444,1
974445,5
974446,4
974447,5
974448,4
974449,1
974450,5
974451,5
974452,4
974453,4
974454,4
974455,4
974456,4
974457,4
974458,4
974459,5
974460,4
974461,4
974462,4
974463,4
974464,4
974465,4
974466,5
974467,4
974468,4
974469,4
974470,4
974471,4
974472,4
974473,4
974474,1
974475,4
974476,1
974477,4
974478,4
974479,4
974480,4
974481,4
974482,4
974483,5
974484,4
974485,4
974486,5
974487,4
974488,4
974489,4
974490,4
974491,4
974492,4
974493,4
974494,4
974495,4
974496,4
974497,4
974498,4
974499,4
974500,4
974501,4
974502,4
974503,4
974504,1
974505,4
974506,4
974507,1
974508,4
974509,4
974510,4
974511,4
974512,4
974513,4
974514,4
974515,4
974516,4
974517,1
974518,4
974519,5
974520,4
974521,4
974522,4
974523,4
974524,4
974525,4
974526,4
974527,4
974528,4
974529,4
974530,4
974531,4
974532,4
974533,4
974534,4
974535,4
974536,4
974537,4
974538,4
974539,4
974540,4
974541,4
974542,4
974543,4
974544,4
974545,4
974546,4
974547,4
974548,4
974549,4
974550,4
974551,4
974552,4
974553,4
974554,4
974555,4
974556,4
974557,4
974558,4
974559,4
974560,4
974561,4
974562,4
974563,4
974564,4
974565,4
974566,4
974567,4
974568,4
974569,4
974570,4
974571,4
974572,4
974573,4
974574,4
974575,4
974576,4
974577,1
974578,4
974579,5
974580,4
974581,4
974582,1
974583,4
974584,4
974585,4
974586,4
974587,4
974588,4
974589,4
974590,4
974591,4
974592,4
974593,4
974594,4
974595,4
974596,4
974597,4
974598,4
974599,4
974600,1
974601,4
974602,4
974603,4
974604,4
974605,4
974606,4
974607,4
974608,1
974609,4
974610,4
974611,4
974612,4
974613,4
974614,4
974615,4
974616,4
974617,5
974618,4
974619,5
974620,5
974621,4
974622,4
974623,4
974624,4
974625,4
974626,4
974627,4
974628,4
974629,5
974630,5
974631,4
974632,4
974633,5
974634,4
974635,4
974636,4
974637,4
974638,1
974639,5
974640,4
974641,1
974642,1
974643,4
974644,5
974645,4
974646,5
974647,5
974648,4
974649,4
974650,4
974651,4
974652,4
974653,1
974654,4
974655,4
974656,4
974657,5
974658,4
974659,4
974660,5
974661,1
974662,5
974663,5
974664,5
974665,4
974666,4
974667,4
974668,4
974669,4
974670,1
974671,5
974672,4
974673,5
974674,4
974675,5
974676,4
974677,4
974678,4
974679,5
974680,4
974681,4
974682,4
974683,4
974684,4
974685,5
974686,4
974687,5
974688,4
974689,4
974690,4
974691,4
974692,1
974693,4
974694,4
974695,4
974696,4
974697,4
974698,4
974699,4
974700,4
974701,4
974702,4
974703,4
974704,4
974705,4
974706,4
974707,4
974708,4
974709,4
974710,5
974711,4
974712,4
974713,1
974714,1
974715,5
974716,4
974717,5
974718,4
974719,1
974720,4
974721,4
974722,4
974723,5
974724,4
974725,4
974726,1
974727,4
974728,4
974729,4
974730,4
974731,4
974732,4
974733,4
974734,4
974735,4
974736,4
974737,5
974738,4
974739,4
974740,1
974741,4
974742,4
974743,4
974744,4
974745,4
974746,4
974747,4
974748,1
974749,4
974750,4
974751,4
974752,1
974753,4
974754,4
974755,4
974756,1
974757,4
974758,1
974759,4
974760,4
974761,4
974762,4
974763,4
974764,4
974765,4
974766,4
974767,4
974768,4
974769,4
974770,4
974771,1
974772,4
974773,4
974774,4
974775,4
974776,4
974777,4
974778,4
974779,4
974780,4
974781,4
974782,4
974783,5
974784,4
974785,4
974786,4
974787,4
974788,4
974789,4
974790,4
974791,4
974792,5
974793,4
974794,5
974795,4
974796,1
974797,4
974798,5
974799,4
974800,4
974801,4
974802,5
974803,5
974804,4
974805,5
974806,4
974807,4
974808,4
974809,4
974810,1
974811,5
974812,4
974813,4
974814,4
974815,5
974816,5
974817,4
974818,5
974819,4
974820,4
974821,4
974822,4
974823,4
974824,4
974825,4
974826,4
974827,1
974828,1
974829,4
974830,4
974831,4
974832,4
974833,4
974834,4
974835,1
974836,4
974837,4
974838,4
974839,4
974840,1
974841,4
974842,4
974843,4
974844,4
974845,4
974846,4
974847,4
974848,4
974849,4
974850,4
974851,4
974852,4
974853,4
974854,4
974855,4
974856,4
974857,4
974858,4
974859,4
974860,4
974861,1
974862,1
974863,4
974864,4
974865,4
974866,4
974867,4
974868,4
974869,4
974870,4
974871,3
974872,4
974873,4
974874,4
974875,4
974876,4
974877,4
974878,3
974879,4
974880,4
974881,4
974882,4
974883,4
974884,4
974885,4
974886,4
974887,1
974888,4
974889,4
974890,4
974891,4
974892,4
974893,4
974894,1
974895,4
974896,1
974897,4
974898,4
974899,4
974900,4
974901,4
974902,4
974903,4
974904,4
974905,4
974906,4
974907,4
974908,4
974909,4
974910,4
974911,4
974912,4
974913,1
974914,4
974915,4
974916,4
974917,4
974918,4
974919,4
974920,4
974921,4
974922,4
974923,1
974924,4
974925,4
974926,4
974927,4
974928,4
974929,4
974930,4
974931,4
974932,4
974933,4
974934,4
974935,4
974936,4
974937,4
974938,4
974939,4
974940,4
974941,4
974942,4
974943,4
974944,4
974945,4
974946,4
974947,4
974948,1
974949,4
974950,4
974951,4
974952,4
974953,4
974954,4
974955,4
974956,1
974957,4
974958,4
974959,4
974960,4
974961,1
974962,4
974963,4
974964,4
974965,4
974966,4
974967,4
974968,4
974969,4
974970,4
974971,4
974972,5
974973,4
974974,4
974975,4
974976,5
974977,4
974978,4
974979,4
974980,3
974981,4
974982,4
974983,4
974984,4
974985,4
974986,4
974987,4
974988,4
974989,4
974990,4
974991,4
974992,4
974993,4
974994,4
974995,1
974996,4
974997,4
974998,4
974999,4
975000,4
975001,4
975002,4
975003,4
975004,4
975005,3
975006,1
975007,4
975008,4
975009,4
975010,4
975011,3
975012,4
975013,4
975014,4
975015,4
975016,4
975017,4
975018,4
975019,4
975020,4
975021,4
975022,4
975023,4
975024,4
975025,4
975026,4
975027,4
975028,4
975029,4
975030,4
975031,4
975032,4
975033,4
975034,1
975035,4
975036,4
975037,4
975038,4
975039,4
975040,4
975041,1
975042,4
975043,4
975044,4
975045,4
975046,4
975047,4
975048,4
975049,4
975050,4
975051,4
975052,4
975053,4
975054,4
975055,4
975056,1
975057,4
975058,4
975059,4
975060,1
975061,4
975062,4
975063,4
975064,1
975065,4
975066,1
975067,4
975068,5
975069,4
975070,4
975071,5
975072,4
975073,4
975074,4
975075,4
975076,4
975077,4
975078,4
975079,4
975080,4
975081,5
975082,5
975083,4
975084,4
975085,4
975086,4
975087,4
975088,5
975089,5
975090,4
975091,4
975092,5
975093,4
975094,4
975095,4
975096,4
975097,4
975098,1
975099,4
975100,4
975101,4
975102,4
975103,4
975104,4
975105,4
975106,4
975107,4
975108,4
975109,4
975110,4
975111,4
975112,1
975113,5
975114,4
975115,5
975116,4
975117,4
975118,4
975119,5
975120,4
975121,4
975122,4
975123,4
975124,4
975125,4
975126,5
975127,1
975128,4
975129,4
975130,4
975131,1
975132,4
975133,4
975134,4
975135,4
975136,4
975137,4
975138,4
975139,1
975140,4
975141,4
975142,4
975143,5
975144,4
975145,4
975146,4
975147,4
975148,5
975149,4
975150,5
975151,4
975152,5
975153,4
975154,4
975155,5
975156,5
975157,1
975158,4
975159,4
975160,5
975161,5
975162,4
975163,5
975164,5
975165,4
975166,4
975167,4
975168,5
975169,4
975170,5
975171,1
975172,4
975173,4
975174,4
975175,4
975176,4
975177,1
975178,4
975179,5
975180,4
975181,4
975182,4
975183,4
975184,5
975185,1
975186,4
975187,5
975188,5
975189,4
975190,5
975191,4
975192,4
975193,5
975194,5
975195,5
975196,5
975197,4
975198,4
975199,4
975200,4
975201,4
975202,4
975203,4
975204,4
975205,4
975206,4
975207,1
975208,4
975209,4
975210,4
975211,4
975212,4
975213,1
975214,4
975215,4
975216,4
975217,4
975218,4
975219,4
975220,1
975221,4
975222,4
975223,1
975224,4
975225,4
975226,4
975227,4
975228,4
975229,4
975230,4
975231,4
975232,4
975233,4
975234,4
975235,4
975236,4
975237,4
975238,4
975239,4
975240,1
975241,4
975242,4
975243,1
975244,4
975245,1
975246,4
975247,4
975248,4
975249,4
975250,4
975251,4
975252,4
975253,5
975254,4
975255,4
975256,4
975257,4
975258,1
975259,4
975260,4
975261,4
975262,1
975263,1
975264,4
975265,1
975266,4
975267,4
975268,4
975269,4
975270,4
975271,4
975272,4
975273,4
975274,4
975275,4
975276,4
975277,4
975278,4
975279,4
975280,4
975281,4
975282,4
975283,4
975284,4
975285,1
975286,5
975287,4
975288,4
975289,4
975290,4
975291,4
975292,4
975293,4
975294,4
975295,4
975296,5
975297,4
975298,5
975299,1
975300,4
975301,5
975302,1
975303,4
975304,5
975305,4
975306,4
975307,4
975308,4
975309,1
975310,4
975311,4
975312,4
975313,4
975314,4
975315,4
975316,4
975317,4
975318,1
975319,4
975320,4
975321,4
975322,1
975323,1
975324,4
975325,4
975326,4
975327,4
975328,4
975329,4
975330,5
975331,4
975332,4
975333,4
975334,4
975335,5
975336,4
975337,1
975338,4
975339,4
975340,4
975341,4
975342,4
975343,4
975344,4
975345,1
975346,1
975347,4
975348,4
975349,4
975350,4
975351,4
975352,1
975353,1
975354,4
975355,4
975356,4
975357,4
975358,4
975359,4
975360,4
975361,1
975362,4
975363,1
975364,4
975365,4
975366,1
975367,4
975368,4
975369,5
975370,1
975371,4
975372,4
975373,4
975374,4
975375,4
975376,4
975377,4
975378,4
975379,4
975380,4
975381,4
975382,1
975383,4
975384,4
975385,4
975386,4
975387,4
975388,4
975389,4
975390,4
975391,4
975392,4
975393,4
975394,4
975395,4
975396,4
975397,4
975398,4
975399,4
975400,4
975401,4
975402,4
975403,4
975404,4
975405,4
975406,4
975407,5
975408,4
975409,4
975410,4
975411,4
975412,1
975413,4
975414,4
975415,5
975416,5
975417,4
975418,4
975419,4
975420,4
975421,4
975422,4
975423,4
975424,4
975425,4
975426,4
975427,4
975428,4
975429,4
975430,4
975431,4
975432,4
975433,4
975434,4
975435,4
975436,4
975437,4
975438,4
975439,4
975440,4
975441,4
975442,1
975443,4
975444,4
975445,4
975446,4
975447,4
975448,4
975449,4
975450,4
975451,4
975452,4
975453,4
975454,4
975455,4
975456,4
975457,4
975458,1
975459,4
975460,4
975461,4
975462,5
975463,4
975464,4
975465,4
975466,4
975467,1
975468,4
975469,4
975470,4
975471,4
975472,1
975473,4
975474,4
975475,4
975476,4
975477,1
975478,4
975479,4
975480,1
975481,5
975482,4
975483,4
975484,4
975485,5
975486,5
975487,4
975488,4
975489,4
975490,4
975491,4
975492,4
975493,4
975494,4
975495,4
975496,4
975497,4
975498,4
975499,4
975500,4
975501,4
975502,5
975503,4
975504,4
975505,4
975506,4
975507,4
975508,4
975509,4
975510,4
975511,4
975512,4
975513,4
975514,1
975515,4
975516,5
975517,4
975518,5
975519,4
975520,4
975521,4
975522,4
975523,1
975524,4
975525,4
975526,4
975527,4
975528,4
975529,4
975530,4
975531,4
975532,4
975533,4
975534,4
975535,4
975536,4
975537,4
975538,4
975539,4
975540,4
975541,4
975542,4
975543,4
975544,4
975545,4
975546,1
975547,4
975548,4
975549,4
975550,4
975551,5
975552,4
975553,4
975554,4
975555,4
975556,1
975557,5
975558,1
975559,4
975560,1
975561,4
975562,4
975563,4
975564,4
975565,1
975566,4
975567,4
975568,4
975569,5
975570,1
975571,4
975572,4
975573,4
975574,4
975575,4
975576,4
975577,1
975578,4
975579,4
975580,5
975581,4
975582,4
975583,3
975584,3
975585,3
975586,3
975587,4
975588,3
975589,4
975590,3
975591,4
975592,4
975593,3
975594,4
975595,3
975596,3
975597,4
975598,1
975599,3
975600,3
975601,1
975602,4
975603,4
975604,4
975605,1
975606,3
975607,4
975608,4
975609,4
975610,4
975611,3
975612,4
975613,1
975614,4
975615,3
975616,3
975617,4
975618,4
975619,1
975620,4
975621,4
975622,4
975623,4
975624,5
975625,1
975626,4
975627,5
975628,5
975629,4
975630,4
975631,5
975632,4
975633,5
975634,4
975635,1
975636,4
975637,4
975638,4
975639,5
975640,4
975641,4
975642,4
975643,4
975644,4
975645,4
975646,4
975647,5
975648,4
975649,4
975650,4
975651,4
975652,4
975653,5
975654,4
975655,4
975656,4
975657,4
975658,5
975659,4
975660,4
975661,4
975662,4
975663,5
975664,5
975665,5
975666,4
975667,5
975668,4
975669,1
975670,4
975671,4
975672,4
975673,1
975674,4
975675,4
975676,5
975677,4
975678,5
975679,4
975680,1
975681,1
975682,4
975683,5
975684,4
975685,4
975686,5
975687,4
975688,4
975689,4
975690,4
975691,5
975692,4
975693,4
975694,5
975695,5
975696,4
975697,5
975698,4
975699,5
975700,5
975701,4
975702,4
975703,4
975704,4
975705,4
975706,4
975707,4
975708,4
975709,4
975710,4
975711,5
975712,5
975713,5
975714,1
975715,4
975716,5
975717,4
975718,4
975719,4
975720,4
975721,4
975722,4
975723,4
975724,4
975725,4
975726,4
975727,4
975728,4
975729,1
975730,5
975731,4
975732,5
975733,4
975734,4
975735,4
975736,4
975737,1
975738,4
975739,4
975740,4
975741,4
975742,4
975743,5
975744,1
975745,4
975746,4
975747,4
975748,5
975749,4
975750,4
975751,4
975752,4
975753,4
975754,4
975755,4
975756,4
975757,4
975758,4
975759,1
975760,4
975761,1
975762,4
975763,4
975764,4
975765,4
975766,4
975767,4
975768,4
975769,4
975770,4
975771,1
975772,4
975773,4
975774,5
975775,4
975776,1
975777,4
975778,4
975779,4
975780,4
975781,4
975782,4
975783,4
975784,4
975785,4
975786,4
975787,1
975788,4
975789,5
975790,5
975791,4
975792,4
975793,4
975794,4
975795,4
975796,4
975797,4
975798,4
975799,5
975800,4
975801,5
975802,4
975803,4
975804,4
975805,4
975806,4
975807,4
975808,4
975809,5
975810,4
975811,4
975812,5
975813,1
975814,4
975815,4
975816,4
975817,4
975818,1
975819,1
975820,4
975821,1
975822,1
975823,4
975824,4
975825,4
975826,4
975827,4
975828,4
975829,1
975830,4
975831,4
975832,3
975833,4
975834,4
975835,4
975836,4
975837,4
975838,4
975839,5
975840,5
975841,4
975842,5
975843,4
975844,1
975845,4
975846,4
975847,4
975848,4
975849,4
975850,4
975851,4
975852,4
975853,1
975854,4
975855,1
975856,1
975857,1
975858,4
975859,5
975860,4
975861,4
975862,4
975863,4
975864,1
975865,4
975866,4
975867,4
975868,4
975869,5
975870,4
975871,4
975872,4
975873,4
975874,4
975875,4
975876,4
975877,4
975878,5
975879,4
975880,4
975881,4
975882,4
975883,4
975884,4
975885,4
975886,4
975887,4
975888,4
975889,4
975890,4
975891,4
975892,4
975893,4
975894,4
975895,1
975896,4
975897,4
975898,4
975899,4
975900,5
975901,1
975902,1
975903,4
975904,4
975905,4
975906,4
975907,4
975908,4
975909,4
975910,4
975911,1
975912,4
975913,1
975914,1
975915,5
975916,4
975917,4
975918,4
975919,4
975920,4
975921,4
975922,4
975923,1
975924,5
975925,4
975926,4
975927,4
975928,4
975929,4
975930,4
975931,4
975932,5
975933,4
975934,4
975935,4
975936,4
975937,4
975938,4
975939,4
975940,4
975941,1
975942,5
975943,4
975944,4
975945,4
975946,4
975947,4
975948,4
975949,1
975950,4
975951,4
975952,4
975953,4
975954,1
975955,5
975956,4
975957,4
975958,4
975959,4
975960,4
975961,5
975962,1
975963,4
975964,4
975965,4
975966,1
975967,4
975968,4
975969,5
975970,4
975971,4
975972,5
975973,4
975974,4
975975,4
975976,4
975977,4
975978,4
975979,4
975980,4
975981,4
975982,1
975983,4
975984,1
975985,4
975986,4
975987,4
975988,4
975989,4
975990,4
975991,4
975992,4
975993,4
975994,4
975995,4
975996,5
975997,4
975998,4
975999,4
976000,4
976001,4
976002,4
976003,4
976004,4
976005,4
976006,4
976007,4
976008,4
976009,4
976010,4
976011,5
976012,4
976013,4
976014,4
976015,4
976016,4
976017,4
976018,4
976019,4
976020,4
976021,4
976022,4
976023,4
976024,4
976025,4
976026,4
976027,5
976028,4
976029,4
976030,4
976031,4
976032,1
976033,4
976034,4
976035,1
976036,4
976037,5
976038,4
976039,4
976040,4
976041,4
976042,1
976043,4
976044,4
976045,4
976046,4
976047,4
976048,4
976049,1
976050,4
976051,4
976052,4
976053,4
976054,4
976055,4
976056,4
976057,5
976058,4
976059,5
976060,4
976061,4
976062,4
976063,4
976064,4
976065,4
976066,4
976067,1
976068,4
976069,4
976070,4
976071,4
976072,4
976073,4
976074,4
976075,4
976076,4
976077,1
976078,4
976079,4
976080,1
976081,4
976082,4
976083,5
976084,4
976085,1
976086,4
976087,4
976088,4
976089,4
976090,4
976091,4
976092,4
976093,4
976094,4
976095,4
976096,4
976097,4
976098,4
976099,1
976100,4
976101,4
976102,4
976103,5
976104,4
976105,4
976106,4
976107,1
976108,5
976109,1
976110,4
976111,1
976112,4
976113,4
976114,4
976115,4
976116,1
976117,4
976118,4
976119,4
976120,4
976121,4
976122,4
976123,4
976124,1
976125,4
976126,4
976127,4
976128,1
976129,4
976130,4
976131,4
976132,5
976133,4
976134,4
976135,4
976136,4
976137,5
976138,4
976139,4
976140,4
976141,4
976142,4
976143,4
976144,4
976145,4
976146,4
976147,1
976148,4
976149,4
976150,4
976151,4
976152,4
976153,4
976154,4
976155,4
976156,1
976157,4
976158,4
976159,1
976160,4
976161,4
976162,4
976163,4
976164,4
976165,1
976166,4
976167,4
976168,4
976169,4
976170,3
976171,1
976172,4
976173,3
976174,3
976175,3
976176,3
976177,3
976178,3
976179,3
976180,4
976181,4
976182,1
976183,1
976184,4
976185,4
976186,4
976187,4
976188,4
976189,4
976190,4
976191,4
976192,5
976193,4
976194,5
976195,5
976196,5
976197,5
976198,4
976199,5
976200,5
976201,5
976202,5
976203,5
976204,4
976205,5
976206,5
976207,4
976208,5
976209,5
976210,5
976211,4
976212,5
976213,4
976214,4
976215,4
976216,4
976217,4
976218,4
976219,4
976220,4
976221,4
976222,4
976223,4
976224,4
976225,4
976226,1
976227,4
976228,4
976229,4
976230,4
976231,5
976232,4
976233,4
976234,4
976235,4
976236,4
976237,4
976238,4
976239,4
976240,5
976241,5
976242,4
976243,4
976244,1
976245,4
976246,4
976247,4
976248,4
976249,4
976250,5
976251,4
976252,4
976253,4
976254,5
976255,4
976256,1
976257,4
976258,4
976259,4
976260,4
976261,4
976262,4
976263,5
976264,4
976265,4
976266,4
976267,4
976268,4
976269,1
976270,4
976271,4
976272,4
976273,4
976274,4
976275,4
976276,4
976277,4
976278,4
976279,1
976280,4
976281,4
976282,4
976283,4
976284,4
976285,4
976286,4
976287,4
976288,4
976289,4
976290,4
976291,4
976292,4
976293,5
976294,4
976295,4
976296,4
976297,4
976298,4
976299,1
976300,4
976301,4
976302,4
976303,1
976304,4
976305,4
976306,4
976307,4
976308,4
976309,4
976310,4
976311,4
976312,5
976313,4
976314,4
976315,1
976316,4
976317,4
976318,4
976319,4
976320,4
976321,4
976322,4
976323,1
976324,4
976325,4
976326,4
976327,4
976328,4
976329,4
976330,4
976331,4
976332,4
976333,4
976334,4
976335,1
976336,3
976337,4
976338,4
976339,4
976340,4
976341,4
976342,4
976343,4
976344,4
976345,4
976346,4
976347,4
976348,4
976349,4
976350,4
976351,4
976352,1
976353,3
976354,1
976355,4
976356,5
976357,4
976358,4
976359,4
976360,4
976361,4
976362,4
976363,4
976364,1
976365,4
976366,1
976367,4
976368,5
976369,4
976370,5
976371,4
976372,4
976373,4
976374,5
976375,5
976376,5
976377,4
976378,4
976379,5
976380,5
976381,4
976382,4
976383,4
976384,4
976385,4
976386,3
976387,4
976388,4
976389,5
976390,4
976391,4
976392,4
976393,4
976394,4
976395,4
976396,4
976397,4
976398,4
976399,4
976400,5
976401,4
976402,4
976403,4
976404,4
976405,4
976406,1
976407,4
976408,4
976409,4
976410,4
976411,4
976412,5
976413,4
976414,4
976415,4
976416,4
976417,1
976418,4
976419,4
976420,4
976421,4
976422,4
976423,4
976424,4
976425,4
976426,1
976427,1
976428,5
976429,4
976430,4
976431,4
976432,4
976433,4
976434,4
976435,1
976436,1
976437,4
976438,4
976439,4
976440,1
976441,4
976442,4
976443,4
976444,1
976445,4
976446,4
976447,4
976448,4
976449,4
976450,4
976451,4
976452,4
976453,4
976454,4
976455,4
976456,4
976457,4
976458,4
976459,4
976460,4
976461,4
976462,4
976463,4
976464,4
976465,4
976466,4
976467,4
976468,4
976469,4
976470,4
976471,4
976472,4
976473,1
976474,5
976475,4
976476,4
976477,4
976478,4
976479,4
976480,4
976481,4
976482,1
976483,4
976484,4
976485,4
976486,4
976487,4
976488,5
976489,4
976490,4
976491,5
976492,4
976493,4
976494,4
976495,4
976496,4
976497,4
976498,4
976499,5
976500,4
976501,4
976502,4
976503,4
976504,4
976505,4
976506,4
976507,1
976508,4
976509,4
976510,4
976511,4
976512,4
976513,1
976514,4
976515,4
976516,4
976517,4
976518,4
976519,4
976520,4
976521,4
976522,1
976523,4
976524,1
976525,4
976526,5
976527,4
976528,4
976529,4
976530,4
976531,4
976532,4
976533,4
976534,4
976535,4
976536,4
976537,4
976538,4
976539,1
976540,4
976541,4
976542,3
976543,4
976544,1
976545,4
976546,1
976547,4
976548,1
976549,4
976550,4
976551,4
976552,1
