976553,4
976554,4
976555,4
976556,4
976557,4
976558,4
976559,4
976560,4
976561,1
976562,4
976563,4
976564,4
976565,4
976566,4
976567,4
976568,4
976569,4
976570,3
976571,4
976572,1
976573,4
976574,4
976575,1
976576,4
976577,4
976578,1
976579,1
976580,4
976581,1
976582,4
976583,4
976584,4
976585,4
976586,4
976587,5
976588,1
976589,4
976590,4
976591,4
976592,4
976593,5
976594,4
976595,4
976596,4
976597,4
976598,4
976599,4
976600,4
976601,4
976602,4
976603,3
976604,4
976605,3
976606,4
976607,4
976608,4
976609,4
976610,4
976611,4
976612,4
976613,4
976614,4
976615,4
976616,4
976617,4
976618,4
976619,4
976620,4
976621,4
976622,4
976623,4
976624,4
976625,4
976626,4
976627,4
976628,1
976629,4
976630,4
976631,4
976632,1
976633,4
976634,4
976635,4
976636,4
976637,4
976638,4
976639,4
976640,4
976641,4
976642,4
976643,4
976644,4
976645,4
976646,4
976647,4
976648,4
976649,4
976650,4
976651,4
976652,4
976653,4
976654,1
976655,4
976656,4
976657,1
976658,4
976659,4
976660,4
976661,4
976662,4
976663,4
976664,1
976665,4
976666,4
976667,4
976668,4
976669,4
976670,4
976671,1
976672,4
976673,4
976674,4
976675,4
976676,4
976677,4
976678,4
976679,4
976680,4
976681,4
976682,4
976683,4
976684,4
976685,4
976686,4
976687,4
976688,4
976689,4
976690,4
976691,4
976692,4
976693,1
976694,4
976695,4
976696,4
976697,4
976698,5
976699,5
976700,4
976701,4
976702,4
976703,5
976704,4
976705,4
976706,4
976707,4
976708,4
976709,4
976710,4
976711,1
976712,1
976713,4
976714,4
976715,4
976716,4
976717,4
976718,5
976719,1
976720,4
976721,4
976722,4
976723,4
976724,4
976725,4
976726,4
976727,4
976728,1
976729,4
976730,1
976731,4
976732,4
976733,4
976734,4
976735,4
976736,4
976737,4
976738,1
976739,4
976740,4
976741,4
976742,4
976743,1
976744,4
976745,4
976746,4
976747,1
976748,4
976749,4
976750,4
976751,1
976752,4
976753,4
976754,1
976755,4
976756,4
976757,4
976758,1
976759,4
976760,1
976761,4
976762,1
976763,1
976764,4
976765,4
976766,4
976767,4
976768,4
976769,4
976770,4
976771,4
976772,5
976773,4
976774,1
976775,5
976776,4
976777,4
976778,4
976779,4
976780,4
976781,4
976782,4
976783,5
976784,4
976785,4
976786,4
976787,4
976788,4
976789,5
976790,4
976791,1
976792,4
976793,4
976794,4
976795,4
976796,4
976797,4
976798,4
976799,1
976800,1
976801,4
976802,4
976803,4
976804,4
976805,4
976806,4
976807,4
976808,4
976809,4
976810,4
976811,4
976812,4
976813,1
976814,4
976815,4
976816,4
976817,4
976818,4
976819,4
976820,1
976821,4
976822,4
976823,4
976824,1
976825,4
976826,4
976827,4
976828,4
976829,4
976830,4
976831,4
976832,4
976833,4
976834,4
976835,1
976836,4
976837,4
976838,4
976839,4
976840,1
976841,4
976842,4
976843,5
976844,4
976845,3
976846,5
976847,1
976848,4
976849,4
976850,3
976851,4
976852,4
976853,4
976854,4
976855,3
976856,4
976857,4
976858,4
976859,3
976860,3
976861,3
976862,4
976863,3
976864,3
976865,5
976866,4
976867,4
976868,4
976869,5
976870,3
976871,4
976872,3
976873,4
976874,1
976875,4
976876,4
976877,3
976878,4
976879,4
976880,1
976881,3
976882,4
976883,1
976884,4
976885,3
976886,3
976887,4
976888,4
976889,1
976890,4
976891,1
976892,1
976893,3
976894,3
976895,3
976896,3
976897,4
976898,4
976899,4
976900,4
976901,3
976902,4
976903,4
976904,3
976905,4
976906,3
976907,4
976908,4
976909,5
976910,4
976911,4
976912,1
976913,4
976914,4
976915,4
976916,3
976917,5
976918,3
976919,4
976920,4
976921,4
976922,4
976923,5
976924,4
976925,3
976926,3
976927,3
976928,3
976929,1
976930,1
976931,4
976932,4
976933,4
976934,5
976935,3
976936,4
976937,3
976938,4
976939,4
976940,3
976941,5
976942,4
976943,5
976944,4
976945,3
976946,4
976947,4
976948,4
976949,3
976950,4
976951,5
976952,1
976953,4
976954,1
976955,4
976956,4
976957,4
976958,4
976959,4
976960,1
976961,5
976962,5
976963,1
976964,4
976965,4
976966,4
976967,4
976968,4
976969,1
976970,4
976971,4
976972,4
976973,4
976974,1
976975,4
976976,4
976977,4
976978,3
976979,5
976980,4
976981,1
976982,4
976983,4
976984,1
976985,4
976986,4
976987,4
976988,1
976989,4
976990,4
976991,5
976992,1
976993,4
976994,4
976995,4
976996,4
976997,4
976998,4
976999,4
977000,4
977001,4
977002,4
977003,4
977004,4
977005,4
977006,4
977007,4
977008,4
977009,4
977010,1
977011,4
977012,4
977013,4
977014,4
977015,4
977016,4
977017,4
977018,4
977019,4
977020,4
977021,4
977022,4
977023,4
977024,1
977025,4
977026,4
977027,4
977028,4
977029,1
977030,4
977031,4
977032,4
977033,4
977034,4
977035,4
977036,4
977037,4
977038,4
977039,4
977040,5
977041,4
977042,4
977043,4
977044,4
977045,4
977046,4
977047,4
977048,4
977049,4
977050,4
977051,1
977052,4
977053,4
977054,4
977055,4
977056,4
977057,4
977058,4
977059,4
977060,1
977061,4
977062,4
977063,4
977064,4
977065,4
977066,4
977067,1
977068,4
977069,1
977070,4
977071,4
977072,1
977073,4
977074,4
977075,4
977076,5
977077,4
977078,4
977079,4
977080,4
977081,4
977082,4
977083,4
977084,4
977085,4
977086,4
977087,1
977088,4
977089,4
977090,4
977091,1
977092,4
977093,4
977094,4
977095,1
977096,4
977097,4
977098,4
977099,4
977100,4
977101,4
977102,1
977103,4
977104,5
977105,4
977106,4
977107,4
977108,1
977109,4
977110,5
977111,4
977112,4
977113,4
977114,4
977115,4
977116,4
977117,4
977118,4
977119,4
977120,4
977121,4
977122,5
977123,4
977124,4
977125,4
977126,4
977127,4
977128,4
977129,4
977130,4
977131,4
977132,4
977133,1
977134,4
977135,4
977136,4
977137,4
977138,1
977139,4
977140,4
977141,4
977142,5
977143,4
977144,4
977145,4
977146,5
977147,4
977148,4
977149,4
977150,4
977151,4
977152,4
977153,5
977154,5
977155,4
977156,4
977157,4
977158,4
977159,4
977160,4
977161,4
977162,4
977163,4
977164,4
977165,4
977166,1
977167,4
977168,4
977169,4
977170,5
977171,1
977172,4
977173,4
977174,4
977175,4
977176,4
977177,4
977178,4
977179,4
977180,4
977181,4
977182,4
977183,4
977184,4
977185,4
977186,4
977187,4
977188,4
977189,4
977190,4
977191,4
977192,4
977193,4
977194,4
977195,4
977196,4
977197,4
977198,4
977199,4
977200,4
977201,4
977202,1
977203,4
977204,4
977205,4
977206,4
977207,4
977208,4
977209,4
977210,4
977211,4
977212,4
977213,4
977214,4
977215,4
977216,4
977217,4
977218,4
977219,1
977220,4
977221,4
977222,4
977223,4
977224,4
977225,4
977226,4
977227,4
977228,1
977229,1
977230,5
977231,4
977232,4
977233,4
977234,4
977235,5
977236,4
977237,4
977238,4
977239,5
977240,4
977241,4
977242,4
977243,4
977244,4
977245,5
977246,4
977247,5
977248,4
977249,4
977250,4
977251,4
977252,4
977253,4
977254,4
977255,4
977256,4
977257,4
977258,5
977259,1
977260,4
977261,4
977262,4
977263,4
977264,4
977265,4
977266,4
977267,4
977268,4
977269,4
977270,4
977271,4
977272,4
977273,4
977274,4
977275,4
977276,1
977277,4
977278,1
977279,4
977280,4
977281,4
977282,4
977283,4
977284,4
977285,4
977286,4
977287,4
977288,4
977289,4
977290,4
977291,4
977292,4
977293,4
977294,4
977295,4
977296,4
977297,4
977298,1
977299,5
977300,5
977301,4
977302,4
977303,4
977304,4
977305,4
977306,4
977307,4
977308,4
977309,4
977310,1
977311,4
977312,4
977313,4
977314,4
977315,4
977316,4
977317,4
977318,1
977319,4
977320,4
977321,4
977322,4
977323,4
977324,4
977325,1
977326,4
977327,4
977328,4
977329,4
977330,4
977331,1
977332,4
977333,5
977334,4
977335,4
977336,4
977337,4
977338,1
977339,4
977340,4
977341,4
977342,4
977343,4
977344,1
977345,4
977346,4
977347,4
977348,4
977349,4
977350,4
977351,4
977352,4
977353,4
977354,4
977355,4
977356,4
977357,4
977358,4
977359,4
977360,4
977361,4
977362,4
977363,4
977364,1
977365,4
977366,4
977367,4
977368,4
977369,4
977370,4
977371,4
977372,3
977373,4
977374,4
977375,4
977376,4
977377,4
977378,4
977379,1
977380,4
977381,4
977382,4
977383,4
977384,4
977385,5
977386,4
977387,4
977388,5
977389,4
977390,5
977391,4
977392,4
977393,5
977394,4
977395,4
977396,4
977397,4
977398,4
977399,4
977400,4
977401,4
977402,4
977403,4
977404,4
977405,1
977406,4
977407,4
977408,5
977409,5
977410,4
977411,4
977412,4
977413,4
977414,4
977415,4
977416,4
977417,4
977418,4
977419,5
977420,4
977421,4
977422,4
977423,4
977424,4
977425,4
977426,4
977427,4
977428,4
977429,4
977430,4
977431,4
977432,4
977433,4
977434,1
977435,4
977436,4
977437,4
977438,4
977439,4
977440,4
977441,4
977442,4
977443,4
977444,4
977445,4
977446,4
977447,4
977448,4
977449,4
977450,4
977451,1
977452,4
977453,5
977454,4
977455,4
977456,4
977457,1
977458,4
977459,4
977460,4
977461,4
977462,4
977463,4
977464,4
977465,4
977466,4
977467,1
977468,4
977469,4
977470,4
977471,4
977472,4
977473,4
977474,4
977475,4
977476,4
977477,4
977478,4
977479,4
977480,4
977481,4
977482,1
977483,4
977484,4
977485,4
977486,4
977487,4
977488,4
977489,4
977490,5
977491,4
977492,4
977493,4
977494,4
977495,5
977496,5
977497,4
977498,4
977499,4
977500,4
977501,4
977502,4
977503,4
977504,1
977505,1
977506,1
977507,4
977508,4
977509,4
977510,4
977511,4
977512,4
977513,4
977514,4
977515,4
977516,4
977517,4
977518,4
977519,4
977520,4
977521,4
977522,4
977523,4
977524,4
977525,1
977526,1
977527,4
977528,4
977529,4
977530,5
977531,1
977532,4
977533,1
977534,4
977535,4
977536,4
977537,4
977538,4
977539,4
977540,4
977541,1
977542,4
977543,4
977544,1
977545,4
977546,1
977547,4
977548,4
977549,4
977550,4
977551,3
977552,3
977553,3
977554,3
977555,3
977556,3
977557,4
977558,3
977559,5
977560,4
977561,4
977562,4
977563,4
977564,4
977565,4
977566,4
977567,4
977568,4
977569,4
977570,5
977571,4
977572,4
977573,4
977574,4
977575,4
977576,4
977577,4
977578,4
977579,4
977580,4
977581,4
977582,5
977583,4
977584,4
977585,4
977586,5
977587,4
977588,4
977589,4
977590,4
977591,4
977592,4
977593,4
977594,4
977595,4
977596,4
977597,4
977598,4
977599,4
977600,4
977601,4
977602,4
977603,4
977604,4
977605,1
977606,4
977607,4
977608,1
977609,4
977610,3
977611,3
977612,3
977613,3
977614,1
977615,3
977616,4
977617,3
977618,4
977619,3
977620,3
977621,3
977622,4
977623,3
977624,3
977625,4
977626,3
977627,1
977628,3
977629,3
977630,3
977631,3
977632,4
977633,4
977634,4
977635,3
977636,3
977637,3
977638,3
977639,4
977640,3
977641,4
977642,4
977643,3
977644,3
977645,4
977646,4
977647,3
977648,3
977649,3
977650,3
977651,4
977652,4
977653,1
977654,4
977655,4
977656,5
977657,3
977658,5
977659,4
977660,5
977661,3
977662,4
977663,5
977664,1
977665,4
977666,3
977667,4
977668,4
977669,5
977670,5
977671,5
977672,3
977673,3
977674,5
977675,1
977676,4
977677,5
977678,4
977679,4
977680,5
977681,3
977682,4
977683,5
977684,4
977685,5
977686,4
977687,4
977688,4
977689,5
977690,4
977691,1
977692,3
977693,3
977694,3
977695,3
977696,5
977697,4
977698,4
977699,4
977700,4
977701,1
977702,4
977703,4
977704,4
977705,4
977706,4
977707,4
977708,4
977709,4
977710,4
977711,4
977712,4
977713,4
977714,4
977715,4
977716,4
977717,4
977718,1
977719,4
977720,1
977721,4
977722,5
977723,4
977724,4
977725,4
977726,4
977727,1
977728,4
977729,5
977730,4
977731,4
977732,5
977733,4
977734,4
977735,4
977736,4
977737,4
977738,4
977739,4
977740,4
977741,4
977742,4
977743,4
977744,4
977745,1
977746,4
977747,5
977748,4
977749,4
977750,4
977751,4
977752,4
977753,1
977754,4
977755,4
977756,1
977757,4
977758,4
977759,4
977760,5
977761,4
977762,4
977763,4
977764,5
977765,1
977766,4
977767,4
977768,5
977769,4
977770,4
977771,4
977772,1
977773,4
977774,1
977775,4
977776,4
977777,4
977778,4
977779,4
977780,1
977781,4
977782,4
977783,4
977784,4
977785,4
977786,4
977787,4
977788,4
977789,4
977790,1
977791,4
977792,4
977793,5
977794,5
977795,4
977796,4
977797,4
977798,4
977799,4
977800,4
977801,4
977802,4
977803,4
977804,1
977805,4
977806,4
977807,4
977808,4
977809,4
977810,5
977811,4
977812,1
977813,5
977814,4
977815,4
977816,4
977817,4
977818,4
977819,4
977820,1
977821,4
977822,4
977823,4
977824,4
977825,4
977826,4
977827,5
977828,4
977829,4
977830,4
977831,4
977832,4
977833,4
977834,4
977835,4
977836,4
977837,4
977838,4
977839,4
977840,4
977841,4
977842,4
977843,4
977844,1
977845,5
977846,4
977847,4
977848,4
977849,4
977850,4
977851,5
977852,4
977853,4
977854,4
977855,4
977856,4
977857,4
977858,4
977859,4
977860,4
977861,4
977862,4
977863,4
977864,4
977865,4
977866,4
977867,4
977868,4
977869,4
977870,4
977871,4
977872,4
977873,4
977874,4
977875,4
977876,1
977877,1
977878,4
977879,4
977880,4
977881,4
977882,4
977883,4
977884,1
977885,4
977886,4
977887,4
977888,4
977889,4
977890,1
977891,4
977892,4
977893,1
977894,1
977895,4
977896,4
977897,4
977898,4
977899,5
977900,4
977901,4
977902,4
977903,4
977904,5
977905,1
977906,4
977907,4
977908,4
977909,4
977910,4
977911,4
977912,4
977913,1
977914,4
977915,4
977916,4
977917,4
977918,5
977919,5
977920,4
977921,4
977922,4
977923,4
977924,4
977925,4
977926,4
977927,4
977928,4
977929,4
977930,4
977931,5
977932,4
977933,4
977934,1
977935,5
977936,1
977937,5
977938,4
977939,5
977940,4
977941,4
977942,5
977943,4
977944,4
977945,5
977946,4
977947,5
977948,5
977949,5
977950,4
977951,4
977952,4
977953,4
977954,4
977955,4
977956,4
977957,4
977958,5
977959,4
977960,4
977961,4
977962,4
977963,4
977964,4
977965,4
977966,4
977967,1
977968,1
977969,4
977970,4
977971,4
977972,1
977973,4
977974,4
977975,1
977976,4
977977,4
977978,4
977979,4
977980,5
977981,4
977982,4
977983,4
977984,4
977985,5
977986,1
977987,4
977988,4
977989,4
977990,4
977991,1
977992,4
977993,4
977994,4
977995,4
977996,1
977997,5
977998,4
977999,4
978000,4
978001,4
978002,1
978003,4
978004,4
978005,4
978006,1
978007,4
978008,4
978009,4
978010,4
978011,4
978012,4
978013,4
978014,4
978015,5
978016,4
978017,4
978018,1
978019,4
978020,4
978021,4
978022,4
978023,4
978024,4
978025,4
978026,4
978027,4
978028,1
978029,4
978030,4
978031,4
978032,4
978033,4
978034,4
978035,1
978036,4
978037,1
978038,4
978039,4
978040,4
978041,4
978042,4
978043,4
978044,4
978045,4
978046,1
978047,4
978048,4
978049,4
978050,4
978051,4
978052,4
978053,4
978054,4
978055,4
978056,4
978057,4
978058,4
978059,1
978060,4
978061,4
978062,4
978063,4
978064,4
978065,4
978066,4
978067,4
978068,1
978069,4
978070,4
978071,4
978072,1
978073,4
978074,4
978075,1
978076,4
978077,4
978078,4
978079,4
978080,4
978081,4
978082,4
978083,4
978084,4
978085,4
978086,4
978087,4
978088,4
978089,4
978090,4
978091,1
978092,4
978093,4
978094,4
978095,4
978096,1
978097,4
978098,4
978099,4
978100,4
978101,1
978102,5
978103,4
978104,4
978105,4
978106,4
978107,4
978108,4
978109,4
978110,4
978111,4
978112,4
978113,1
978114,4
978115,4
978116,1
978117,4
978118,4
978119,4
978120,4
978121,1
978122,4
978123,4
978124,4
978125,4
978126,4
978127,3
978128,5
978129,4
978130,1
978131,4
978132,4
978133,4
978134,4
978135,4
978136,4
978137,4
978138,4
978139,4
978140,4
978141,1
978142,1
978143,4
978144,4
978145,4
978146,4
978147,4
978148,4
978149,4
978150,4
978151,4
978152,4
978153,4
978154,4
978155,4
978156,4
978157,4
978158,4
978159,4
978160,1
978161,4
978162,4
978163,4
978164,4
978165,4
978166,4
978167,4
978168,4
978169,1
978170,4
978171,4
978172,4
978173,4
978174,4
978175,4
978176,4
978177,4
978178,4
978179,4
978180,1
978181,4
978182,4
978183,4
978184,4
978185,4
978186,4
978187,4
978188,4
978189,4
978190,4
978191,4
978192,4
978193,4
978194,4
978195,4
978196,4
978197,1
978198,4
978199,4
978200,4
978201,4
978202,4
978203,4
978204,4
978205,4
978206,4
978207,4
978208,4
978209,4
978210,1
978211,4
978212,4
978213,4
978214,1
978215,4
978216,4
978217,4
978218,4
978219,4
978220,5
978221,5
978222,4
978223,4
978224,4
978225,1
978226,4
978227,4
978228,4
978229,4
978230,5
978231,1
978232,4
978233,4
978234,4
978235,4
978236,4
978237,4
978238,4
978239,5
978240,5
978241,4
978242,4
978243,4
978244,4
978245,4
978246,4
978247,4
978248,4
978249,4
978250,4
978251,4
978252,5
978253,4
978254,4
978255,4
978256,4
978257,4
978258,4
978259,5
978260,1
978261,4
978262,4
978263,1
978264,4
978265,4
978266,4
978267,4
978268,1
978269,4
978270,1
978271,4
978272,4
978273,3
978274,4
978275,4
978276,4
978277,4
978278,5
978279,4
978280,4
978281,4
978282,4
978283,4
978284,4
978285,4
978286,4
978287,4
978288,4
978289,4
978290,4
978291,4
978292,4
978293,4
978294,4
978295,4
978296,4
978297,1
978298,4
978299,4
978300,4
978301,4
978302,5
978303,4
978304,4
978305,3
978306,4
978307,4
978308,4
978309,4
978310,4
978311,5
978312,4
978313,4
978314,4
978315,4
978316,4
978317,5
978318,4
978319,1
978320,4
978321,4
978322,4
978323,1
978324,5
978325,5
978326,4
978327,4
978328,4
978329,4
978330,4
978331,4
978332,4
978333,1
978334,4
978335,5
978336,5
978337,4
978338,4
978339,4
978340,4
978341,4
978342,4
978343,4
978344,1
978345,4
978346,1
978347,1
978348,4
978349,4
978350,4
978351,4
978352,4
978353,4
978354,4
978355,4
978356,4
978357,1
978358,4
978359,4
978360,4
978361,4
978362,4
978363,4
978364,4
978365,4
978366,4
978367,4
978368,4
978369,4
978370,4
978371,4
978372,4
978373,4
978374,4
978375,4
978376,4
978377,1
978378,4
978379,4
978380,4
978381,4
978382,5
978383,4
978384,4
978385,4
978386,4
978387,4
978388,4
978389,4
978390,1
978391,4
978392,4
978393,4
978394,4
978395,4
978396,4
978397,4
978398,4
978399,4
978400,4
978401,4
978402,4
978403,4
978404,4
978405,4
978406,4
978407,4
978408,4
978409,1
978410,4
978411,4
978412,4
978413,4
978414,4
978415,4
978416,4
978417,4
978418,4
978419,4
978420,4
978421,4
978422,1
978423,4
978424,4
978425,4
978426,4
978427,4
978428,5
978429,4
978430,5
978431,4
978432,4
978433,4
978434,4
978435,1
978436,4
978437,4
978438,4
978439,1
978440,5
978441,4
978442,4
978443,4
978444,4
978445,4
978446,4
978447,4
978448,4
978449,4
978450,4
978451,4
978452,4
978453,1
978454,4
978455,4
978456,4
978457,4
978458,4
978459,4
978460,4
978461,4
978462,4
978463,4
978464,4
978465,1
978466,4
978467,4
978468,4
978469,4
978470,4
978471,4
978472,4
978473,4
978474,4
978475,4
978476,4
978477,4
978478,4
978479,4
978480,4
978481,4
978482,1
978483,4
978484,4
978485,4
978486,4
978487,4
978488,4
978489,4
978490,4
978491,4
978492,4
978493,4
978494,4
978495,4
978496,4
978497,4
978498,4
978499,4
978500,4
978501,4
978502,1
978503,4
978504,1
978505,4
978506,4
978507,4
978508,4
978509,5
978510,4
978511,4
978512,4
978513,4
978514,4
978515,4
978516,4
978517,4
978518,5
978519,1
978520,4
978521,4
978522,1
978523,4
978524,4
978525,1
978526,4
978527,4
978528,4
978529,4
978530,4
978531,1
978532,4
978533,4
978534,4
978535,4
978536,4
978537,4
978538,4
978539,4
978540,4
978541,4
978542,1
978543,4
978544,4
978545,1
978546,4
978547,4
978548,1
978549,1
978550,4
978551,4
978552,4
978553,4
978554,4
978555,4
978556,4
978557,4
978558,4
978559,4
978560,4
978561,4
978562,4
978563,1
978564,4
978565,4
978566,4
978567,4
978568,4
978569,4
978570,4
978571,4
978572,1
978573,4
978574,4
978575,1
978576,4
978577,4
978578,1
978579,3
978580,4
978581,4
978582,5
978583,1
978584,4
978585,4
978586,4
978587,4
978588,4
978589,1
978590,4
978591,4
978592,4
978593,5
978594,4
978595,5
978596,4
978597,4
978598,3
978599,4
978600,5
978601,4
978602,4
978603,4
978604,3
978605,4
978606,4
978607,1
978608,3
978609,4
978610,4
978611,4
978612,4
978613,4
978614,4
978615,4
978616,4
978617,1
978618,4
978619,4
978620,4
978621,4
978622,1
978623,1
978624,4
978625,4
978626,5
978627,4
978628,4
978629,4
978630,4
978631,1
978632,4
978633,1
978634,4
978635,4
978636,1
978637,1
978638,5
978639,1
978640,4
978641,5
978642,4
978643,5
978644,5
978645,4
978646,5
978647,4
978648,4
978649,4
978650,5
978651,4
978652,1
978653,4
978654,4
978655,4
978656,1
978657,4
978658,4
978659,4
978660,4
978661,4
978662,1
978663,5
978664,4
978665,4
978666,1
978667,4
978668,4
978669,4
978670,4
978671,1
978672,4
978673,4
978674,4
978675,1
978676,4
978677,1
978678,4
978679,4
978680,4
978681,4
978682,4
978683,4
978684,4
978685,4
978686,4
978687,1
978688,4
978689,4
978690,4
978691,4
978692,4
978693,5
978694,4
978695,4
978696,5
978697,1
978698,4
978699,4
978700,4
978701,4
978702,5
978703,4
978704,4
978705,5
978706,4
978707,5
978708,4
978709,4
978710,5
978711,4
978712,4
978713,4
978714,4
978715,5
978716,5
978717,1
978718,4
978719,4
978720,4
978721,4
978722,4
978723,1
978724,4
978725,5
978726,5
978727,5
978728,4
978729,4
978730,4
978731,4
978732,4
978733,4
978734,4
978735,4
978736,1
978737,4
978738,1
978739,4
978740,4
978741,4
978742,4
978743,4
978744,4
978745,4
978746,4
978747,4
978748,4
978749,4
978750,4
978751,1
978752,1
978753,3
978754,4
978755,1
978756,4
978757,4
978758,4
978759,4
978760,1
978761,1
978762,1
978763,4
978764,1
978765,4
978766,3
978767,4
978768,1
978769,4
978770,4
978771,4
978772,4
978773,4
978774,4
978775,4
978776,5
978777,4
978778,4
978779,5
978780,4
978781,4
978782,4
978783,4
978784,4
978785,4
978786,5
978787,4
978788,4
978789,1
978790,1
978791,4
978792,4
978793,1
978794,4
978795,3
978796,4
978797,5
978798,4
978799,4
978800,4
978801,4
978802,4
978803,4
978804,5
978805,4
978806,5
978807,4
978808,4
978809,5
978810,1
978811,4
978812,4
978813,4
978814,4
978815,4
978816,1
978817,4
978818,4
978819,1
978820,5
978821,4
978822,4
978823,4
978824,4
978825,5
978826,5
978827,5
978828,4
978829,4
978830,4
978831,4
978832,4
978833,1
978834,4
978835,4
978836,5
978837,4
978838,4
978839,4
978840,4
978841,4
978842,4
978843,4
978844,4
978845,4
978846,4
978847,4
978848,4
978849,4
978850,4
978851,4
978852,4
978853,4
978854,4
978855,4
978856,4
978857,4
978858,4
978859,4
978860,4
978861,4
978862,4
978863,5
978864,4
978865,4
978866,4
978867,4
978868,4
978869,4
978870,4
978871,4
978872,4
978873,4
978874,4
978875,5
978876,4
978877,4
978878,5
978879,4
978880,4
978881,5
978882,1
978883,4
978884,4
978885,4
978886,4
978887,4
978888,4
978889,4
978890,4
978891,4
978892,5
978893,1
978894,5
978895,4
978896,4
978897,4
978898,4
978899,1
978900,4
978901,4
978902,4
978903,4
978904,5
978905,1
978906,4
978907,4
978908,4
978909,4
978910,5
978911,4
978912,4
978913,4
978914,4
978915,4
978916,4
978917,4
978918,5
978919,1
978920,4
978921,4
978922,4
978923,4
978924,4
978925,4
978926,4
978927,4
978928,4
978929,4
978930,4
978931,4
978932,4
978933,4
978934,4
978935,5
978936,4
978937,5
978938,4
978939,4
978940,4
978941,4
978942,4
978943,4
978944,4
978945,4
978946,4
978947,4
978948,4
978949,5
978950,4
978951,4
978952,4
978953,4
978954,4
978955,4
978956,4
978957,4
978958,4
978959,4
978960,4
978961,4
978962,4
978963,4
978964,4
978965,4
978966,5
978967,4
978968,4
978969,4
978970,4
978971,4
978972,4
978973,3
978974,4
978975,4
978976,4
978977,1
978978,4
978979,4
978980,4
978981,4
978982,4
978983,4
978984,5
978985,4
978986,4
978987,4
978988,1
978989,1
978990,5
978991,4
978992,4
978993,1
978994,1
978995,5
978996,5
978997,4
978998,4
978999,4
979000,4
979001,4
979002,4
979003,4
979004,4
979005,4
979006,4
979007,4
979008,4
979009,4
979010,4
979011,1
979012,4
979013,4
979014,4
979015,4
979016,1
979017,4
979018,1
979019,4
979020,4
979021,4
979022,4
979023,4
979024,5
979025,4
979026,4
979027,4
979028,4
979029,4
979030,4
979031,3
979032,4
979033,4
979034,4
979035,4
979036,4
979037,4
979038,3
979039,4
979040,4
979041,4
979042,4
979043,4
979044,4
979045,4
979046,4
979047,4
979048,4
979049,4
979050,3
979051,4
979052,4
979053,4
979054,4
979055,4
979056,5
979057,1
979058,1
979059,4
979060,1
979061,4
979062,4
979063,3
979064,4
979065,4
979066,4
979067,4
979068,4
979069,4
979070,4
979071,4
979072,4
979073,4
979074,1
979075,4
979076,4
979077,4
979078,4
979079,4
979080,4
979081,4
979082,4
979083,4
979084,4
979085,4
979086,1
979087,5
979088,4
979089,4
979090,4
979091,4
979092,4
979093,4
979094,4
979095,4
979096,4
979097,4
979098,1
979099,4
979100,4
979101,4
979102,4
979103,4
979104,4
979105,4
979106,4
979107,4
979108,1
979109,4
979110,4
979111,4
979112,4
979113,4
979114,1
979115,4
979116,4
979117,4
979118,4
979119,4
979120,4
979121,5
979122,4
979123,5
979124,4
979125,4
979126,4
979127,4
979128,4
979129,4
979130,4
979131,4
979132,4
979133,4
979134,5
979135,4
979136,4
979137,4
979138,4
979139,4
979140,4
979141,4
979142,4
979143,1
979144,4
979145,4
979146,4
979147,4
979148,4
979149,4
979150,4
979151,4
979152,4
979153,4
979154,4
979155,4
979156,4
979157,4
979158,1
979159,4
979160,4
979161,4
979162,4
979163,4
979164,4
979165,4
979166,1
979167,4
979168,4
979169,4
979170,4
979171,4
979172,4
979173,4
979174,4
979175,4
979176,4
979177,4
979178,4
979179,4
979180,4
979181,4
979182,4
979183,3
979184,4
979185,5
979186,4
979187,4
979188,1
979189,4
979190,1
979191,4
979192,4
979193,4
979194,1
979195,4
979196,4
979197,4
979198,1
979199,4
979200,5
979201,5
979202,4
979203,4
979204,4
979205,4
979206,4
979207,4
979208,4
979209,4
979210,1
979211,5
979212,4
979213,1
979214,4
979215,5
979216,1
979217,5
979218,4
979219,4
979220,4
979221,4
979222,4
979223,4
979224,4
979225,4
979226,4
979227,4
979228,4
979229,4
979230,5
979231,4
979232,4
979233,4
979234,1
979235,4
979236,4
979237,4
979238,4
979239,3
979240,4
979241,4
979242,4
979243,1
979244,5
979245,1
979246,4
979247,4
979248,4
979249,4
979250,1
979251,5
979252,4
979253,4
979254,4
979255,4
979256,1
979257,4
979258,4
979259,4
979260,4
979261,4
979262,4
979263,1
979264,4
979265,4
979266,1
979267,4
979268,1
979269,4
979270,1
979271,4
979272,1
979273,4
979274,4
979275,4
979276,4
979277,4
979278,4
979279,4
979280,4
979281,4
979282,4
979283,4
979284,5
979285,4
979286,4
979287,4
979288,4
979289,1
979290,4
979291,4
979292,5
979293,4
979294,4
979295,4
979296,4
979297,1
979298,4
979299,4
979300,4
979301,4
979302,5
979303,4
979304,5
979305,4
979306,4
979307,4
979308,4
979309,4
979310,4
979311,5
979312,4
979313,4
979314,4
979315,4
979316,4
979317,4
979318,4
979319,4
979320,4
979321,5
979322,1
979323,4
979324,4
979325,4
979326,5
979327,4
979328,4
979329,5
979330,4
979331,4
979332,4
979333,4
979334,4
979335,4
979336,4
979337,4
979338,4
979339,5
979340,4
979341,1
979342,4
979343,4
979344,4
979345,1
979346,4
979347,4
979348,4
979349,4
979350,5
979351,5
979352,4
979353,4
979354,4
979355,1
979356,4
979357,4
979358,4
979359,4
979360,3
979361,4
979362,4
979363,4
979364,4
979365,4
979366,4
979367,4
979368,4
979369,4
979370,4
979371,5
979372,4
979373,4
979374,4
979375,4
979376,4
979377,3
979378,4
979379,4
979380,4
979381,4
979382,4
979383,4
979384,4
979385,4
979386,4
979387,4
979388,3
979389,4
979390,3
979391,4
979392,4
979393,4
979394,4
979395,4
979396,4
979397,4
979398,4
979399,4
979400,4
979401,4
979402,4
979403,1
979404,4
979405,4
979406,4
979407,4
979408,4
979409,1
979410,4
979411,1
979412,4
979413,4
979414,4
979415,4
979416,4
979417,5
979418,5
979419,4
979420,4
979421,4
979422,1
979423,4
979424,4
979425,4
979426,4
979427,4
979428,4
979429,5
979430,4
979431,1
979432,4
979433,4
979434,4
979435,4
979436,4
979437,4
979438,4
979439,5
979440,4
979441,4
979442,4
979443,4
979444,4
979445,4
979446,1
979447,1
979448,4
979449,4
979450,4
979451,4
979452,4
979453,1
979454,4
979455,4
979456,4
979457,4
979458,4
979459,5
979460,4
979461,4
979462,4
979463,4
979464,1
979465,4
979466,4
979467,4
979468,4
979469,4
979470,4
979471,4
979472,4
979473,4
979474,4
979475,4
979476,4
979477,1
979478,5
979479,4
979480,4
979481,4
979482,1
979483,4
979484,4
979485,4
979486,4
979487,4
979488,4
979489,4
979490,4
979491,4
979492,4
979493,4
979494,4
979495,4
979496,4
979497,4
979498,4
979499,4
979500,4
979501,4
979502,4
979503,4
979504,4
979505,4
979506,4
979507,4
979508,1
979509,4
979510,5
979511,4
979512,4
979513,4
979514,4
979515,1
979516,4
979517,4
979518,4
979519,4
979520,4
979521,1
979522,5
979523,4
979524,1
979525,1
979526,1
979527,4
979528,4
979529,4
979530,1
979531,4
979532,4
979533,4
979534,4
979535,1
979536,4
979537,4
979538,4
979539,5
979540,1
979541,4
979542,4
979543,4
979544,1
979545,4
979546,4
979547,4
979548,4
979549,4
979550,4
979551,4
979552,1
979553,4
979554,4
979555,4
979556,4
979557,4
979558,4
979559,4
979560,4
979561,4
979562,4
979563,4
979564,1
979565,4
979566,1
979567,4
979568,4
979569,4
979570,4
979571,4
979572,4
979573,4
979574,4
979575,4
979576,4
979577,4
979578,1
979579,4
979580,1
979581,4
979582,1
979583,4
979584,4
979585,4
979586,5
979587,4
979588,4
979589,4
979590,4
979591,1
979592,1
979593,5
979594,5
979595,4
979596,4
979597,1
979598,4
979599,4
979600,4
979601,4
979602,4
979603,4
979604,4
979605,4
979606,4
979607,4
979608,4
979609,4
979610,1
979611,4
979612,4
979613,4
979614,4
979615,1
979616,4
979617,5
979618,4
979619,4
979620,5
979621,1
979622,4
979623,4
979624,4
979625,1
979626,4
979627,4
979628,4
979629,4
979630,5
979631,4
979632,4
979633,4
979634,1
979635,4
979636,4
979637,4
979638,4
979639,4
979640,4
979641,4
979642,4
979643,4
979644,5
979645,1
979646,4
979647,5
979648,4
979649,4
979650,4
979651,4
979652,4
979653,4
979654,5
979655,4
979656,4
979657,5
979658,5
979659,4
979660,4
979661,4
979662,4
979663,4
979664,4
979665,4
979666,4
979667,4
979668,1
979669,4
979670,4
979671,4
979672,4
979673,4
979674,4
979675,4
979676,4
979677,4
979678,4
979679,4
979680,1
979681,4
979682,4
979683,4
979684,1
979685,4
979686,5
979687,4
979688,4
979689,4
979690,4
979691,4
979692,4
979693,4
979694,5
979695,3
979696,1
979697,3
979698,1
979699,3
979700,3
979701,3
979702,4
979703,1
979704,3
979705,4
979706,5
979707,3
979708,3
979709,3
979710,5
979711,4
979712,3
979713,3
979714,4
979715,5
979716,3
979717,5
979718,5
979719,4
979720,3
979721,3
979722,3
979723,3
979724,3
979725,5
979726,3
979727,1
979728,4
979729,4
979730,4
979731,1
979732,4
979733,4
979734,4
979735,4
979736,4
979737,1
979738,4
979739,4
979740,4
979741,4
979742,4
979743,4
979744,1
979745,4
979746,4
979747,4
979748,5
979749,4
979750,4
979751,4
979752,1
979753,4
979754,4
979755,4
979756,4
979757,4
979758,1
979759,4
979760,4
979761,4
979762,1
979763,4
979764,4
979765,4
979766,4
979767,4
979768,1
979769,4
979770,4
979771,4
979772,4
979773,4
979774,4
979775,4
979776,4
979777,4
979778,4
979779,4
979780,4
979781,4
979782,5
979783,1
979784,5
979785,4
979786,5
979787,4
979788,1
979789,4
979790,4
979791,4
979792,4
979793,4
979794,4
979795,4
979796,4
979797,1
979798,4
979799,4
979800,1
979801,4
979802,4
979803,1
979804,4
979805,4
979806,4
979807,5
979808,4
979809,4
979810,4
979811,4
979812,4
979813,1
979814,4
979815,4
979816,1
979817,4
979818,4
979819,1
979820,4
979821,4
979822,4
979823,4
979824,4
979825,1
979826,4
979827,4
979828,4
979829,4
979830,4
979831,4
979832,4
979833,5
979834,4
979835,4
979836,4
979837,4
979838,4
979839,4
979840,4
979841,4
979842,4
979843,4
979844,4
979845,4
979846,4
979847,4
979848,4
979849,4
979850,4
979851,4
979852,4
979853,4
979854,4
979855,4
979856,4
979857,4
979858,4
979859,4
979860,1
979861,4
979862,4
979863,4
979864,1
979865,4
979866,4
979867,4
979868,4
979869,1
979870,4
979871,4
979872,4
979873,1
979874,4
979875,4
979876,4
979877,4
979878,4
979879,4
979880,4
979881,4
979882,1
979883,4
979884,4
979885,4
979886,4
979887,4
979888,4
979889,4
979890,4
979891,4
979892,4
979893,3
979894,1
979895,4
979896,4
979897,4
979898,4
979899,4
979900,1
979901,1
979902,3
979903,1
979904,4
979905,1
979906,1
979907,3
979908,5
979909,4
979910,4
979911,4
979912,4
979913,4
979914,4
979915,1
979916,4
979917,4
979918,4
979919,4
979920,4
979921,1
979922,1
979923,4
979924,5
979925,4
979926,4
979927,4
979928,5
979929,4
979930,4
979931,4
979932,4
979933,4
979934,1
979935,4
979936,1
979937,4
979938,4
979939,4
979940,4
979941,4
979942,4
979943,4
979944,4
979945,4
979946,4
979947,4
979948,4
979949,4
979950,1
979951,1
979952,4
979953,4
979954,4
979955,4
979956,4
979957,1
979958,4
979959,4
979960,4
979961,4
979962,1
979963,4
979964,1
979965,4
979966,4
979967,4
979968,4
979969,4
979970,4
979971,4
979972,4
979973,4
979974,4
979975,4
979976,4
979977,1
979978,4
979979,1
979980,4
979981,4
979982,5
979983,4
979984,4
979985,4
979986,4
979987,4
979988,4
979989,4
979990,4
979991,4
979992,4
979993,4
979994,4
979995,4
979996,4
979997,4
979998,4
979999,1
980000,4
980001,4
980002,4
980003,4
980004,4
980005,4
980006,4
980007,4
980008,4
980009,4
980010,4
980011,4
980012,4
980013,4
980014,4
980015,5
980016,4
980017,4
980018,4
980019,4
980020,1
980021,1
980022,1
980023,4
980024,4
980025,4
980026,4
980027,4
980028,4
980029,1
980030,4
980031,4
980032,4
980033,4
980034,4
980035,4
980036,4
980037,4
980038,5
980039,4
980040,4
980041,4
980042,4
980043,4
980044,4
980045,4
980046,4
980047,4
980048,4
980049,4
980050,4
980051,4
980052,4
980053,4
980054,4
980055,4
980056,5
980057,5
980058,4
980059,4
980060,4
980061,5
980062,5
980063,4
980064,4
980065,4
980066,1
980067,5
980068,5
980069,5
980070,5
980071,5
980072,4
980073,4
980074,1
980075,5
980076,4
980077,5
980078,5
980079,5
980080,5
980081,5
980082,1
980083,5
980084,4
980085,4
980086,4
980087,4
980088,5
980089,4
980090,1
980091,4
980092,4
980093,4
980094,1
980095,1
980096,5
980097,4
980098,4
980099,4
980100,4
980101,3
980102,4
980103,4
980104,4
980105,4
980106,4
980107,4
980108,4
980109,4
980110,1
980111,4
980112,4
980113,4
980114,4
980115,4
980116,4
980117,4
980118,4
980119,4
980120,4
980121,1
980122,4
980123,4
980124,4
980125,1
980126,4
980127,4
980128,4
980129,4
980130,4
980131,4
980132,5
980133,4
980134,4
980135,4
980136,5
980137,4
980138,4
980139,4
980140,4
980141,1
980142,4
980143,1
980144,1
980145,4
980146,4
980147,4
980148,4
980149,1
980150,5
980151,4
980152,4
980153,4
980154,4
980155,4
980156,4
980157,4
980158,4
980159,4
980160,4
980161,4
980162,4
980163,4
980164,4
980165,1
980166,4
980167,4
980168,4
980169,4
980170,4
980171,4
980172,4
980173,4
980174,4
980175,1
980176,4
980177,4
980178,4
980179,5
980180,4
980181,4
980182,1
980183,4
980184,4
980185,4
980186,5
980187,4
980188,4
980189,4
980190,5
980191,4
980192,4
980193,1
980194,4
980195,4
980196,5
980197,4
980198,4
980199,4
980200,4
980201,4
980202,4
980203,4
980204,5
980205,4
980206,4
980207,4
980208,4
980209,4
980210,4
980211,3
980212,4
980213,4
980214,1
980215,4
980216,4
980217,4
980218,4
980219,4
980220,4
980221,4
980222,1
980223,1
980224,4
980225,4
980226,4
980227,4
980228,1
980229,4
980230,4
980231,3
980232,4
980233,4
980234,4
980235,4
980236,4
980237,4
980238,4
980239,5
980240,4
980241,4
980242,4
980243,4
980244,4
980245,4
980246,4
980247,4
980248,4
980249,4
980250,5
980251,4
980252,4
980253,4
980254,4
980255,4
980256,4
980257,4
980258,4
980259,4
980260,4
980261,4
980262,1
980263,4
980264,4
980265,4
980266,4
980267,4
980268,4
980269,1
980270,4
980271,4
980272,1
980273,5
980274,1
980275,4
980276,4
980277,4
980278,4
980279,4
980280,4
980281,1
980282,4
980283,4
980284,4
980285,4
980286,4
980287,4
980288,1
980289,1
980290,1
980291,4
980292,1
980293,4
980294,5
980295,4
980296,4
980297,1
980298,4
980299,1
980300,4
980301,4
980302,4
980303,1
980304,5
980305,4
980306,4
980307,5
980308,4
980309,4
980310,4
980311,4
980312,4
980313,1
980314,4
980315,4
980316,4
980317,4
980318,4
980319,4
980320,4
980321,4
980322,4
980323,4
980324,4
980325,4
980326,4
980327,4
980328,1
980329,1
980330,4
980331,4
980332,4
980333,4
980334,4
980335,4
980336,4
980337,4
980338,4
980339,4
980340,4
980341,4
980342,4
980343,4
980344,4
980345,4
980346,4
980347,4
980348,1
980349,4
980350,4
980351,4
980352,5
980353,4
980354,4
980355,1
980356,4
980357,4
980358,4
980359,4
980360,4
980361,5
980362,4
980363,1
980364,4
980365,5
980366,1
980367,4
980368,4
980369,1
980370,4
980371,4
980372,4
980373,5
980374,4
980375,4
980376,4
980377,4
980378,4
980379,4
980380,4
980381,4
980382,4
980383,1
980384,4
980385,1
980386,4
980387,1
980388,4
980389,4
980390,4
980391,4
980392,4
980393,4
980394,4
980395,4
980396,4
980397,4
980398,5
980399,1
980400,4
980401,4
980402,4
980403,4
980404,3
980405,4
980406,4
980407,1
980408,1
980409,4
980410,4
980411,4
980412,4
980413,1
980414,4
980415,4
980416,4
980417,4
980418,4
980419,1
980420,4
980421,4
980422,5
980423,4
980424,4
980425,1
980426,4
980427,4
980428,4
980429,4
980430,5
980431,4
980432,4
980433,4
980434,4
980435,1
980436,4
980437,4
980438,4
980439,4
980440,4
980441,4
980442,1
980443,4
980444,4
980445,4
980446,4
980447,4
980448,4
980449,4
980450,4
980451,4
980452,4
980453,4
980454,1
980455,4
980456,5
980457,4
980458,4
980459,4
980460,4
980461,4
980462,4
980463,4
980464,4
980465,4
980466,4
980467,4
980468,4
980469,4
980470,4
980471,4
980472,4
980473,4
980474,4
980475,4
980476,4
980477,4
980478,4
980479,4
980480,4
980481,4
980482,4
980483,1
980484,1
980485,4
980486,4
980487,4
980488,4
980489,4
980490,4
980491,4
980492,4
980493,4
980494,4
980495,4
980496,4
980497,4
980498,4
980499,4
980500,4
980501,1
980502,4
980503,4
980504,4
980505,4
980506,5
980507,4
980508,4
980509,4
980510,4
980511,1
980512,4
980513,4
980514,4
980515,4
980516,4
980517,4
980518,4
980519,4
980520,4
980521,4
980522,4
980523,4
980524,4
980525,4
980526,1
980527,5
980528,4
980529,5
980530,4
980531,1
980532,4
980533,5
980534,5
980535,5
980536,1
980537,5
980538,4
980539,5
980540,5
980541,1
980542,1
980543,5
980544,5
980545,5
980546,5
980547,4
980548,4
980549,4
980550,4
980551,4
980552,4
980553,4
980554,5
980555,4
980556,5
980557,4
980558,4
980559,5
980560,4
980561,4
980562,4
980563,4
980564,4
980565,4
980566,4
980567,4
980568,5
980569,4
980570,4
980571,4
980572,4
980573,4
980574,4
980575,1
980576,4
980577,4
980578,5
980579,4
980580,4
980581,4
980582,5
980583,5
980584,1
980585,1
980586,1
980587,4
980588,4
980589,5
980590,5
980591,4
980592,4
980593,5
980594,4
980595,4
980596,4
980597,4
980598,1
980599,4
980600,4
980601,4
980602,4
980603,4
980604,4
980605,4
980606,4
980607,4
980608,4
980609,4
980610,5
980611,4
980612,4
980613,4
980614,4
980615,5
980616,4
980617,4
980618,4
980619,4
980620,4
980621,4
980622,4
980623,1
980624,4
980625,4
980626,5
980627,4
980628,4
980629,4
980630,3
980631,4
980632,5
980633,4
980634,4
980635,4
980636,4
980637,4
980638,4
980639,3
980640,1
980641,4
980642,4
980643,4
980644,1
980645,5
980646,4
980647,4
980648,1
980649,4
980650,4
980651,4
980652,4
980653,4
980654,4
980655,4
980656,3
980657,4
980658,4
980659,4
980660,4
980661,4
980662,4
980663,4
980664,4
980665,4
980666,4
980667,4
980668,4
980669,4
980670,4
980671,1
980672,4
980673,4
980674,4
980675,5
980676,4
980677,1
980678,4
980679,4
980680,4
980681,4
980682,1
980683,4
980684,5
980685,4
980686,4
980687,1
980688,4
980689,4
980690,5
980691,4
980692,4
980693,4
980694,4
980695,4
980696,4
980697,4
980698,4
980699,1
980700,4
980701,4
980702,4
980703,4
980704,4
980705,4
980706,3
980707,4
980708,4
980709,4
980710,5
980711,4
980712,1
980713,4
980714,4
980715,4
980716,4
980717,4
980718,4
980719,4
980720,4
980721,4
980722,4
980723,4
980724,1
980725,4
980726,4
980727,4
980728,4
980729,1
980730,4
980731,4
980732,4
980733,4
980734,4
980735,4
980736,4
980737,5
980738,4
980739,1
980740,4
980741,5
980742,4
980743,1
980744,4
980745,4
980746,1
980747,4
980748,5
980749,4
980750,4
980751,4
980752,4
980753,4
980754,1
980755,4
980756,4
980757,4
980758,4
980759,4
980760,4
980761,4
980762,4
980763,4
980764,4
980765,4
980766,4
980767,4
980768,1
980769,4
980770,1
980771,1
980772,4
980773,4
980774,4
980775,4
980776,4
980777,1
980778,1
980779,4
980780,4
980781,4
980782,1
980783,4
980784,4
980785,4
980786,4
980787,1
980788,4
980789,4
980790,4
980791,4
980792,4
980793,4
980794,4
980795,4
980796,4
980797,4
980798,4
980799,4
980800,4
980801,1
980802,4
980803,4
980804,4
980805,4
980806,4
980807,1
980808,4
980809,4
980810,4
980811,4
980812,4
980813,4
980814,1
980815,4
980816,4
980817,4
980818,4
980819,4
980820,5
980821,4
980822,4
980823,4
980824,5
980825,4
980826,4
980827,1
980828,1
980829,4
980830,4
980831,4
980832,4
980833,4
980834,4
980835,4
980836,4
980837,4
980838,4
980839,4
980840,4
980841,4
980842,4
980843,4
980844,4
980845,4
980846,4
980847,4
980848,1
980849,4
980850,4
980851,4
980852,4
980853,4
980854,4
980855,4
980856,1
980857,4
980858,5
980859,5
980860,4
980861,4
980862,1
980863,5
980864,4
980865,5
980866,4
980867,4
980868,4
980869,4
980870,4
980871,1
980872,4
980873,5
980874,3
980875,4
980876,4
980877,4
980878,4
980879,4
980880,4
980881,4
980882,3
980883,4
980884,4
980885,4
980886,4
980887,4
980888,4
980889,1
980890,4
980891,4
980892,4
980893,4
980894,4
980895,4
980896,4
980897,4
980898,4
980899,4
980900,1
980901,4
980902,4
980903,4
980904,4
980905,4
980906,4
980907,4
980908,4
980909,4
980910,4
980911,1
980912,4
980913,4
980914,1
980915,4
980916,4
980917,4
980918,1
980919,4
980920,1
980921,4
980922,4
980923,4
980924,4
980925,4
980926,4
980927,4
980928,4
980929,4
980930,4
980931,4
980932,4
980933,4
980934,4
980935,4
980936,4
980937,4
980938,4
980939,4
980940,4
980941,4
980942,1
980943,4
980944,4
980945,4
980946,5
980947,1
980948,4
980949,4
980950,4
980951,4
980952,4
980953,4
980954,4
980955,4
980956,4
980957,4
980958,4
980959,4
980960,4
980961,4
980962,4
980963,4
980964,4
980965,1
980966,4
980967,4
980968,4
980969,4
980970,4
980971,4
980972,4
980973,1
980974,4
980975,4
980976,4
980977,4
980978,4
980979,4
980980,4
980981,4
980982,4
980983,4
980984,5
980985,4
980986,4
980987,4
980988,4
980989,4
980990,4
980991,4
980992,4
980993,4
980994,4
980995,4
980996,5
980997,4
980998,4
980999,4
981000,1
981001,4
981002,1
981003,1
981004,4
981005,4
981006,4
981007,1
981008,4
981009,4
981010,1
981011,4
981012,4
981013,4
981014,4
981015,4
981016,4
981017,1
981018,4
981019,4
981020,4
981021,1
981022,4
981023,4
981024,4
981025,4
981026,4
981027,4
981028,4
981029,4
981030,4
981031,1
981032,1
981033,4
981034,4
981035,4
981036,4
981037,4
981038,4
981039,4
981040,4
981041,4
981042,4
981043,4
981044,4
981045,4
981046,4
981047,4
981048,4
981049,4
981050,4
981051,1
981052,4
981053,5
981054,4
981055,4
981056,4
981057,4
981058,4
981059,4
981060,4
981061,4
981062,4
981063,4
981064,4
981065,1
981066,1
981067,4
981068,4
981069,4
981070,5
981071,4
981072,1
981073,4
981074,5
981075,4
981076,4
981077,4
981078,4
981079,4
981080,4
981081,1
981082,4
981083,1
981084,1
981085,4
981086,1
981087,5
981088,5
981089,4
981090,4
981091,4
981092,5
981093,1
981094,4
981095,4
981096,5
981097,5
981098,4
981099,1
981100,4
981101,5
981102,4
981103,4
981104,4
981105,5
981106,4
981107,5
981108,5
981109,4
981110,4
981111,5
981112,5
981113,4
981114,5
981115,4
981116,1
981117,4
981118,4
981119,4
981120,1
981121,4
981122,1
981123,5
981124,4
981125,5
981126,4
981127,1
981128,1
981129,4
981130,4
981131,5
981132,4
981133,5
981134,1
981135,5
981136,4
981137,5
981138,4
981139,4
981140,4
981141,1
981142,4
981143,4
981144,4
981145,4
981146,4
981147,4
981148,4
981149,4
981150,4
981151,4
981152,5
981153,4
981154,4
981155,4
981156,4
981157,1
981158,4
981159,5
981160,4
981161,4
981162,4
981163,4
981164,4
981165,4
981166,4
981167,4
981168,4
981169,4
981170,1
981171,4
981172,4
981173,4
981174,4
981175,4
981176,4
981177,4
981178,4
981179,4
981180,1
981181,4
981182,1
981183,4
981184,4
981185,4
981186,4
981187,4
981188,4
981189,4
981190,4
981191,4
981192,4
981193,4
981194,4
981195,4
981196,4
981197,4
981198,4
981199,4
981200,5
981201,1
981202,5
981203,4
981204,4
981205,5
981206,4
981207,4
981208,4
981209,4
981210,4
981211,5
981212,4
981213,5
981214,4
981215,4
981216,4
981217,4
981218,4
981219,4
981220,5
981221,4
981222,5
981223,4
981224,4
981225,4
981226,5
981227,5
981228,4
981229,4
981230,1
981231,4
981232,4
981233,4
981234,4
981235,4
981236,4
981237,4
981238,4
981239,1
981240,4
981241,4
981242,5
981243,4
981244,4
981245,4
981246,4
981247,4
981248,4
981249,5
981250,4
981251,4
981252,4
981253,4
981254,4
981255,4
981256,4
981257,4
981258,4
981259,4
981260,4
981261,1
981262,4
981263,4
981264,4
981265,4
981266,1
981267,4
981268,4
981269,4
981270,4
981271,4
981272,4
981273,4
981274,1
981275,4
981276,4
981277,4
981278,4
981279,4
981280,4
981281,4
981282,4
981283,4
981284,4
981285,4
981286,4
981287,4
981288,4
981289,4
981290,4
981291,4
981292,5
981293,4
981294,4
981295,4
981296,4
981297,4
981298,5
981299,4
981300,4
981301,4
981302,1
981303,5
981304,1
981305,4
981306,4
981307,5
981308,4
981309,4
981310,4
981311,4
981312,5
981313,4
981314,4
981315,5
981316,1
981317,4
981318,4
981319,4
981320,1
981321,4
981322,4
981323,5
981324,5
981325,4
981326,4
981327,4
981328,5
981329,1
981330,4
981331,5
981332,4
981333,4
981334,4
981335,4
981336,1
981337,4
981338,5
981339,4
981340,4
981341,4
981342,4
981343,4
981344,1
981345,4
981346,4
981347,4
981348,4
981349,4
981350,4
981351,4
981352,4
981353,4
981354,4
981355,4
981356,5
981357,4
981358,5
981359,5
981360,4
981361,4
981362,4
981363,4
981364,4
981365,4
981366,4
981367,4
981368,4
981369,4
981370,1
981371,4
981372,4
981373,5
981374,4
981375,4
981376,4
981377,4
981378,4
981379,4
981380,4
981381,4
981382,4
981383,4
981384,4
981385,4
981386,1
981387,5
981388,4
981389,5
981390,5
981391,4
981392,4
981393,4
981394,5
981395,4
981396,5
981397,4
981398,4
981399,4
981400,4
981401,4
981402,1
981403,4
981404,4
981405,1
981406,4
981407,4
981408,4
981409,4
981410,4
981411,4
981412,4
981413,4
981414,4
981415,1
981416,1
981417,4
981418,4
981419,5
981420,5
981421,4
981422,4
981423,1
981424,4
981425,4
981426,1
981427,4
981428,1
981429,4
981430,1
981431,4
981432,4
981433,4
981434,4
981435,5
981436,4
981437,4
981438,4
981439,4
981440,4
981441,4
981442,4
981443,4
981444,4
981445,4
981446,1
981447,4
981448,4
981449,4
981450,4
981451,4
981452,4
981453,4
981454,4
981455,4
981456,1
981457,4
981458,4
981459,4
981460,4
981461,4
981462,1
981463,4
981464,4
981465,4
981466,4
981467,4
981468,4
981469,4
981470,4
981471,4
981472,4
981473,4
981474,4
981475,4
981476,4
981477,4
981478,4
981479,4
981480,4
981481,4
981482,1
981483,4
981484,4
981485,4
981486,4
981487,4
981488,4
981489,4
981490,4
981491,4
981492,4
981493,4
981494,4
981495,4
981496,4
981497,4
981498,4
981499,4
981500,4
981501,4
981502,4
981503,4
981504,1
981505,4
981506,4
981507,4
981508,1
981509,4
981510,4
981511,5
981512,1
981513,4
981514,4
981515,4
981516,4
981517,4
981518,4
981519,4
981520,1
981521,4
981522,4
981523,4
981524,4
981525,1
981526,4
981527,4
981528,4
981529,4
981530,4
981531,4
981532,4
981533,4
981534,4
981535,4
981536,4
981537,4
981538,4
981539,1
981540,4
981541,4
981542,4
981543,4
981544,4
981545,4
981546,4
981547,4
981548,4
981549,1
981550,4
981551,4
981552,4
981553,4
981554,5
981555,4
981556,4
981557,4
981558,4
981559,4
981560,4
981561,4
981562,1
981563,4
981564,4
981565,5
981566,1
981567,4
981568,4
981569,1
981570,4
981571,4
981572,4
981573,5
981574,1
981575,5
981576,4
981577,4
981578,4
981579,4
981580,4
981581,4
981582,4
981583,4
981584,4
981585,4
981586,4
981587,1
981588,1
981589,4
981590,3
981591,4
981592,1
981593,4
981594,4
981595,4
981596,1
981597,4
981598,4
981599,1
981600,4
981601,1
981602,4
981603,4
981604,4
981605,4
981606,1
981607,4
981608,5
981609,4
981610,4
981611,4
981612,1
981613,4
981614,4
981615,1
981616,4
981617,4
981618,4
981619,4
981620,4
981621,4
981622,1
981623,4
981624,5
981625,5
981626,4
981627,4
981628,4
981629,4
981630,4
981631,4
981632,5
981633,4
981634,4
981635,4
981636,1
981637,4
981638,1
981639,4
981640,4
981641,4
981642,4
981643,4
981644,4
981645,4
981646,4
981647,4
981648,1
981649,4
981650,3
981651,4
981652,4
981653,4
981654,4
981655,4
981656,4
981657,4
981658,4
981659,4
981660,4
981661,4
981662,4
981663,4
981664,4
981665,4
981666,4
981667,4
981668,4
981669,4
981670,4
981671,4
981672,4
981673,4
981674,4
981675,4
981676,4
981677,4
981678,4
981679,4
981680,4
981681,4
981682,4
981683,4
981684,4
981685,4
981686,4
981687,4
981688,4
981689,4
981690,5
981691,4
981692,4
981693,4
981694,4
981695,1
981696,4
981697,5
981698,1
981699,4
981700,4
981701,4
981702,4
981703,1
981704,4
981705,1
981706,1
981707,4
981708,4
981709,4
981710,4
981711,4
981712,1
981713,4
981714,4
981715,4
981716,1
981717,4
981718,4
981719,5
981720,4
981721,4
981722,4
981723,1
981724,4
981725,4
981726,4
981727,4
981728,4
981729,4
981730,4
981731,4
981732,4
981733,4
981734,4
981735,5
981736,5
981737,5
981738,4
981739,4
981740,4
981741,4
981742,4
981743,4
981744,4
981745,4
981746,1
981747,4
981748,4
981749,4
981750,4
981751,4
981752,4
981753,4
981754,4
981755,4
981756,4
981757,1
981758,4
981759,1
981760,4
981761,4
981762,4
981763,4
981764,4
981765,4
981766,4
981767,4
981768,4
981769,1
981770,1
981771,4
981772,4
981773,4
981774,4
981775,4
981776,1
981777,1
981778,4
981779,4
981780,4
981781,1
981782,4
981783,4
981784,1
981785,4
981786,4
981787,5
981788,4
981789,4
981790,4
981791,4
981792,4
981793,4
981794,4
981795,4
981796,4
981797,4
981798,4
981799,1
981800,4
981801,4
981802,1
981803,4
981804,1
981805,4
981806,4
981807,4
981808,4
981809,4
981810,4
981811,4
981812,4
981813,4
981814,4
981815,4
981816,4
981817,4
981818,4
981819,4
981820,4
981821,4
981822,4
981823,4
981824,4
981825,4
981826,4
981827,1
981828,1
981829,4
981830,4
981831,4
981832,4
981833,4
981834,1
981835,4
981836,4
981837,4
981838,4
981839,4
981840,4
981841,4
981842,4
981843,4
981844,4
981845,1
981846,4
981847,4
981848,4
981849,4
981850,1
981851,4
981852,4
981853,1
981854,4
981855,4
981856,4
981857,4
981858,4
981859,4
981860,4
981861,4
981862,4
981863,3
981864,4
981865,1
981866,4
981867,4
981868,4
981869,4
981870,4
981871,4
981872,4
981873,4
981874,4
981875,4
981876,4
981877,1
981878,4
981879,4
981880,4
981881,4
981882,4
981883,1
981884,4
981885,1
981886,4
981887,4
981888,4
981889,4
981890,4
981891,4
981892,4
981893,1
981894,4
981895,4
981896,4
981897,3
981898,4
981899,3
981900,4
981901,4
981902,4
981903,4
981904,4
981905,4
981906,4
981907,4
981908,1
981909,4
981910,4
981911,4
981912,4
981913,4
981914,4
981915,4
981916,4
981917,4
981918,4
981919,4
981920,4
981921,4
981922,4
981923,4
981924,1
981925,4
981926,4
981927,4
981928,1
981929,4
981930,4
981931,4
981932,4
981933,1
981934,3
981935,4
981936,4
981937,4
981938,4
981939,4
981940,4
981941,4
981942,4
981943,4
981944,4
981945,4
981946,4
981947,4
981948,4
981949,4
981950,4
981951,4
981952,4
981953,4
981954,4
981955,4
981956,1
981957,4
981958,4
981959,3
981960,4
981961,4
981962,4
981963,4
981964,4
981965,4
981966,4
981967,4
981968,4
981969,4
981970,4
981971,4
981972,4
981973,4
981974,1
981975,4
981976,4
981977,1
981978,4
981979,4
981980,4
981981,1
981982,4
981983,4
981984,4
981985,4
981986,4
981987,4
981988,4
981989,4
981990,4
981991,1
981992,4
981993,4
981994,4
981995,4
981996,4
981997,4
981998,4
981999,1
982000,4
982001,4
982002,4
982003,4
982004,1
982005,4
982006,4
982007,4
982008,4
982009,4
982010,4
982011,4
982012,4
982013,4
982014,4
982015,4
982016,4
982017,4
982018,4
982019,4
982020,4
982021,4
982022,4
982023,4
982024,4
982025,4
982026,4
982027,4
982028,4
982029,4
982030,1
982031,1
982032,1
982033,4
982034,4
982035,4
982036,4
982037,1
982038,4
982039,4
982040,4
982041,1
982042,4
982043,4
982044,4
982045,1
982046,4
982047,4
982048,4
982049,4
982050,4
982051,4
982052,1
982053,4
982054,4
982055,4
982056,4
982057,4
982058,4
982059,4
982060,4
982061,4
982062,1
982063,4
982064,4
982065,4
982066,1
982067,4
982068,4
982069,4
982070,4
982071,1
982072,4
982073,4
982074,4
982075,4
982076,4
982077,4
982078,4
982079,1
982080,4
982081,4
982082,4
982083,4
982084,4
982085,4
982086,4
982087,4
982088,5
982089,4
982090,4
982091,4
982092,4
982093,4
982094,4
982095,4
982096,4
982097,4
982098,4
982099,4
982100,4
982101,4
982102,1
982103,4
982104,4
982105,4
982106,4
982107,4
982108,4
982109,1
982110,1
982111,4
982112,4
982113,4
982114,4
982115,4
982116,4
982117,4
982118,4
982119,4
982120,4
982121,4
982122,1
982123,4
982124,4
982125,4
982126,4
982127,4
982128,4
982129,4
982130,4
982131,4
982132,4
982133,4
982134,4
982135,1
982136,1
982137,4
982138,1
982139,4
982140,4
982141,1
982142,4
982143,4
982144,4
982145,1
982146,4
982147,1
982148,4
982149,4
982150,4
982151,4
982152,5
982153,4
982154,5
982155,4
982156,4
982157,4
982158,4
982159,3
982160,3
982161,4
982162,4
982163,4
982164,3
982165,4
982166,4
982167,1
982168,4
982169,4
982170,4
982171,4
982172,4
982173,4
982174,4
982175,4
982176,4
982177,4
982178,4
982179,5
982180,1
982181,4
982182,4
982183,4
982184,1
982185,5
982186,4
982187,4
982188,4
982189,4
982190,1
982191,4
982192,4
982193,4
982194,4
982195,4
982196,5
982197,4
982198,4
982199,4
982200,4
982201,4
982202,4
982203,4
982204,5
982205,4
982206,4
982207,4
982208,4
982209,4
982210,4
982211,4
982212,4
982213,4
982214,4
982215,4
982216,4
982217,4
982218,4
982219,5
982220,4
982221,4
982222,4
982223,1
982224,4
982225,4
982226,4
982227,4
982228,1
982229,4
982230,1
982231,1
982232,4
982233,4
982234,4
982235,1
982236,4
982237,4
982238,4
982239,4
982240,5
982241,4
982242,4
982243,4
982244,4
982245,4
982246,4
982247,4
982248,4
982249,4
982250,4
982251,1
982252,4
982253,4
982254,4
982255,4
982256,4
982257,4
982258,4
982259,3
982260,4
982261,4
982262,4
982263,4
982264,4
982265,4
982266,1
982267,4
982268,4
982269,4
982270,4
982271,4
982272,4
982273,4
982274,4
982275,4
982276,1
982277,4
982278,4
982279,1
982280,4
982281,4
982282,4
982283,4
982284,4
982285,4
982286,4
982287,5
982288,4
982289,4
982290,4
982291,4
982292,4
982293,1
982294,4
982295,4
982296,4
982297,1
982298,4
982299,4
982300,4
982301,4
982302,4
982303,4
982304,1
982305,1
982306,4
982307,1
982308,4
982309,4
982310,1
982311,4
982312,4
982313,4
982314,1
982315,1
982316,4
982317,4
982318,4
982319,4
982320,4
982321,4
982322,4
982323,4
982324,4
982325,4
982326,4
982327,4
982328,5
982329,4
982330,5
982331,5
982332,4
982333,4
982334,4
982335,4
982336,4
982337,5
982338,4
982339,4
982340,5
982341,1
982342,4
982343,4
982344,4
982345,4
982346,4
982347,4
982348,4
982349,1
982350,4
982351,4
982352,4
982353,4
982354,4
982355,5
982356,4
982357,4
982358,4
982359,4
982360,1
982361,4
982362,4
982363,4
982364,1
982365,1
982366,4
982367,1
982368,4
982369,4
982370,4
982371,4
982372,4
982373,4
982374,4
982375,5
982376,4
982377,4
982378,4
982379,4
982380,4
982381,4
982382,4
982383,5
982384,1
982385,4
982386,4
982387,4
982388,4
982389,1
982390,4
982391,4
982392,5
982393,1
982394,4
982395,5
982396,5
982397,4
982398,4
982399,4
982400,4
982401,4
982402,4
982403,4
982404,4
982405,4
982406,4
982407,5
982408,4
982409,4
982410,4
982411,4
982412,4
982413,4
982414,4
982415,4
982416,4
982417,4
982418,4
982419,4
982420,4
982421,5
982422,5
982423,4
982424,4
982425,4
982426,4
982427,5
982428,4
982429,4
982430,4
982431,1
982432,1
982433,4
982434,4
982435,4
982436,4
982437,4
982438,4
982439,4
982440,4
982441,4
982442,4
982443,4
982444,4
982445,4
982446,4
982447,4
982448,4
982449,4
982450,4
982451,4
982452,4
982453,4
982454,4
982455,1
982456,1
982457,4
982458,5
982459,4
982460,4
982461,4
982462,4
982463,4
982464,4
982465,4
982466,4
982467,1
982468,4
982469,4
982470,4
982471,4
982472,1
982473,4
982474,5
982475,4
982476,4
982477,4
982478,4
982479,4
982480,4
982481,1
982482,4
982483,4
982484,1
982485,3
982486,4
982487,3
982488,4
982489,4
982490,4
982491,4
982492,4
982493,4
982494,3
982495,4
982496,5
982497,4
982498,4
982499,4
982500,4
982501,4
982502,4
982503,4
982504,1
982505,1
982506,4
982507,4
982508,1
982509,4
982510,4
982511,4
982512,4
982513,4
982514,4
982515,4
982516,4
982517,4
982518,4
982519,4
982520,4
982521,4
982522,4
982523,3
982524,4
982525,4
982526,4
982527,4
982528,4
982529,4
982530,5
982531,4
982532,4
982533,5
982534,4
982535,4
982536,4
982537,4
982538,4
982539,5
982540,4
982541,4
982542,4
982543,4
982544,4
982545,1
982546,4
982547,4
982548,5
982549,4
982550,4
982551,4
982552,4
