964553,4
964554,4
964555,4
964556,1
964557,4
964558,4
964559,4
964560,4
964561,4
964562,4
964563,4
964564,4
964565,4
964566,5
964567,4
964568,4
964569,1
964570,4
964571,4
964572,4
964573,4
964574,4
964575,4
964576,4
964577,4
964578,4
964579,1
964580,5
964581,4
964582,4
964583,4
964584,4
964585,4
964586,4
964587,4
964588,4
964589,4
964590,1
964591,4
964592,4
964593,4
964594,4
964595,4
964596,4
964597,4
964598,4
964599,4
964600,4
964601,4
964602,5
964603,5
964604,5
964605,4
964606,5
964607,5
964608,5
964609,5
964610,4
964611,1
964612,4
964613,4
964614,4
964615,5
964616,4
964617,5
964618,5
964619,5
964620,5
964621,5
964622,4
964623,5
964624,1
964625,5
964626,4
964627,5
964628,4
964629,4
964630,4
964631,1
964632,4
964633,4
964634,4
964635,4
964636,5
964637,4
964638,5
964639,4
964640,4
964641,4
964642,3
964643,4
964644,4
964645,4
964646,4
964647,4
964648,4
964649,4
964650,4
964651,4
964652,4
964653,4
964654,4
964655,4
964656,4
964657,4
964658,4
964659,4
964660,4
964661,4
964662,4
964663,4
964664,4
964665,4
964666,4
964667,4
964668,4
964669,4
964670,4
964671,4
964672,4
964673,4
964674,4
964675,4
964676,4
964677,4
964678,4
964679,4
964680,1
964681,4
964682,4
964683,4
964684,4
964685,4
964686,4
964687,4
964688,4
964689,4
964690,4
964691,4
964692,4
964693,4
964694,4
964695,4
964696,4
964697,1
964698,4
964699,4
964700,1
964701,4
964702,4
964703,4
964704,4
964705,1
964706,4
964707,4
964708,4
964709,4
964710,4
964711,4
964712,4
964713,5
964714,4
964715,4
964716,4
964717,5
964718,5
964719,4
964720,5
964721,4
964722,4
964723,5
964724,4
964725,4
964726,4
964727,5
964728,4
964729,4
964730,4
964731,1
964732,4
964733,4
964734,4
964735,4
964736,4
964737,4
964738,4
964739,4
964740,4
964741,1
964742,4
964743,5
964744,4
964745,4
964746,4
964747,4
964748,1
964749,4
964750,4
964751,4
964752,4
964753,4
964754,4
964755,4
964756,4
964757,4
964758,4
964759,4
964760,5
964761,4
964762,5
964763,4
964764,4
964765,5
964766,4
964767,4
964768,4
964769,4
964770,4
964771,4
964772,4
964773,4
964774,1
964775,4
964776,4
964777,4
964778,5
964779,1
964780,4
964781,4
964782,4
964783,4
964784,4
964785,4
964786,4
964787,4
964788,4
964789,4
964790,4
964791,4
964792,4
964793,4
964794,4
964795,1
964796,4
964797,1
964798,4
964799,4
964800,4
964801,4
964802,1
964803,4
964804,1
964805,4
964806,4
964807,4
964808,5
964809,4
964810,4
964811,4
964812,4
964813,4
964814,4
964815,5
964816,4
964817,4
964818,4
964819,4
964820,4
964821,4
964822,4
964823,4
964824,4
964825,1
964826,4
964827,4
964828,4
964829,4
964830,4
964831,4
964832,4
964833,4
964834,4
964835,4
964836,4
964837,4
964838,4
964839,4
964840,4
964841,4
964842,4
964843,4
964844,4
964845,4
964846,4
964847,4
964848,4
964849,4
964850,4
964851,4
964852,4
964853,4
964854,4
964855,4
964856,4
964857,1
964858,4
964859,4
964860,4
964861,4
964862,4
964863,1
964864,4
964865,4
964866,4
964867,4
964868,4
964869,4
964870,4
964871,4
964872,4
964873,5
964874,4
964875,4
964876,4
964877,4
964878,4
964879,4
964880,4
964881,5
964882,4
964883,4
964884,4
964885,4
964886,4
964887,4
964888,4
964889,4
964890,4
964891,4
964892,4
964893,4
964894,4
964895,4
964896,4
964897,4
964898,4
964899,4
964900,1
964901,5
964902,4
964903,1
964904,4
964905,4
964906,4
964907,5
964908,1
964909,1
964910,5
964911,5
964912,5
964913,5
964914,4
964915,5
964916,4
964917,4
964918,4
964919,1
964920,4
964921,4
964922,5
964923,4
964924,4
964925,4
964926,5
964927,5
964928,4
964929,4
964930,4
964931,4
964932,5
964933,5
964934,4
964935,4
964936,5
964937,4
964938,4
964939,4
964940,4
964941,4
964942,4
964943,4
964944,4
964945,5
964946,4
964947,4
964948,4
964949,4
964950,5
964951,4
964952,4
964953,4
964954,4
964955,1
964956,5
964957,4
964958,4
964959,4
964960,4
964961,4
964962,4
964963,4
964964,4
964965,1
964966,5
964967,4
964968,5
964969,1
964970,5
964971,4
964972,4
964973,5
964974,5
964975,4
964976,4
964977,4
964978,4
964979,1
964980,4
964981,4
964982,4
964983,1
964984,4
964985,1
964986,4
964987,5
964988,4
964989,4
964990,4
964991,4
964992,4
964993,4
964994,4
964995,4
964996,5
964997,4
964998,4
964999,1
965000,5
965001,1
965002,1
965003,4
965004,4
965005,4
965006,4
965007,4
965008,5
965009,5
965010,1
965011,1
965012,4
965013,4
965014,4
965015,5
965016,4
965017,4
965018,4
965019,5
965020,1
965021,5
965022,1
965023,4
965024,4
965025,4
965026,5
965027,4
965028,5
965029,4
965030,5
965031,5
965032,4
965033,1
965034,5
965035,4
965036,4
965037,4
965038,4
965039,5
965040,1
965041,4
965042,4
965043,4
965044,5
965045,4
965046,4
965047,4
965048,4
965049,5
965050,4
965051,4
965052,1
965053,5
965054,4
965055,5
965056,5
965057,5
965058,4
965059,4
965060,5
965061,1
965062,1
965063,4
965064,4
965065,4
965066,4
965067,4
965068,4
965069,4
965070,4
965071,1
965072,4
965073,1
965074,4
965075,4
965076,1
965077,1
965078,4
965079,4
965080,4
965081,4
965082,4
965083,4
965084,5
965085,5
965086,4
965087,5
965088,4
965089,5
965090,4
965091,4
965092,1
965093,4
965094,5
965095,5
965096,5
965097,1
965098,4
965099,4
965100,4
965101,5
965102,1
965103,4
965104,4
965105,4
965106,4
965107,1
965108,5
965109,4
965110,4
965111,4
965112,4
965113,4
965114,4
965115,4
965116,5
965117,4
965118,5
965119,1
965120,4
965121,4
965122,4
965123,4
965124,4
965125,1
965126,5
965127,4
965128,4
965129,4
965130,5
965131,4
965132,4
965133,4
965134,4
965135,4
965136,1
965137,4
965138,4
965139,4
965140,4
965141,4
965142,4
965143,4
965144,4
965145,4
965146,4
965147,1
965148,4
965149,4
965150,4
965151,1
965152,5
965153,5
965154,3
965155,5
965156,4
965157,4
965158,4
965159,5
965160,4
965161,4
965162,5
965163,4
965164,4
965165,5
965166,4
965167,4
965168,5
965169,4
965170,5
965171,4
965172,5
965173,4
965174,5
965175,4
965176,4
965177,4
965178,1
965179,5
965180,4
965181,4
965182,4
965183,4
965184,5
965185,4
965186,4
965187,1
965188,4
965189,4
965190,4
965191,4
965192,4
965193,5
965194,5
965195,5
965196,4
965197,5
965198,4
965199,4
965200,4
965201,4
965202,1
965203,1
965204,4
965205,4
965206,1
965207,1
965208,5
965209,4
965210,4
965211,5
965212,4
965213,4
965214,4
965215,1
965216,4
965217,4
965218,4
965219,4
965220,5
965221,4
965222,5
965223,4
965224,5
965225,4
965226,4
965227,4
965228,4
965229,4
965230,4
965231,4
965232,4
965233,4
965234,4
965235,1
965236,4
965237,4
965238,4
965239,4
965240,4
965241,4
965242,4
965243,4
965244,4
965245,4
965246,1
965247,4
965248,4
965249,4
965250,1
965251,4
965252,4
965253,4
965254,4
965255,4
965256,5
965257,3
965258,4
965259,1
965260,5
965261,4
965262,4
965263,4
965264,4
965265,4
965266,4
965267,4
965268,4
965269,5
965270,4
965271,4
965272,4
965273,4
965274,4
965275,4
965276,4
965277,5
965278,4
965279,5
965280,4
965281,4
965282,4
965283,5
965284,1
965285,4
965286,4
965287,4
965288,4
965289,4
965290,4
965291,1
965292,4
965293,4
965294,1
965295,5
965296,4
965297,4
965298,1
965299,4
965300,4
965301,5
965302,4
965303,4
965304,4
965305,4
965306,1
965307,4
965308,4
965309,4
965310,4
965311,4
965312,4
965313,4
965314,4
965315,4
965316,5
965317,4
965318,4
965319,4
965320,4
965321,4
965322,4
965323,4
965324,5
965325,4
965326,4
965327,4
965328,4
965329,4
965330,5
965331,4
965332,4
965333,4
965334,1
965335,4
965336,1
965337,4
965338,4
965339,4
965340,4
965341,4
965342,5
965343,4
965344,4
965345,5
965346,4
965347,4
965348,1
965349,4
965350,4
965351,4
965352,1
965353,4
965354,4
965355,4
965356,5
965357,5
965358,4
965359,5
965360,4
965361,4
965362,4
965363,4
965364,4
965365,4
965366,4
965367,4
965368,1
965369,5
965370,4
965371,4
965372,1
965373,4
965374,4
965375,4
965376,4
965377,4
965378,4
965379,4
965380,4
965381,5
965382,4
965383,4
965384,4
965385,4
965386,1
965387,4
965388,4
965389,4
965390,4
965391,4
965392,4
965393,4
965394,4
965395,4
965396,4
965397,4
965398,4
965399,1
965400,4
965401,4
965402,4
965403,4
965404,1
965405,4
965406,1
965407,4
965408,4
965409,4
965410,1
965411,5
965412,4
965413,4
965414,4
965415,4
965416,4
965417,1
965418,4
965419,4
965420,1
965421,4
965422,4
965423,4
965424,4
965425,4
965426,5
965427,4
965428,4
965429,4
965430,4
965431,4
965432,4
965433,4
965434,4
965435,1
965436,4
965437,4
965438,4
965439,4
965440,4
965441,4
965442,4
965443,4
965444,4
965445,4
965446,4
965447,4
965448,5
965449,1
965450,4
965451,4
965452,5
965453,4
965454,4
965455,4
965456,4
965457,5
965458,4
965459,1
965460,4
965461,1
965462,4
965463,4
965464,4
965465,5
965466,1
965467,4
965468,4
965469,4
965470,4
965471,4
965472,4
965473,4
965474,1
965475,5
965476,5
965477,5
965478,5
965479,4
965480,4
965481,4
965482,4
965483,4
965484,1
965485,4
965486,1
965487,4
965488,4
965489,4
965490,4
965491,4
965492,4
965493,4
965494,4
965495,4
965496,4
965497,4
965498,4
965499,4
965500,4
965501,4
965502,4
965503,4
965504,4
965505,4
965506,4
965507,4
965508,4
965509,4
965510,4
965511,5
965512,4
965513,4
965514,1
965515,4
965516,4
965517,1
965518,4
965519,4
965520,4
965521,1
965522,1
965523,4
965524,4
965525,1
965526,4
965527,4
965528,5
965529,5
965530,4
965531,4
965532,4
965533,1
965534,3
965535,1
965536,4
965537,4
965538,4
965539,4
965540,4
965541,4
965542,4
965543,4
965544,4
965545,4
965546,4
965547,4
965548,1
965549,5
965550,4
965551,4
965552,4
965553,4
965554,1
965555,4
965556,4
965557,1
965558,1
965559,4
965560,4
965561,4
965562,4
965563,4
965564,4
965565,4
965566,4
965567,4
965568,4
965569,4
965570,4
965571,4
965572,4
965573,4
965574,5
965575,4
965576,1
965577,4
965578,4
965579,4
965580,4
965581,4
965582,5
965583,4
965584,4
965585,1
965586,4
965587,4
965588,4
965589,4
965590,4
965591,4
965592,4
965593,4
965594,4
965595,1
965596,1
965597,4
965598,3
965599,4
965600,4
965601,3
965602,1
965603,4
965604,1
965605,5
965606,1
965607,4
965608,4
965609,4
965610,1
965611,1
965612,4
965613,4
965614,4
965615,4
965616,4
965617,4
965618,4
965619,5
965620,4
965621,4
965622,1
965623,4
965624,4
965625,4
965626,4
965627,4
965628,1
965629,4
965630,1
965631,1
965632,4
965633,4
965634,4
965635,4
965636,4
965637,4
965638,4
965639,4
965640,1
965641,4
965642,4
965643,4
965644,4
965645,4
965646,3
965647,4
965648,4
965649,4
965650,4
965651,4
965652,4
965653,4
965654,4
965655,4
965656,4
965657,4
965658,5
965659,4
965660,4
965661,4
965662,4
965663,4
965664,4
965665,4
965666,4
965667,4
965668,4
965669,4
965670,4
965671,4
965672,4
965673,4
965674,4
965675,4
965676,5
965677,4
965678,4
965679,5
965680,4
965681,4
965682,1
965683,4
965684,4
965685,1
965686,1
965687,4
965688,4
965689,4
965690,4
965691,4
965692,4
965693,4
965694,1
965695,4
965696,4
965697,4
965698,1
965699,4
965700,1
965701,4
965702,4
965703,4
965704,5
965705,1
965706,4
965707,1
965708,4
965709,4
965710,4
965711,5
965712,4
965713,4
965714,4
965715,4
965716,4
965717,4
965718,4
965719,4
965720,5
965721,4
965722,4
965723,4
965724,1
965725,4
965726,4
965727,4
965728,4
965729,1
965730,4
965731,4
965732,4
965733,4
965734,4
965735,5
965736,4
965737,1
965738,4
965739,4
965740,4
965741,4
965742,4
965743,4
965744,4
965745,4
965746,4
965747,4
965748,1
965749,4
965750,4
965751,5
965752,4
965753,5
965754,4
965755,4
965756,1
965757,4
965758,4
965759,5
965760,4
965761,4
965762,4
965763,4
965764,1
965765,1
965766,4
965767,1
965768,4
965769,4
965770,4
965771,4
965772,4
965773,4
965774,1
965775,4
965776,5
965777,4
965778,4
965779,4
965780,4
965781,5
965782,4
965783,4
965784,4
965785,4
965786,4
965787,4
965788,4
965789,4
965790,4
965791,4
965792,4
965793,4
965794,4
965795,4
965796,4
965797,4
965798,1
965799,5
965800,4
965801,4
965802,1
965803,4
965804,4
965805,1
965806,5
965807,4
965808,4
965809,4
965810,1
965811,5
965812,4
965813,4
965814,4
965815,4
965816,4
965817,4
965818,4
965819,4
965820,4
965821,4
965822,4
965823,4
965824,4
965825,4
965826,4
965827,4
965828,4
965829,4
965830,4
965831,4
965832,4
965833,5
965834,4
965835,1
965836,4
965837,4
965838,1
965839,5
965840,4
965841,4
965842,1
965843,4
965844,4
965845,4
965846,4
965847,4
965848,1
965849,4
965850,4
965851,4
965852,4
965853,4
965854,4
965855,4
965856,4
965857,4
965858,4
965859,4
965860,4
965861,4
965862,4
965863,1
965864,4
965865,4
965866,4
965867,4
965868,4
965869,4
965870,4
965871,4
965872,4
965873,4
965874,4
965875,4
965876,4
965877,4
965878,4
965879,4
965880,4
965881,5
965882,5
965883,4
965884,4
965885,4
965886,1
965887,4
965888,4
965889,4
965890,4
965891,4
965892,5
965893,4
965894,4
965895,5
965896,4
965897,5
965898,4
965899,4
965900,4
965901,4
965902,4
965903,4
965904,4
965905,4
965906,4
965907,4
965908,1
965909,1
965910,4
965911,4
965912,4
965913,4
965914,1
965915,4
965916,4
965917,4
965918,4
965919,4
965920,4
965921,1
965922,4
965923,4
965924,4
965925,4
965926,4
965927,5
965928,4
965929,4
965930,4
965931,1
965932,1
965933,1
965934,4
965935,5
965936,4
965937,4
965938,4
965939,4
965940,4
965941,1
965942,4
965943,1
965944,4
965945,4
965946,4
965947,4
965948,4
965949,4
965950,5
965951,4
965952,4
965953,4
965954,5
965955,4
965956,4
965957,4
965958,4
965959,5
965960,5
965961,4
965962,4
965963,4
965964,4
965965,4
965966,4
965967,1
965968,4
965969,4
965970,4
965971,4
965972,4
965973,4
965974,4
965975,4
965976,4
965977,4
965978,4
965979,4
965980,4
965981,4
965982,4
965983,4
965984,4
965985,4
965986,4
965987,1
965988,5
965989,4
965990,4
965991,4
965992,4
965993,4
965994,5
965995,4
965996,4
965997,4
965998,4
965999,4
966000,1
966001,4
966002,4
966003,4
966004,4
966005,4
966006,4
966007,4
966008,4
966009,4
966010,1
966011,4
966012,4
966013,4
966014,4
966015,4
966016,4
966017,1
966018,4
966019,4
966020,4
966021,4
966022,4
966023,4
966024,4
966025,1
966026,4
966027,1
966028,4
966029,4
966030,4
966031,4
966032,4
966033,1
966034,4
966035,4
966036,4
966037,4
966038,4
966039,4
966040,4
966041,1
966042,4
966043,4
966044,4
966045,1
966046,4
966047,4
966048,4
966049,4
966050,4
966051,4
966052,4
966053,1
966054,4
966055,1
966056,4
966057,4
966058,5
966059,4
966060,5
966061,5
966062,5
966063,3
966064,4
966065,5
966066,3
966067,4
966068,4
966069,4
966070,4
966071,5
966072,4
966073,4
966074,1
966075,4
966076,1
966077,1
966078,4
966079,4
966080,4
966081,5
966082,3
966083,3
966084,4
966085,4
966086,5
966087,3
966088,4
966089,4
966090,4
966091,4
966092,4
966093,3
966094,4
966095,4
966096,4
966097,4
966098,1
966099,3
966100,3
966101,4
966102,3
966103,5
966104,4
966105,3
966106,4
966107,4
966108,4
966109,3
966110,4
966111,4
966112,3
966113,4
966114,4
966115,4
966116,4
966117,4
966118,4
966119,1
966120,4
966121,3
966122,4
966123,4
966124,3
966125,4
966126,1
966127,3
966128,4
966129,1
966130,4
966131,4
966132,4
966133,3
966134,4
966135,4
966136,4
966137,4
966138,4
966139,4
966140,4
966141,4
966142,4
966143,4
966144,4
966145,4
966146,5
966147,4
966148,4
966149,4
966150,4
966151,5
966152,4
966153,1
966154,4
966155,4
966156,1
966157,4
966158,4
966159,1
966160,4
966161,4
966162,5
966163,4
966164,5
966165,5
966166,4
966167,4
966168,4
966169,4
966170,4
966171,5
966172,5
966173,4
966174,5
966175,4
966176,4
966177,4
966178,4
966179,4
966180,4
966181,4
966182,4
966183,1
966184,4
966185,4
966186,4
966187,4
966188,4
966189,1
966190,4
966191,4
966192,4
966193,1
966194,3
966195,4
966196,4
966197,4
966198,4
966199,4
966200,4
966201,4
966202,4
966203,4
966204,4
966205,4
966206,4
966207,4
966208,1
966209,1
966210,1
966211,4
966212,1
966213,4
966214,4
966215,4
966216,4
966217,4
966218,4
966219,4
966220,5
966221,4
966222,4
966223,4
966224,4
966225,4
966226,4
966227,4
966228,4
966229,4
966230,4
966231,4
966232,1
966233,4
966234,4
966235,4
966236,4
966237,4
966238,4
966239,4
966240,4
966241,4
966242,4
966243,4
966244,4
966245,4
966246,4
966247,4
966248,4
966249,4
966250,4
966251,4
966252,4
966253,4
966254,4
966255,4
966256,4
966257,4
966258,1
966259,4
966260,4
966261,4
966262,4
966263,4
966264,4
966265,4
966266,4
966267,4
966268,1
966269,4
966270,1
966271,5
966272,1
966273,4
966274,4
966275,4
966276,4
966277,1
966278,4
966279,4
966280,4
966281,4
966282,4
966283,4
966284,4
966285,4
966286,4
966287,1
966288,4
966289,4
966290,4
966291,4
966292,1
966293,1
966294,4
966295,4
966296,4
966297,4
966298,4
966299,4
966300,4
966301,4
966302,4
966303,4
966304,4
966305,4
966306,1
966307,1
966308,1
966309,4
966310,4
966311,5
966312,4
966313,3
966314,4
966315,4
966316,1
966317,4
966318,4
966319,5
966320,5
966321,4
966322,1
966323,4
966324,4
966325,4
966326,4
966327,5
966328,5
966329,4
966330,4
966331,4
966332,4
966333,4
966334,1
966335,4
966336,4
966337,5
966338,4
966339,4
966340,4
966341,4
966342,4
966343,4
966344,4
966345,3
966346,4
966347,4
966348,4
966349,1
966350,4
966351,4
966352,3
966353,4
966354,1
966355,4
966356,5
966357,4
966358,4
966359,4
966360,4
966361,5
966362,4
966363,4
966364,1
966365,1
966366,4
966367,4
966368,4
966369,5
966370,4
966371,4
966372,1
966373,4
966374,4
966375,1
966376,4
966377,3
966378,1
966379,4
966380,1
966381,4
966382,4
966383,4
966384,4
966385,4
966386,4
966387,4
966388,1
966389,1
966390,4
966391,3
966392,4
966393,3
966394,4
966395,4
966396,4
966397,4
966398,4
966399,4
966400,5
966401,4
966402,4
966403,4
966404,4
966405,4
966406,4
966407,4
966408,1
966409,4
966410,4
966411,4
966412,4
966413,4
966414,1
966415,5
966416,1
966417,4
966418,4
966419,4
966420,4
966421,4
966422,4
966423,4
966424,4
966425,4
966426,4
966427,4
966428,4
966429,4
966430,5
966431,5
966432,4
966433,4
966434,4
966435,4
966436,1
966437,5
966438,4
966439,1
966440,5
966441,1
966442,4
966443,1
966444,4
966445,1
966446,4
966447,4
966448,1
966449,4
966450,4
966451,4
966452,4
966453,4
966454,4
966455,4
966456,4
966457,4
966458,4
966459,4
966460,4
966461,4
966462,4
966463,4
966464,4
966465,4
966466,4
966467,4
966468,4
966469,4
966470,4
966471,4
966472,1
966473,4
966474,1
966475,4
966476,4
966477,1
966478,4
966479,4
966480,4
966481,1
966482,4
966483,4
966484,4
966485,4
966486,1
966487,4
966488,4
966489,4
966490,4
966491,5
966492,4
966493,4
966494,4
966495,4
966496,4
966497,4
966498,4
966499,4
966500,4
966501,4
966502,4
966503,1
966504,4
966505,1
966506,4
966507,4
966508,1
966509,4
966510,4
966511,1
966512,4
966513,4
966514,4
966515,4
966516,4
966517,4
966518,4
966519,4
966520,5
966521,4
966522,4
966523,4
966524,4
966525,4
966526,4
966527,4
966528,4
966529,4
966530,4
966531,4
966532,4
966533,4
966534,4
966535,4
966536,5
966537,1
966538,1
966539,1
966540,4
966541,4
966542,4
966543,4
966544,4
966545,4
966546,4
966547,1
966548,4
966549,5
966550,4
966551,4
966552,4
966553,4
966554,4
966555,4
966556,4
966557,1
966558,4
966559,4
966560,4
966561,4
966562,4
966563,5
966564,4
966565,4
966566,4
966567,1
966568,1
966569,5
966570,5
966571,5
966572,4
966573,4
966574,4
966575,4
966576,4
966577,4
966578,4
966579,4
966580,4
966581,4
966582,4
966583,5
966584,4
966585,4
966586,4
966587,4
966588,4
966589,1
966590,4
966591,4
966592,5
966593,4
966594,4
966595,4
966596,4
966597,5
966598,4
966599,4
966600,4
966601,1
966602,4
966603,5
966604,4
966605,4
966606,4
966607,4
966608,4
966609,4
966610,4
966611,4
966612,4
966613,4
966614,4
966615,4
966616,4
966617,4
966618,1
966619,4
966620,4
966621,4
966622,4
966623,4
966624,4
966625,4
966626,4
966627,4
966628,4
966629,4
966630,4
966631,5
966632,4
966633,4
966634,4
966635,1
966636,5
966637,1
966638,4
966639,4
966640,4
966641,4
966642,4
966643,1
966644,4
966645,4
966646,1
966647,4
966648,4
966649,4
966650,4
966651,4
966652,4
966653,4
966654,4
966655,1
966656,1
966657,4
966658,4
966659,1
966660,4
966661,1
966662,1
966663,4
966664,4
966665,4
966666,4
966667,4
966668,4
966669,4
966670,4
966671,4
966672,5
966673,4
966674,4
966675,4
966676,4
966677,4
966678,1
966679,4
966680,4
966681,4
966682,4
966683,4
966684,4
966685,4
966686,4
966687,4
966688,4
966689,1
966690,4
966691,1
966692,4
966693,4
966694,4
966695,4
966696,4
966697,5
966698,1
966699,4
966700,4
966701,4
966702,4
966703,4
966704,4
966705,4
966706,5
966707,1
966708,4
966709,4
966710,4
966711,4
966712,4
966713,1
966714,1
966715,4
966716,4
966717,4
966718,4
966719,4
966720,4
966721,4
966722,4
966723,4
966724,4
966725,1
966726,4
966727,1
966728,4
966729,4
966730,4
966731,4
966732,4
966733,4
966734,4
966735,1
966736,4
966737,4
966738,4
966739,4
966740,4
966741,4
966742,4
966743,4
966744,4
966745,4
966746,4
966747,4
966748,1
966749,4
966750,4
966751,4
966752,1
966753,4
966754,4
966755,4
966756,4
966757,4
966758,4
966759,4
966760,4
966761,1
966762,4
966763,4
966764,4
966765,4
966766,4
966767,1
966768,4
966769,4
966770,4
966771,4
966772,5
966773,4
966774,4
966775,4
966776,4
966777,4
966778,1
966779,4
966780,4
966781,4
966782,4
966783,4
966784,4
966785,4
966786,4
966787,4
966788,4
966789,4
966790,5
966791,4
966792,4
966793,1
966794,4
966795,4
966796,4
966797,1
966798,4
966799,4
966800,4
966801,4
966802,1
966803,4
966804,4
966805,4
966806,4
966807,1
966808,4
966809,4
966810,4
966811,4
966812,4
966813,4
966814,4
966815,4
966816,4
966817,4
966818,4
966819,4
966820,4
966821,4
966822,4
966823,4
966824,4
966825,4
966826,1
966827,4
966828,4
966829,1
966830,1
966831,1
966832,4
966833,4
966834,4
966835,4
966836,4
966837,4
966838,4
966839,4
966840,4
966841,4
966842,4
966843,4
966844,4
966845,1
966846,4
966847,4
966848,4
966849,4
966850,4
966851,4
966852,5
966853,4
966854,1
966855,5
966856,5
966857,4
966858,4
966859,4
966860,4
966861,4
966862,4
966863,5
966864,4
966865,4
966866,4
966867,4
966868,1
966869,4
966870,4
966871,4
966872,4
966873,4
966874,4
966875,1
966876,4
966877,4
966878,3
966879,4
966880,1
966881,4
966882,4
966883,5
966884,4
966885,4
966886,4
966887,4
966888,4
966889,4
966890,4
966891,4
966892,4
966893,4
966894,4
966895,4
966896,4
966897,1
966898,4
966899,4
966900,4
966901,4
966902,4
966903,4
966904,4
966905,4
966906,4
966907,4
966908,4
966909,4
966910,4
966911,4
966912,1
966913,4
966914,4
966915,4
966916,4
966917,4
966918,4
966919,4
966920,4
966921,4
966922,4
966923,1
966924,4
966925,5
966926,1
966927,4
966928,4
966929,4
966930,5
966931,4
966932,4
966933,4
966934,4
966935,4
966936,4
966937,4
966938,4
966939,1
966940,4
966941,4
966942,1
966943,1
966944,4
966945,4
966946,4
966947,4
966948,5
966949,1
966950,4
966951,4
966952,4
966953,4
966954,5
966955,4
966956,5
966957,4
966958,4
966959,4
966960,4
966961,4
966962,4
966963,1
966964,4
966965,4
966966,4
966967,5
966968,4
966969,4
966970,5
966971,4
966972,4
966973,4
966974,4
966975,5
966976,4
966977,4
966978,4
966979,4
966980,1
966981,1
966982,4
966983,4
966984,5
966985,5
966986,4
966987,4
966988,4
966989,4
966990,4
966991,1
966992,5
966993,1
966994,1
966995,4
966996,4
966997,4
966998,4
966999,4
967000,4
967001,4
967002,4
967003,4
967004,4
967005,4
967006,4
967007,4
967008,4
967009,4
967010,4
967011,4
967012,4
967013,4
967014,5
967015,4
967016,4
967017,4
967018,1
967019,4
967020,4
967021,4
967022,4
967023,4
967024,4
967025,4
967026,4
967027,1
967028,4
967029,4
967030,4
967031,4
967032,4
967033,4
967034,4
967035,4
967036,4
967037,4
967038,4
967039,4
967040,3
967041,1
967042,4
967043,4
967044,4
967045,4
967046,1
967047,5
967048,4
967049,1
967050,4
967051,4
967052,4
967053,4
967054,4
967055,4
967056,4
967057,4
967058,4
967059,4
967060,1
967061,4
967062,5
967063,4
967064,4
967065,4
967066,4
967067,4
967068,4
967069,5
967070,4
967071,4
967072,5
967073,4
967074,4
967075,4
967076,4
967077,4
967078,4
967079,4
967080,4
967081,4
967082,4
967083,4
967084,4
967085,4
967086,4
967087,4
967088,4
967089,4
967090,4
967091,4
967092,4
967093,4
967094,1
967095,4
967096,4
967097,4
967098,4
967099,4
967100,4
967101,1
967102,4
967103,4
967104,4
967105,4
967106,4
967107,4
967108,4
967109,4
967110,4
967111,4
967112,1
967113,4
967114,4
967115,4
967116,1
967117,4
967118,4
967119,4
967120,4
967121,4
967122,4
967123,4
967124,4
967125,5
967126,4
967127,4
967128,4
967129,4
967130,4
967131,4
967132,4
967133,1
967134,4
967135,4
967136,4
967137,4
967138,5
967139,5
967140,5
967141,5
967142,5
967143,5
967144,5
967145,5
967146,5
967147,4
967148,5
967149,4
967150,4
967151,4
967152,4
967153,4
967154,4
967155,4
967156,4
967157,4
967158,4
967159,4
967160,4
967161,4
967162,4
967163,5
967164,5
967165,4
967166,4
967167,4
967168,4
967169,5
967170,5
967171,5
967172,4
967173,4
967174,1
967175,4
967176,4
967177,4
967178,4
967179,4
967180,4
967181,4
967182,4
967183,4
967184,5
967185,4
967186,4
967187,5
967188,4
967189,4
967190,4
967191,4
967192,4
967193,4
967194,4
967195,5
967196,1
967197,4
967198,4
967199,4
967200,5
967201,5
967202,4
967203,5
967204,4
967205,5
967206,5
967207,4
967208,4
967209,4
967210,4
967211,4
967212,4
967213,4
967214,4
967215,1
967216,4
967217,4
967218,4
967219,4
967220,4
967221,4
967222,4
967223,4
967224,4
967225,4
967226,4
967227,3
967228,1
967229,4
967230,4
967231,5
967232,5
967233,4
967234,4
967235,4
967236,4
967237,4
967238,4
967239,4
967240,4
967241,4
967242,4
967243,4
967244,1
967245,4
967246,4
967247,4
967248,4
967249,4
967250,4
967251,1
967252,4
967253,4
967254,1
967255,4
967256,1
967257,1
967258,4
967259,1
967260,4
967261,4
967262,4
967263,4
967264,4
967265,4
967266,4
967267,4
967268,4
967269,4
967270,1
967271,4
967272,4
967273,4
967274,1
967275,4
967276,4
967277,4
967278,4
967279,4
967280,4
967281,4
967282,4
967283,4
967284,1
967285,4
967286,5
967287,4
967288,4
967289,4
967290,3
967291,4
967292,1
967293,4
967294,4
967295,4
967296,4
967297,4
967298,4
967299,4
967300,4
967301,1
967302,4
967303,5
967304,1
967305,4
967306,4
967307,4
967308,4
967309,5
967310,4
967311,4
967312,4
967313,1
967314,4
967315,4
967316,4
967317,4
967318,4
967319,4
967320,4
967321,5
967322,4
967323,3
967324,4
967325,4
967326,4
967327,5
967328,4
967329,4
967330,4
967331,4
967332,5
967333,1
967334,5
967335,1
967336,4
967337,1
967338,4
967339,4
967340,4
967341,4
967342,4
967343,4
967344,5
967345,4
967346,5
967347,4
967348,4
967349,4
967350,4
967351,1
967352,5
967353,4
967354,5
967355,5
967356,5
967357,4
967358,4
967359,4
967360,4
967361,5
967362,5
967363,4
967364,4
967365,4
967366,4
967367,4
967368,4
967369,4
967370,4
967371,1
967372,4
967373,4
967374,4
967375,4
967376,4
967377,1
967378,4
967379,4
967380,5
967381,4
967382,4
967383,4
967384,4
967385,5
967386,4
967387,4
967388,4
967389,4
967390,4
967391,4
967392,4
967393,4
967394,4
967395,5
967396,4
967397,1
967398,4
967399,4
967400,4
967401,4
967402,4
967403,4
967404,5
967405,5
967406,4
967407,4
967408,4
967409,4
967410,4
967411,4
967412,4
967413,4
967414,1
967415,4
967416,4
967417,4
967418,4
967419,4
967420,4
967421,4
967422,4
967423,5
967424,5
967425,4
967426,4
967427,4
967428,4
967429,4
967430,4
967431,4
967432,4
967433,4
967434,5
967435,4
967436,4
967437,4
967438,1
967439,4
967440,4
967441,5
967442,1
967443,5
967444,4
967445,4
967446,4
967447,4
967448,4
967449,4
967450,4
967451,4
967452,5
967453,4
967454,5
967455,4
967456,4
967457,4
967458,4
967459,4
967460,1
967461,4
967462,4
967463,4
967464,4
967465,4
967466,5
967467,4
967468,4
967469,4
967470,4
967471,4
967472,1
967473,4
967474,5
967475,4
967476,4
967477,4
967478,4
967479,4
967480,5
967481,4
967482,1
967483,4
967484,4
967485,4
967486,4
967487,4
967488,1
967489,4
967490,4
967491,4
967492,4
967493,4
967494,1
967495,4
967496,5
967497,4
967498,1
967499,4
967500,4
967501,4
967502,4
967503,4
967504,4
967505,4
967506,4
967507,4
967508,4
967509,4
967510,4
967511,4
967512,4
967513,1
967514,1
967515,4
967516,4
967517,4
967518,4
967519,4
967520,5
967521,4
967522,4
967523,5
967524,4
967525,4
967526,4
967527,4
967528,4
967529,4
967530,4
967531,5
967532,4
967533,1
967534,5
967535,5
967536,4
967537,4
967538,4
967539,5
967540,4
967541,5
967542,4
967543,4
967544,4
967545,4
967546,4
967547,5
967548,4
967549,4
967550,4
967551,5
967552,5
967553,4
967554,4
967555,4
967556,4
967557,4
967558,4
967559,5
967560,4
967561,4
967562,4
967563,4
967564,4
967565,4
967566,5
967567,5
967568,4
967569,4
967570,5
967571,5
967572,4
967573,4
967574,5
967575,4
967576,4
967577,4
967578,4
967579,4
967580,4
967581,5
967582,4
967583,5
967584,4
967585,4
967586,4
967587,5
967588,4
967589,4
967590,4
967591,1
967592,1
967593,4
967594,4
967595,4
967596,4
967597,4
967598,4
967599,1
967600,5
967601,4
967602,4
967603,4
967604,4
967605,4
967606,1
967607,4
967608,4
967609,4
967610,1
967611,4
967612,4
967613,4
967614,4
967615,4
967616,4
967617,4
967618,4
967619,4
967620,4
967621,1
967622,4
967623,4
967624,5
967625,4
967626,5
967627,4
967628,4
967629,4
967630,5
967631,4
967632,4
967633,4
967634,5
967635,5
967636,4
967637,4
967638,4
967639,4
967640,4
967641,1
967642,4
967643,4
967644,4
967645,4
967646,4
967647,5
967648,5
967649,5
967650,5
967651,4
967652,4
967653,4
967654,4
967655,4
967656,4
967657,1
967658,5
967659,4
967660,5
967661,4
967662,4
967663,4
967664,4
967665,1
967666,5
967667,4
967668,4
967669,4
967670,4
967671,4
967672,4
967673,1
967674,4
967675,4
967676,1
967677,4
967678,4
967679,5
967680,4
967681,1
967682,4
967683,3
967684,4
967685,4
967686,1
967687,5
967688,4
967689,4
967690,5
967691,4
967692,4
967693,4
967694,4
967695,4
967696,5
967697,4
967698,4
967699,4
967700,4
967701,4
967702,4
967703,4
967704,5
967705,4
967706,4
967707,4
967708,5
967709,5
967710,5
967711,5
967712,4
967713,4
967714,4
967715,4
967716,4
967717,4
967718,4
967719,5
967720,5
967721,4
967722,5
967723,4
967724,4
967725,4
967726,4
967727,4
967728,4
967729,5
967730,4
967731,4
967732,4
967733,4
967734,4
967735,4
967736,5
967737,5
967738,4
967739,4
967740,4
967741,4
967742,5
967743,4
967744,4
967745,4
967746,5
967747,4
967748,4
967749,4
967750,4
967751,4
967752,4
967753,5
967754,4
967755,4
967756,4
967757,4
967758,4
967759,4
967760,4
967761,4
967762,1
967763,4
967764,4
967765,1
967766,5
967767,4
967768,4
967769,4
967770,4
967771,4
967772,4
967773,4
967774,4
967775,4
967776,4
967777,5
967778,4
967779,4
967780,4
967781,1
967782,4
967783,4
967784,4
967785,4
967786,4
967787,4
967788,4
967789,4
967790,4
967791,5
967792,4
967793,4
967794,4
967795,4
967796,1
967797,3
967798,5
967799,4
967800,4
967801,4
967802,4
967803,4
967804,4
967805,4
967806,4
967807,1
967808,5
967809,4
967810,4
967811,4
967812,4
967813,4
967814,4
967815,4
967816,4
967817,4
967818,4
967819,4
967820,1
967821,4
967822,4
967823,4
967824,4
967825,4
967826,4
967827,4
967828,4
967829,4
967830,1
967831,4
967832,4
967833,1
967834,4
967835,4
967836,4
967837,4
967838,4
967839,4
967840,4
967841,4
967842,4
967843,1
967844,4
967845,1
967846,4
967847,4
967848,3
967849,4
967850,4
967851,4
967852,5
967853,4
967854,4
967855,4
967856,4
967857,4
967858,4
967859,4
967860,4
967861,4
967862,4
967863,4
967864,4
967865,4
967866,5
967867,4
967868,4
967869,4
967870,4
967871,1
967872,1
967873,4
967874,4
967875,1
967876,4
967877,5
967878,4
967879,1
967880,4
967881,4
967882,1
967883,4
967884,1
967885,4
967886,1
967887,4
967888,4
967889,4
967890,1
967891,1
967892,4
967893,4
967894,4
967895,4
967896,4
967897,5
967898,4
967899,4
967900,1
967901,4
967902,4
967903,4
967904,4
967905,4
967906,4
967907,5
967908,1
967909,4
967910,4
967911,4
967912,4
967913,5
967914,1
967915,4
967916,4
967917,4
967918,4
967919,4
967920,4
967921,4
967922,4
967923,4
967924,4
967925,4
967926,4
967927,4
967928,4
967929,4
967930,4
967931,4
967932,1
967933,4
967934,4
967935,4
967936,4
967937,4
967938,3
967939,4
967940,4
967941,4
967942,4
967943,4
967944,4
967945,4
967946,4
967947,4
967948,4
967949,4
967950,4
967951,1
967952,4
967953,4
967954,4
967955,4
967956,4
967957,4
967958,4
967959,4
967960,1
967961,4
967962,4
967963,4
967964,4
967965,4
967966,4
967967,4
967968,4
967969,4
967970,4
967971,4
967972,4
967973,4
967974,4
967975,4
967976,4
967977,4
967978,1
967979,4
967980,4
967981,4
967982,4
967983,1
967984,4
967985,4
967986,1
967987,4
967988,4
967989,4
967990,4
967991,5
967992,4
967993,1
967994,4
967995,5
967996,4
967997,4
967998,5
967999,1
968000,5
968001,4
968002,4
968003,4
968004,4
968005,4
968006,1
968007,4
968008,5
968009,4
968010,4
968011,4
968012,4
968013,1
968014,4
968015,1
968016,1
968017,4
968018,4
968019,4
968020,1
968021,4
968022,4
968023,5
968024,4
968025,5
968026,4
968027,4
968028,1
968029,4
968030,4
968031,4
968032,4
968033,4
968034,4
968035,4
968036,4
968037,4
968038,4
968039,4
968040,1
968041,4
968042,4
968043,1
968044,4
968045,1
968046,4
968047,4
968048,1
968049,4
968050,4
968051,1
968052,4
968053,4
968054,4
968055,4
968056,4
968057,4
968058,4
968059,4
968060,4
968061,4
968062,4
968063,4
968064,4
968065,4
968066,4
968067,4
968068,4
968069,4
968070,1
968071,4
968072,1
968073,4
968074,4
968075,4
968076,1
968077,4
968078,4
968079,4
968080,4
968081,4
968082,4
968083,4
968084,4
968085,5
968086,4
968087,4
968088,4
968089,4
968090,4
968091,4
968092,1
968093,4
968094,4
968095,4
968096,4
968097,4
968098,1
968099,4
968100,4
968101,1
968102,1
968103,4
968104,4
968105,4
968106,4
968107,4
968108,5
968109,4
968110,4
968111,4
968112,4
968113,4
968114,4
968115,4
968116,4
968117,4
968118,4
968119,4
968120,1
968121,4
968122,4
968123,4
968124,4
968125,1
968126,4
968127,4
968128,4
968129,4
968130,4
968131,5
968132,1
968133,1
968134,4
968135,4
968136,4
968137,3
968138,4
968139,4
968140,4
968141,4
968142,4
968143,5
968144,4
968145,4
968146,4
968147,4
968148,4
968149,4
968150,4
968151,4
968152,5
968153,4
968154,4
968155,1
968156,4
968157,4
968158,1
968159,4
968160,4
968161,5
968162,4
968163,4
968164,4
968165,1
968166,4
968167,4
968168,4
968169,4
968170,4
968171,4
968172,4
968173,4
968174,4
968175,4
968176,4
968177,4
968178,4
968179,4
968180,4
968181,4
968182,4
968183,4
968184,4
968185,4
968186,4
968187,1
968188,4
968189,4
968190,4
968191,4
968192,1
968193,4
968194,4
968195,4
968196,4
968197,4
968198,4
968199,4
968200,4
968201,5
968202,4
968203,4
968204,4
968205,4
968206,4
968207,4
968208,1
968209,4
968210,4
968211,5
968212,4
968213,4
968214,4
968215,4
968216,4
968217,1
968218,4
968219,4
968220,4
968221,1
968222,4
968223,4
968224,4
968225,4
968226,4
968227,3
968228,4
968229,5
968230,4
968231,4
968232,4
968233,1
968234,5
968235,4
968236,4
968237,4
968238,4
968239,4
968240,4
968241,4
968242,4
968243,4
968244,4
968245,5
968246,4
968247,4
968248,4
968249,4
968250,4
968251,4
968252,4
968253,4
968254,4
968255,4
968256,4
968257,4
968258,4
968259,4
968260,4
968261,4
968262,4
968263,4
968264,4
968265,4
968266,4
968267,4
968268,4
968269,4
968270,4
968271,5
968272,4
968273,4
968274,4
968275,4
968276,4
968277,4
968278,4
968279,4
968280,4
968281,4
968282,4
968283,4
968284,4
968285,4
968286,4
968287,4
968288,4
968289,4
968290,4
968291,4
968292,4
968293,4
968294,4
968295,4
968296,4
968297,4
968298,4
968299,1
968300,4
968301,4
968302,4
968303,4
968304,4
968305,4
968306,4
968307,4
968308,4
968309,4
968310,5
968311,4
968312,4
968313,4
968314,4
968315,4
968316,4
968317,4
968318,4
968319,4
968320,4
968321,4
968322,4
968323,4
968324,4
968325,4
968326,4
968327,1
968328,4
968329,4
968330,4
968331,5
968332,4
968333,4
968334,4
968335,4
968336,4
968337,1
968338,4
968339,4
968340,4
968341,4
968342,1
968343,4
968344,1
968345,1
968346,4
968347,4
968348,4
968349,5
968350,1
968351,5
968352,1
968353,4
968354,4
968355,4
968356,4
968357,4
968358,4
968359,1
968360,4
968361,4
968362,4
968363,4
968364,4
968365,4
968366,4
968367,5
968368,4
968369,4
968370,1
968371,4
968372,4
968373,4
968374,4
968375,1
968376,4
968377,4
968378,4
968379,4
968380,4
968381,4
968382,1
968383,4
968384,5
968385,5
968386,4
968387,4
968388,4
968389,4
968390,4
968391,4
968392,4
968393,5
968394,4
968395,4
968396,4
968397,4
968398,4
968399,4
968400,4
968401,4
968402,4
968403,1
968404,4
968405,4
968406,4
968407,4
968408,4
968409,4
968410,4
968411,1
968412,4
968413,4
968414,4
968415,4
968416,4
968417,4
968418,4
968419,4
968420,4
968421,4
968422,4
968423,4
968424,1
968425,4
968426,4
968427,4
968428,4
968429,4
968430,4
968431,4
968432,4
968433,4
968434,4
968435,4
968436,1
968437,1
968438,4
968439,4
968440,5
968441,4
968442,4
968443,4
968444,1
968445,4
968446,4
968447,4
968448,4
968449,4
968450,1
968451,4
968452,5
968453,4
968454,1
968455,4
968456,1
968457,5
968458,4
968459,4
968460,4
968461,4
968462,4
968463,4
968464,4
968465,4
968466,4
968467,1
968468,5
968469,4
968470,4
968471,4
968472,5
968473,4
968474,4
968475,4
968476,4
968477,1
968478,4
968479,4
968480,4
968481,4
968482,4
968483,4
968484,4
968485,4
968486,4
968487,4
968488,4
968489,1
968490,4
968491,4
968492,4
968493,1
968494,4
968495,4
968496,4
968497,4
968498,4
968499,4
968500,3
968501,4
968502,5
968503,4
968504,4
968505,4
968506,4
968507,4
968508,1
968509,4
968510,1
968511,4
968512,4
968513,4
968514,4
968515,4
968516,4
968517,4
968518,4
968519,1
968520,4
968521,4
968522,4
968523,5
968524,4
968525,4
968526,4
968527,4
968528,4
968529,4
968530,4
968531,4
968532,1
968533,4
968534,1
968535,4
968536,1
968537,5
968538,4
968539,5
968540,1
968541,4
968542,4
968543,4
968544,4
968545,4
968546,4
968547,4
968548,4
968549,4
968550,4
968551,4
968552,1
968553,4
968554,4
968555,4
968556,4
968557,1
968558,4
968559,4
968560,4
968561,4
968562,4
968563,4
968564,4
968565,4
968566,4
968567,1
968568,4
968569,4
968570,1
968571,4
968572,1
968573,4
968574,1
968575,4
968576,4
968577,4
968578,1
968579,4
968580,4
968581,1
968582,1
968583,4
968584,1
968585,4
968586,4
968587,4
968588,4
968589,4
968590,4
968591,4
968592,1
968593,4
968594,4
968595,4
968596,1
968597,4
968598,4
968599,1
968600,4
968601,1
968602,4
968603,4
968604,4
968605,4
968606,4
968607,4
968608,4
968609,1
968610,4
968611,4
968612,4
968613,4
968614,4
968615,5
968616,4
968617,4
968618,4
968619,4
968620,1
968621,1
968622,4
968623,4
968624,5
968625,4
968626,4
968627,4
968628,4
968629,4
968630,1
968631,1
968632,4
968633,4
968634,4
968635,4
968636,4
968637,4
968638,4
968639,4
968640,4
968641,1
968642,4
968643,4
968644,4
968645,1
968646,5
968647,4
968648,4
968649,4
968650,4
968651,4
968652,4
968653,5
968654,4
968655,4
968656,4
968657,4
968658,4
968659,4
968660,4
968661,4
968662,4
968663,4
968664,4
968665,4
968666,4
968667,4
968668,4
968669,5
968670,4
968671,4
968672,4
968673,4
968674,4
968675,4
968676,4
968677,4
968678,4
968679,4
968680,4
968681,4
968682,4
968683,1
968684,4
968685,4
968686,4
968687,4
968688,4
968689,4
968690,4
968691,4
968692,4
968693,4
968694,1
968695,4
968696,4
968697,4
968698,4
968699,4
968700,1
968701,4
968702,4
968703,4
968704,4
968705,4
968706,4
968707,4
968708,4
968709,4
968710,4
968711,4
968712,1
968713,1
968714,1
968715,4
968716,4
968717,4
968718,1
968719,1
968720,4
968721,4
968722,4
968723,4
968724,4
968725,4
968726,4
968727,4
968728,4
968729,4
968730,4
968731,4
968732,4
968733,4
968734,4
968735,4
968736,4
968737,4
968738,4
968739,1
968740,4
968741,5
968742,4
968743,5
968744,4
968745,4
968746,5
968747,4
968748,4
968749,4
968750,4
968751,1
968752,4
968753,1
968754,4
968755,4
968756,4
968757,4
968758,5
968759,4
968760,4
968761,4
968762,4
968763,4
968764,4
968765,4
968766,4
968767,4
968768,4
968769,4
968770,4
968771,4
968772,4
968773,4
968774,4
968775,5
968776,4
968777,4
968778,4
968779,4
968780,1
968781,4
968782,1
968783,4
968784,5
968785,3
968786,4
968787,3
968788,4
968789,4
968790,4
968791,4
968792,4
968793,4
968794,4
968795,4
968796,4
968797,4
968798,4
968799,4
968800,4
968801,4
968802,4
968803,4
968804,4
968805,5
968806,5
968807,3
968808,4
968809,3
968810,4
968811,4
968812,4
968813,4
968814,5
968815,4
968816,4
968817,4
968818,4
968819,4
968820,4
968821,4
968822,4
968823,4
968824,4
968825,5
968826,4
968827,4
968828,4
968829,1
968830,4
968831,5
968832,4
968833,4
968834,4
968835,4
968836,4
968837,4
968838,4
968839,4
968840,4
968841,4
968842,5
968843,4
968844,4
968845,5
968846,4
968847,1
968848,4
968849,4
968850,4
968851,1
968852,4
968853,4
968854,4
968855,4
968856,4
968857,5
968858,4
968859,5
968860,4
968861,4
968862,1
968863,5
968864,4
968865,1
968866,4
968867,1
968868,5
968869,4
968870,5
968871,1
968872,5
968873,5
968874,4
968875,4
968876,4
968877,4
968878,1
968879,4
968880,4
968881,4
968882,5
968883,1
968884,1
968885,4
968886,4
968887,5
968888,5
968889,4
968890,4
968891,4
968892,4
968893,4
968894,4
968895,4
968896,5
968897,4
968898,4
968899,1
968900,4
968901,4
968902,4
968903,5
968904,4
968905,4
968906,4
968907,5
968908,4
968909,4
968910,5
968911,4
968912,4
968913,4
968914,4
968915,1
968916,4
968917,4
968918,4
968919,4
968920,4
968921,4
968922,5
968923,4
968924,4
968925,1
968926,4
968927,1
968928,1
968929,4
968930,4
968931,4
968932,4
968933,4
968934,1
968935,4
968936,4
968937,4
968938,1
968939,4
968940,4
968941,4
968942,4
968943,4
968944,4
968945,4
968946,5
968947,5
968948,5
968949,1
968950,4
968951,4
968952,1
968953,4
968954,4
968955,4
968956,4
968957,1
968958,5
968959,4
968960,4
968961,4
968962,4
968963,4
968964,4
968965,1
968966,4
968967,4
968968,4
968969,4
968970,4
968971,4
968972,1
968973,1
968974,4
968975,4
968976,4
968977,1
968978,4
968979,4
968980,4
968981,4
968982,4
968983,4
968984,4
968985,4
968986,4
968987,4
968988,4
968989,4
968990,4
968991,4
968992,4
968993,4
968994,4
968995,4
968996,1
968997,3
968998,3
968999,3
969000,4
969001,3
969002,3
969003,1
969004,4
969005,3
969006,4
969007,3
969008,4
969009,3
969010,5
969011,3
969012,1
969013,4
969014,3
969015,3
969016,1
969017,5
969018,5
969019,3
969020,3
969021,3
969022,3
969023,5
969024,3
969025,4
969026,3
969027,4
969028,3
969029,3
969030,4
969031,1
969032,4
969033,3
969034,3
969035,1
969036,4
969037,5
969038,5
969039,4
969040,4
969041,5
969042,5
969043,5
969044,4
969045,4
969046,5
969047,5
969048,5
969049,5
969050,4
969051,5
969052,5
969053,5
969054,4
969055,5
969056,4
969057,4
969058,5
969059,4
969060,4
969061,4
969062,1
969063,5
969064,4
969065,4
969066,4
969067,4
969068,4
969069,1
969070,4
969071,4
969072,4
969073,4
969074,4
969075,4
969076,4
969077,4
969078,5
969079,1
969080,4
969081,4
969082,5
969083,4
969084,4
969085,4
969086,4
969087,4
969088,4
969089,4
969090,5
969091,4
969092,4
969093,4
969094,4
969095,4
969096,1
969097,4
969098,4
969099,4
969100,4
969101,4
969102,4
969103,5
969104,4
969105,4
969106,1
969107,1
969108,4
969109,1
969110,4
969111,4
969112,4
969113,4
969114,4
969115,1
969116,4
969117,4
969118,1
969119,4
969120,4
969121,4
969122,4
969123,4
969124,4
969125,5
969126,4
969127,5
969128,4
969129,4
969130,4
969131,4
969132,4
969133,4
969134,5
969135,4
969136,4
969137,5
969138,4
969139,4
969140,4
969141,5
969142,5
969143,5
969144,5
969145,4
969146,5
969147,1
969148,1
969149,4
969150,4
969151,1
969152,4
969153,4
969154,4
969155,4
969156,4
969157,1
969158,4
969159,5
969160,5
969161,4
969162,4
969163,5
969164,4
969165,1
969166,4
969167,4
969168,4
969169,4
969170,4
969171,4
969172,4
969173,4
969174,4
969175,4
969176,4
969177,4
969178,4
969179,1
969180,1
969181,4
969182,4
969183,4
969184,4
969185,4
969186,1
969187,4
969188,4
969189,4
969190,4
969191,4
969192,4
969193,1
969194,4
969195,4
969196,4
969197,4
969198,4
969199,1
969200,1
969201,5
969202,4
969203,4
969204,4
969205,1
969206,4
969207,1
969208,4
969209,4
969210,4
969211,4
969212,4
969213,1
969214,4
969215,4
969216,4
969217,4
969218,4
969219,4
969220,4
969221,4
969222,5
969223,4
969224,4
969225,4
969226,4
969227,4
969228,4
969229,1
969230,4
969231,4
969232,5
969233,4
969234,4
969235,4
969236,4
969237,4
969238,4
969239,4
969240,4
969241,4
969242,4
969243,4
969244,4
969245,4
969246,4
969247,4
969248,4
969249,5
969250,4
969251,4
969252,1
969253,4
969254,4
969255,4
969256,1
969257,4
969258,4
969259,4
969260,1
969261,4
969262,4
969263,1
969264,4
969265,4
969266,4
969267,4
969268,4
969269,4
969270,4
969271,4
969272,4
969273,4
969274,4
969275,4
969276,4
969277,4
969278,1
969279,4
969280,4
969281,4
969282,4
969283,1
969284,4
969285,1
969286,1
969287,4
969288,5
969289,4
969290,5
969291,4
969292,4
969293,4
969294,4
969295,4
969296,4
969297,4
969298,4
969299,4
969300,4
969301,4
969302,4
969303,4
969304,4
969305,4
969306,4
969307,1
969308,1
969309,4
969310,4
969311,4
969312,4
969313,4
969314,4
969315,4
969316,4
969317,4
969318,4
969319,4
969320,4
969321,4
969322,4
969323,4
969324,4
969325,4
969326,4
969327,4
969328,4
969329,4
969330,4
969331,4
969332,4
969333,4
969334,4
969335,4
969336,4
969337,4
969338,5
969339,4
969340,1
969341,4
969342,4
969343,5
969344,5
969345,4
969346,5
969347,5
969348,4
969349,4
969350,4
969351,1
969352,4
969353,4
969354,4
969355,4
969356,4
969357,4
969358,4
969359,4
969360,4
969361,1
969362,4
969363,4
969364,4
969365,1
969366,4
969367,4
969368,5
969369,4
969370,4
969371,1
969372,5
969373,1
969374,4
969375,4
969376,5
969377,4
969378,4
969379,4
969380,4
969381,4
969382,4
969383,4
969384,4
969385,4
969386,4
969387,4
969388,4
969389,4
969390,5
969391,4
969392,4
969393,4
969394,1
969395,5
969396,1
969397,5
969398,4
969399,4
969400,4
969401,4
969402,4
969403,5
969404,4
969405,4
969406,4
969407,4
969408,1
969409,4
969410,4
969411,1
969412,4
969413,4
969414,4
969415,4
969416,4
969417,1
969418,4
969419,4
969420,4
969421,4
969422,4
969423,4
969424,1
969425,4
969426,5
969427,4
969428,1
969429,5
969430,4
969431,1
969432,4
969433,1
969434,4
969435,4
969436,5
969437,4
969438,5
969439,1
969440,4
969441,4
969442,4
969443,5
969444,4
969445,5
969446,4
969447,5
969448,4
969449,4
969450,4
969451,4
969452,4
969453,4
969454,4
969455,4
969456,4
969457,4
969458,4
969459,4
969460,4
969461,4
969462,4
969463,4
969464,4
969465,4
969466,4
969467,4
969468,4
969469,4
969470,4
969471,4
969472,4
969473,1
969474,4
969475,4
969476,4
969477,4
969478,3
969479,4
969480,4
969481,4
969482,4
969483,1
969484,5
969485,1
969486,4
969487,4
969488,1
969489,4
969490,4
969491,5
969492,4
969493,4
969494,4
969495,1
969496,4
969497,4
969498,4
969499,5
969500,4
969501,4
969502,4
969503,4
969504,4
969505,3
969506,4
969507,4
969508,4
969509,4
969510,4
969511,4
969512,4
969513,4
969514,4
969515,4
969516,4
969517,4
969518,4
969519,4
969520,4
969521,5
969522,4
969523,4
969524,3
969525,5
969526,4
969527,4
969528,4
969529,4
969530,4
969531,1
969532,4
969533,4
969534,4
969535,1
969536,5
969537,4
969538,4
969539,5
969540,5
969541,4
969542,5
969543,4
969544,4
969545,1
969546,5
969547,4
969548,4
969549,4
969550,4
969551,1
969552,4
969553,4
969554,4
969555,4
969556,4
969557,1
969558,4
969559,4
969560,1
969561,5
969562,4
969563,4
969564,4
969565,5
969566,1
969567,1
969568,4
969569,4
969570,4
969571,4
969572,4
969573,3
969574,1
969575,4
969576,4
969577,1
969578,4
969579,5
969580,4
969581,3
969582,4
969583,1
969584,4
969585,4
969586,4
969587,4
969588,4
969589,4
969590,4
969591,4
969592,1
969593,1
969594,4
969595,4
969596,4
969597,4
969598,4
969599,4
969600,4
969601,4
969602,1
969603,4
969604,4
969605,4
969606,4
969607,4
969608,1
969609,4
969610,4
969611,4
969612,4
969613,4
969614,5
969615,4
969616,4
969617,4
969618,4
969619,4
969620,4
969621,4
969622,4
969623,4
969624,4
969625,1
969626,4
969627,4
969628,4
969629,4
969630,4
969631,4
969632,1
969633,4
969634,5
969635,4
969636,4
969637,4
969638,4
969639,5
969640,5
969641,4
969642,4
969643,5
969644,4
969645,4
969646,4
969647,4
969648,4
969649,4
969650,1
969651,4
969652,4
969653,5
969654,4
969655,4
969656,4
969657,5
969658,4
969659,4
969660,4
969661,4
969662,4
969663,4
969664,4
969665,4
969666,4
969667,4
969668,1
969669,1
969670,4
969671,4
969672,4
969673,4
969674,4
969675,4
969676,4
969677,1
969678,1
969679,5
969680,4
969681,4
969682,4
969683,5
969684,4
969685,4
969686,4
969687,4
969688,4
969689,4
969690,1
969691,4
969692,1
969693,4
969694,1
969695,4
969696,4
969697,4
969698,4
969699,4
969700,4
969701,1
969702,4
969703,4
969704,4
969705,4
969706,4
969707,1
969708,4
969709,4
969710,4
969711,4
969712,4
969713,1
969714,1
969715,4
969716,4
969717,4
969718,4
969719,4
969720,4
969721,4
969722,4
969723,4
969724,1
969725,4
969726,1
969727,4
969728,4
969729,4
969730,4
969731,1
969732,4
969733,4
969734,5
969735,4
969736,4
969737,4
969738,4
969739,4
969740,4
969741,4
969742,4
969743,4
969744,4
969745,4
969746,1
969747,4
969748,4
969749,4
969750,4
969751,1
969752,4
969753,4
969754,4
969755,4
969756,4
969757,4
969758,1
969759,4
969760,4
969761,4
969762,4
969763,4
969764,4
969765,4
969766,1
969767,4
969768,4
969769,4
969770,4
969771,4
969772,4
969773,4
969774,5
969775,5
969776,4
969777,5
969778,4
969779,5
969780,4
969781,4
969782,4
969783,4
969784,5
969785,4
969786,4
969787,5
969788,1
969789,4
969790,4
969791,4
969792,5
969793,4
969794,4
969795,5
969796,4
969797,4
969798,4
969799,4
969800,5
969801,4
969802,4
969803,4
969804,4
969805,4
969806,4
969807,4
969808,4
969809,5
969810,4
969811,4
969812,5
969813,4
969814,4
969815,5
969816,4
969817,4
969818,4
969819,5
969820,4
969821,1
969822,4
969823,4
969824,4
969825,5
969826,4
969827,1
969828,4
969829,4
969830,4
969831,4
969832,4
969833,1
969834,4
969835,1
969836,5
969837,4
969838,4
969839,1
969840,4
969841,1
969842,4
969843,4
969844,4
969845,4
969846,4
969847,1
969848,4
969849,4
969850,4
969851,5
969852,4
969853,4
969854,4
969855,4
969856,4
969857,4
969858,4
969859,4
969860,4
969861,4
969862,4
969863,4
969864,4
969865,4
969866,4
969867,4
969868,4
969869,4
969870,4
969871,4
969872,4
969873,4
969874,4
969875,1
969876,4
969877,4
969878,4
969879,4
969880,4
969881,4
969882,5
969883,4
969884,4
969885,4
969886,1
969887,5
969888,4
969889,4
969890,4
969891,4
969892,4
969893,4
969894,4
969895,4
969896,1
969897,4
969898,4
969899,4
969900,4
969901,4
969902,4
969903,4
969904,4
969905,4
969906,4
969907,4
969908,4
969909,1
969910,5
969911,3
969912,4
969913,4
969914,4
969915,4
969916,5
969917,4
969918,5
969919,4
969920,5
969921,4
969922,1
969923,4
969924,4
969925,4
969926,3
969927,4
969928,5
969929,1
969930,5
969931,1
969932,4
969933,4
969934,3
969935,3
969936,3
969937,3
969938,4
969939,4
969940,3
969941,3
969942,3
969943,1
969944,4
969945,1
969946,4
969947,4
969948,4
969949,3
969950,4
969951,3
969952,3
969953,4
969954,1
969955,4
969956,3
969957,3
969958,4
969959,4
969960,4
969961,1
969962,3
969963,4
969964,4
969965,4
969966,4
969967,4
969968,4
969969,1
969970,4
969971,1
969972,3
969973,5
969974,4
969975,3
969976,4
969977,5
969978,4
969979,3
969980,3
969981,3
969982,4
969983,4
969984,5
969985,4
969986,3
969987,4
969988,4
969989,3
969990,3
969991,1
969992,4
969993,1
969994,1
969995,4
969996,4
969997,4
969998,4
969999,3
970000,3
970001,3
970002,4
970003,1
970004,5
970005,4
970006,5
970007,4
970008,4
970009,1
970010,4
970011,4
970012,4
970013,4
970014,4
970015,4
970016,4
970017,4
970018,4
970019,4
970020,4
970021,4
970022,1
970023,4
970024,4
970025,1
970026,4
970027,4
970028,4
970029,4
970030,4
970031,4
970032,4
970033,4
970034,4
970035,4
970036,4
970037,4
970038,4
970039,4
970040,4
970041,4
970042,4
970043,4
970044,4
970045,4
970046,4
970047,4
970048,4
970049,4
970050,4
970051,4
970052,4
970053,4
970054,4
970055,4
970056,4
970057,4
970058,4
970059,4
970060,4
970061,4
970062,1
970063,4
970064,4
970065,5
970066,4
970067,4
970068,4
970069,4
970070,5
970071,4
970072,4
970073,4
970074,4
970075,4
970076,4
970077,4
970078,4
970079,4
970080,4
970081,4
970082,4
970083,4
970084,4
970085,4
970086,4
970087,4
970088,4
970089,4
970090,4
970091,4
970092,4
970093,1
970094,4
970095,4
970096,4
970097,4
970098,5
970099,4
970100,1
970101,5
970102,4
970103,4
970104,4
970105,5
970106,4
970107,1
970108,1
970109,4
970110,1
970111,4
970112,4
970113,4
970114,4
970115,4
970116,4
970117,4
970118,4
970119,4
970120,4
970121,1
970122,4
970123,1
970124,4
970125,4
970126,4
970127,4
970128,4
970129,4
970130,4
970131,4
970132,4
970133,4
970134,4
970135,4
970136,4
970137,4
970138,4
970139,4
970140,4
970141,1
970142,4
970143,4
970144,5
970145,4
970146,4
970147,5
970148,4
970149,4
970150,4
970151,5
970152,4
970153,4
970154,4
970155,4
970156,4
970157,4
970158,1
970159,1
970160,5
970161,1
970162,1
970163,1
970164,5
970165,4
970166,4
970167,4
970168,4
970169,4
970170,4
970171,4
970172,4
970173,1
970174,5
970175,4
970176,5
970177,4
970178,1
970179,4
970180,4
970181,4
970182,4
970183,4
970184,1
970185,1
970186,5
970187,1
970188,4
970189,1
970190,4
970191,4
970192,4
970193,1
970194,4
970195,5
970196,1
970197,4
970198,5
970199,4
970200,1
970201,4
970202,4
970203,1
970204,5
970205,1
970206,4
970207,4
970208,4
970209,4
970210,4
970211,1
970212,4
970213,4
970214,1
970215,5
970216,1
970217,5
970218,5
970219,4
970220,5
970221,1
970222,4
970223,4
970224,5
970225,1
970226,4
970227,4
970228,3
970229,1
970230,4
970231,4
970232,4
970233,4
970234,1
970235,4
970236,4
970237,4
970238,4
970239,4
970240,4
970241,3
970242,4
970243,4
970244,4
970245,4
970246,4
970247,4
970248,4
970249,4
970250,4
970251,4
970252,4
970253,4
970254,1
970255,4
970256,4
970257,4
970258,3
970259,4
970260,4
970261,4
970262,4
970263,4
970264,3
970265,4
970266,4
970267,1
970268,4
970269,4
970270,4
970271,5
970272,4
970273,1
970274,1
970275,5
970276,4
970277,4
970278,5
970279,4
970280,1
970281,1
970282,4
970283,4
970284,4
970285,4
970286,4
970287,4
970288,4
970289,4
970290,4
970291,4
970292,4
970293,5
970294,5
970295,4
970296,4
970297,4
970298,4
970299,4
970300,5
970301,5
970302,4
970303,4
970304,4
970305,4
970306,4
970307,4
970308,4
970309,4
970310,4
970311,4
970312,5
970313,4
970314,4
970315,4
970316,5
970317,4
970318,4
970319,4
970320,4
970321,4
970322,4
970323,4
970324,4
970325,4
970326,5
970327,4
970328,4
970329,4
970330,5
970331,4
970332,4
970333,4
970334,4
970335,4
970336,4
970337,4
970338,4
970339,4
970340,4
970341,4
970342,4
970343,4
970344,4
970345,5
970346,4
970347,4
970348,4
970349,1
970350,4
970351,5
970352,4
970353,4
970354,4
970355,4
970356,1
970357,5
970358,4
970359,4
970360,5
970361,4
970362,5
970363,4
970364,4
970365,4
970366,4
970367,1
970368,4
970369,4
970370,4
970371,4
970372,4
970373,4
970374,5
970375,4
970376,4
970377,4
970378,4
970379,1
970380,5
970381,4
970382,4
970383,4
970384,4
970385,4
970386,5
970387,4
970388,4
970389,4
970390,4
970391,5
970392,4
970393,4
970394,4
970395,1
970396,5
970397,5
970398,5
970399,5
970400,4
970401,4
970402,5
970403,1
970404,4
970405,5
970406,1
970407,5
970408,4
970409,4
970410,5
970411,5
970412,1
970413,4
970414,4
970415,4
970416,4
970417,4
970418,5
970419,5
970420,4
970421,5
970422,4
970423,4
970424,4
970425,4
970426,4
970427,5
970428,4
970429,4
970430,4
970431,4
970432,4
970433,4
970434,4
970435,4
970436,4
970437,5
970438,1
970439,1
970440,3
970441,4
970442,4
970443,4
970444,4
970445,4
970446,4
970447,4
970448,4
970449,1
970450,4
970451,4
970452,4
970453,4
970454,4
970455,1
970456,1
970457,4
970458,4
970459,4
970460,4
970461,4
970462,4
970463,4
970464,1
970465,1
970466,1
970467,4
970468,4
970469,4
970470,4
970471,4
970472,4
970473,4
970474,4
970475,4
970476,4
970477,4
970478,4
970479,4
970480,4
970481,1
970482,4
970483,1
970484,4
970485,4
970486,4
970487,4
970488,4
970489,4
970490,4
970491,4
970492,4
970493,4
970494,4
970495,4
970496,4
970497,4
970498,4
970499,4
970500,4
970501,4
970502,4
970503,4
970504,4
970505,4
970506,4
970507,4
970508,4
970509,4
970510,4
970511,4
970512,4
970513,1
970514,4
970515,4
970516,4
970517,4
970518,4
970519,4
970520,4
970521,4
970522,4
970523,4
970524,4
970525,4
970526,1
970527,4
970528,4
970529,4
970530,4
970531,4
970532,4
970533,4
970534,4
970535,4
970536,4
970537,4
970538,4
970539,4
970540,4
970541,4
970542,4
970543,4
970544,4
970545,4
970546,4
970547,4
970548,4
970549,5
970550,5
970551,4
970552,4
