934553,1
934554,5
934555,4
934556,4
934557,4
934558,1
934559,4
934560,1
934561,4
934562,4
934563,4
934564,4
934565,4
934566,4
934567,4
934568,5
934569,4
934570,4
934571,4
934572,4
934573,4
934574,4
934575,4
934576,4
934577,4
934578,4
934579,4
934580,4
934581,4
934582,5
934583,4
934584,4
934585,4
934586,4
934587,4
934588,4
934589,4
934590,4
934591,4
934592,1
934593,4
934594,5
934595,5
934596,4
934597,4
934598,4
934599,4
934600,4
934601,4
934602,4
934603,4
934604,4
934605,1
934606,4
934607,4
934608,4
934609,4
934610,5
934611,4
934612,4
934613,4
934614,5
934615,4
934616,5
934617,4
934618,5
934619,4
934620,4
934621,4
934622,4
934623,4
934624,1
934625,4
934626,4
934627,4
934628,4
934629,1
934630,4
934631,4
934632,4
934633,4
934634,1
934635,5
934636,4
934637,1
934638,4
934639,4
934640,4
934641,4
934642,4
934643,5
934644,4
934645,4
934646,4
934647,4
934648,1
934649,4
934650,4
934651,4
934652,4
934653,4
934654,1
934655,5
934656,4
934657,4
934658,4
934659,4
934660,4
934661,4
934662,1
934663,4
934664,5
934665,5
934666,4
934667,5
934668,1
934669,4
934670,4
934671,4
934672,4
934673,5
934674,4
934675,5
934676,4
934677,4
934678,5
934679,4
934680,5
934681,1
934682,4
934683,4
934684,5
934685,4
934686,4
934687,1
934688,4
934689,5
934690,5
934691,1
934692,4
934693,5
934694,4
934695,4
934696,4
934697,1
934698,4
934699,4
934700,5
934701,4
934702,4
934703,4
934704,4
934705,5
934706,4
934707,4
934708,5
934709,5
934710,4
934711,4
934712,4
934713,4
934714,4
934715,4
934716,4
934717,5
934718,4
934719,5
934720,4
934721,4
934722,4
934723,4
934724,4
934725,5
934726,4
934727,4
934728,5
934729,4
934730,4
934731,4
934732,4
934733,4
934734,4
934735,4
934736,4
934737,4
934738,4
934739,4
934740,4
934741,4
934742,4
934743,4
934744,4
934745,4
934746,1
934747,4
934748,4
934749,4
934750,4
934751,4
934752,1
934753,4
934754,4
934755,4
934756,4
934757,4
934758,4
934759,4
934760,4
934761,4
934762,4
934763,4
934764,4
934765,4
934766,1
934767,4
934768,4
934769,4
934770,4
934771,4
934772,4
934773,4
934774,4
934775,4
934776,4
934777,4
934778,4
934779,5
934780,4
934781,1
934782,4
934783,5
934784,4
934785,4
934786,4
934787,4
934788,4
934789,4
934790,4
934791,1
934792,4
934793,4
934794,4
934795,1
934796,4
934797,4
934798,1
934799,5
934800,1
934801,4
934802,4
934803,4
934804,4
934805,4
934806,4
934807,4
934808,4
934809,4
934810,4
934811,4
934812,5
934813,5
934814,4
934815,4
934816,5
934817,4
934818,4
934819,4
934820,4
934821,4
934822,4
934823,1
934824,4
934825,4
934826,4
934827,4
934828,5
934829,4
934830,4
934831,3
934832,3
934833,4
934834,1
934835,1
934836,3
934837,5
934838,5
934839,3
934840,3
934841,3
934842,3
934843,3
934844,4
934845,3
934846,4
934847,4
934848,3
934849,3
934850,3
934851,3
934852,4
934853,3
934854,4
934855,4
934856,4
934857,3
934858,4
934859,3
934860,4
934861,3
934862,3
934863,4
934864,3
934865,4
934866,1
934867,3
934868,4
934869,3
934870,3
934871,3
934872,3
934873,3
934874,3
934875,4
934876,5
934877,4
934878,4
934879,1
934880,4
934881,4
934882,1
934883,4
934884,4
934885,4
934886,4
934887,4
934888,4
934889,4
934890,4
934891,5
934892,5
934893,4
934894,4
934895,4
934896,5
934897,4
934898,4
934899,4
934900,4
934901,1
934902,4
934903,5
934904,4
934905,4
934906,4
934907,4
934908,4
934909,4
934910,4
934911,4
934912,4
934913,4
934914,4
934915,1
934916,4
934917,4
934918,4
934919,4
934920,4
934921,4
934922,4
934923,4
934924,4
934925,4
934926,4
934927,4
934928,5
934929,4
934930,4
934931,4
934932,4
934933,5
934934,4
934935,4
934936,4
934937,4
934938,4
934939,1
934940,4
934941,4
934942,4
934943,4
934944,4
934945,5
934946,4
934947,1
934948,5
934949,4
934950,4
934951,4
934952,5
934953,4
934954,4
934955,4
934956,4
934957,4
934958,1
934959,4
934960,4
934961,4
934962,4
934963,4
934964,4
934965,4
934966,4
934967,4
934968,5
934969,4
934970,4
934971,5
934972,4
934973,1
934974,4
934975,4
934976,4
934977,4
934978,4
934979,4
934980,4
934981,4
934982,5
934983,1
934984,4
934985,4
934986,4
934987,4
934988,4
934989,4
934990,4
934991,4
934992,1
934993,4
934994,4
934995,4
934996,4
934997,1
934998,4
934999,4
935000,4
935001,5
935002,4
935003,5
935004,4
935005,4
935006,4
935007,4
935008,1
935009,4
935010,4
935011,4
935012,5
935013,1
935014,4
935015,4
935016,4
935017,4
935018,4
935019,4
935020,4
935021,4
935022,4
935023,1
935024,4
935025,4
935026,4
935027,4
935028,4
935029,1
935030,4
935031,4
935032,4
935033,4
935034,5
935035,4
935036,5
935037,4
935038,4
935039,4
935040,1
935041,4
935042,4
935043,4
935044,4
935045,4
935046,4
935047,4
935048,4
935049,4
935050,4
935051,4
935052,4
935053,4
935054,4
935055,4
935056,4
935057,4
935058,4
935059,4
935060,4
935061,5
935062,4
935063,1
935064,4
935065,4
935066,4
935067,5
935068,4
935069,4
935070,4
935071,4
935072,5
935073,4
935074,5
935075,4
935076,4
935077,1
935078,4
935079,4
935080,4
935081,4
935082,1
935083,4
935084,4
935085,1
935086,4
935087,1
935088,4
935089,4
935090,4
935091,4
935092,4
935093,4
935094,4
935095,4
935096,1
935097,4
935098,4
935099,4
935100,4
935101,4
935102,4
935103,4
935104,4
935105,4
935106,4
935107,4
935108,1
935109,4
935110,4
935111,1
935112,4
935113,5
935114,4
935115,4
935116,4
935117,1
935118,4
935119,4
935120,4
935121,4
935122,4
935123,4
935124,4
935125,4
935126,4
935127,4
935128,4
935129,4
935130,4
935131,4
935132,4
935133,5
935134,4
935135,4
935136,4
935137,4
935138,4
935139,5
935140,4
935141,4
935142,4
935143,4
935144,4
935145,4
935146,4
935147,4
935148,4
935149,4
935150,4
935151,1
935152,4
935153,4
935154,4
935155,4
935156,4
935157,4
935158,4
935159,4
935160,4
935161,4
935162,4
935163,4
935164,1
935165,1
935166,4
935167,4
935168,4
935169,4
935170,4
935171,4
935172,4
935173,4
935174,4
935175,4
935176,4
935177,4
935178,1
935179,4
935180,4
935181,4
935182,4
935183,4
935184,4
935185,4
935186,4
935187,4
935188,4
935189,4
935190,1
935191,4
935192,1
935193,4
935194,4
935195,4
935196,4
935197,4
935198,4
935199,4
935200,4
935201,4
935202,4
935203,4
935204,4
935205,4
935206,4
935207,4
935208,4
935209,4
935210,4
935211,4
935212,4
935213,4
935214,4
935215,4
935216,4
935217,4
935218,4
935219,1
935220,4
935221,4
935222,4
935223,4
935224,4
935225,1
935226,1
935227,4
935228,4
935229,4
935230,4
935231,4
935232,1
935233,4
935234,4
935235,1
935236,4
935237,4
935238,4
935239,4
935240,4
935241,4
935242,4
935243,4
935244,4
935245,4
935246,4
935247,4
935248,4
935249,1
935250,4
935251,4
935252,4
935253,4
935254,1
935255,4
935256,4
935257,4
935258,1
935259,4
935260,4
935261,4
935262,4
935263,4
935264,4
935265,1
935266,4
935267,4
935268,4
935269,4
935270,4
935271,4
935272,4
935273,4
935274,4
935275,1
935276,1
935277,4
935278,4
935279,4
935280,4
935281,4
935282,4
935283,4
935284,4
935285,4
935286,4
935287,1
935288,4
935289,4
935290,4
935291,1
935292,4
935293,4
935294,4
935295,4
935296,1
935297,4
935298,4
935299,4
935300,4
935301,4
935302,4
935303,4
935304,4
935305,4
935306,4
935307,4
935308,4
935309,4
935310,4
935311,4
935312,4
935313,4
935314,4
935315,4
935316,4
935317,4
935318,4
935319,4
935320,4
935321,4
935322,4
935323,4
935324,4
935325,1
935326,4
935327,1
935328,4
935329,4
935330,4
935331,4
935332,4
935333,5
935334,4
935335,5
935336,4
935337,5
935338,5
935339,4
935340,4
935341,4
935342,1
935343,4
935344,4
935345,1
935346,4
935347,4
935348,4
935349,4
935350,4
935351,4
935352,4
935353,1
935354,1
935355,4
935356,4
935357,5
935358,4
935359,4
935360,4
935361,4
935362,4
935363,4
935364,4
935365,4
935366,4
935367,4
935368,4
935369,4
935370,4
935371,4
935372,1
935373,4
935374,4
935375,4
935376,4
935377,3
935378,4
935379,4
935380,4
935381,4
935382,4
935383,4
935384,5
935385,4
935386,4
935387,3
935388,4
935389,4
935390,4
935391,4
935392,4
935393,4
935394,4
935395,4
935396,4
935397,4
935398,4
935399,4
935400,4
935401,4
935402,1
935403,1
935404,1
935405,4
935406,4
935407,4
935408,4
935409,4
935410,4
935411,4
935412,5
935413,1
935414,4
935415,4
935416,1
935417,4
935418,4
935419,4
935420,4
935421,4
935422,4
935423,4
935424,1
935425,4
935426,5
935427,4
935428,4
935429,4
935430,3
935431,4
935432,4
935433,4
935434,4
935435,4
935436,4
935437,1
935438,4
935439,4
935440,4
935441,4
935442,1
935443,4
935444,4
935445,4
935446,4
935447,4
935448,4
935449,4
935450,4
935451,4
935452,3
935453,1
935454,4
935455,4
935456,4
935457,4
935458,4
935459,4
935460,4
935461,4
935462,4
935463,4
935464,4
935465,4
935466,4
935467,4
935468,4
935469,4
935470,4
935471,4
935472,4
935473,4
935474,4
935475,4
935476,1
935477,3
935478,4
935479,1
935480,4
935481,1
935482,4
935483,4
935484,4
935485,1
935486,4
935487,4
935488,3
935489,4
935490,4
935491,4
935492,4
935493,1
935494,4
935495,4
935496,4
935497,4
935498,4
935499,4
935500,4
935501,4
935502,4
935503,4
935504,4
935505,4
935506,3
935507,1
935508,4
935509,4
935510,4
935511,1
935512,4
935513,4
935514,4
935515,3
935516,1
935517,1
935518,4
935519,1
935520,4
935521,1
935522,4
935523,4
935524,1
935525,4
935526,4
935527,1
935528,4
935529,1
935530,3
935531,4
935532,1
935533,4
935534,4
935535,4
935536,1
935537,4
935538,4
935539,4
935540,1
935541,4
935542,4
935543,4
935544,4
935545,4
935546,4
935547,4
935548,4
935549,4
935550,4
935551,4
935552,4
935553,4
935554,4
935555,4
935556,4
935557,4
935558,4
935559,4
935560,4
935561,4
935562,4
935563,4
935564,4
935565,4
935566,4
935567,4
935568,4
935569,4
935570,4
935571,4
935572,4
935573,4
935574,4
935575,4
935576,4
935577,4
935578,1
935579,4
935580,4
935581,4
935582,4
935583,4
935584,4
935585,4
935586,4
935587,4
935588,4
935589,4
935590,4
935591,4
935592,4
935593,4
935594,4
935595,4
935596,4
935597,4
935598,4
935599,4
935600,4
935601,4
935602,4
935603,1
935604,4
935605,4
935606,4
935607,1
935608,4
935609,4
935610,5
935611,4
935612,4
935613,4
935614,4
935615,4
935616,4
935617,4
935618,4
935619,4
935620,4
935621,4
935622,4
935623,4
935624,4
935625,4
935626,4
935627,4
935628,4
935629,4
935630,4
935631,4
935632,1
935633,4
935634,4
935635,4
935636,4
935637,4
935638,4
935639,4
935640,1
935641,5
935642,1
935643,5
935644,4
935645,4
935646,4
935647,4
935648,4
935649,4
935650,1
935651,4
935652,4
935653,4
935654,4
935655,1
935656,1
935657,4
935658,4
935659,4
935660,1
935661,1
935662,1
935663,4
935664,4
935665,4
935666,4
935667,4
935668,4
935669,4
935670,4
935671,4
935672,4
935673,4
935674,4
935675,4
935676,4
935677,4
935678,4
935679,4
935680,4
935681,4
935682,4
935683,5
935684,1
935685,5
935686,4
935687,4
935688,1
935689,4
935690,4
935691,1
935692,4
935693,4
935694,4
935695,1
935696,5
935697,4
935698,4
935699,4
935700,4
935701,4
935702,4
935703,1
935704,4
935705,1
935706,4
935707,4
935708,1
935709,4
935710,4
935711,4
935712,4
935713,4
935714,4
935715,4
935716,1
935717,4
935718,4
935719,4
935720,4
935721,4
935722,4
935723,4
935724,1
935725,4
935726,4
935727,4
935728,4
935729,3
935730,4
935731,4
935732,4
935733,4
935734,4
935735,4
935736,4
935737,4
935738,4
935739,4
935740,5
935741,4
935742,4
935743,4
935744,4
935745,4
935746,4
935747,4
935748,4
935749,4
935750,1
935751,4
935752,4
935753,5
935754,4
935755,5
935756,4
935757,4
935758,4
935759,4
935760,1
935761,4
935762,1
935763,4
935764,4
935765,5
935766,4
935767,4
935768,4
935769,4
935770,4
935771,4
935772,4
935773,4
935774,4
935775,4
935776,4
935777,4
935778,4
935779,1
935780,5
935781,4
935782,1
935783,4
935784,5
935785,5
935786,4
935787,4
935788,4
935789,1
935790,1
935791,4
935792,1
935793,4
935794,4
935795,4
935796,4
935797,1
935798,4
935799,4
935800,4
935801,5
935802,4
935803,4
935804,4
935805,4
935806,4
935807,4
935808,4
935809,4
935810,4
935811,4
935812,4
935813,1
935814,4
935815,4
935816,4
935817,4
935818,4
935819,4
935820,4
935821,4
935822,4
935823,4
935824,5
935825,4
935826,4
935827,4
935828,4
935829,1
935830,4
935831,5
935832,4
935833,4
935834,4
935835,5
935836,4
935837,1
935838,4
935839,4
935840,4
935841,4
935842,4
935843,4
935844,1
935845,4
935846,4
935847,4
935848,5
935849,4
935850,4
935851,4
935852,5
935853,4
935854,4
935855,4
935856,4
935857,4
935858,4
935859,4
935860,4
935861,4
935862,4
935863,4
935864,4
935865,4
935866,4
935867,4
935868,4
935869,4
935870,4
935871,4
935872,4
935873,4
935874,4
935875,1
935876,4
935877,4
935878,1
935879,5
935880,4
935881,4
935882,4
935883,4
935884,1
935885,4
935886,4
935887,4
935888,4
935889,4
935890,4
935891,4
935892,4
935893,1
935894,4
935895,4
935896,5
935897,1
935898,4
935899,4
935900,4
935901,1
935902,4
935903,1
935904,4
935905,4
935906,5
935907,4
935908,4
935909,4
935910,5
935911,4
935912,4
935913,4
935914,1
935915,4
935916,4
935917,5
935918,5
935919,4
935920,4
935921,4
935922,4
935923,4
935924,4
935925,1
935926,1
935927,4
935928,1
935929,4
935930,4
935931,4
935932,4
935933,4
935934,4
935935,4
935936,4
935937,4
935938,4
935939,1
935940,4
935941,4
935942,4
935943,4
935944,4
935945,4
935946,4
935947,4
935948,4
935949,4
935950,4
935951,1
935952,1
935953,5
935954,4
935955,4
935956,1
935957,4
935958,4
935959,4
935960,4
935961,4
935962,1
935963,4
935964,4
935965,4
935966,4
935967,4
935968,4
935969,4
935970,4
935971,4
935972,4
935973,4
935974,4
935975,4
935976,1
935977,4
935978,4
935979,4
935980,4
935981,4
935982,4
935983,4
935984,4
935985,4
935986,4
935987,4
935988,3
935989,4
935990,4
935991,5
935992,4
935993,4
935994,1
935995,4
935996,4
935997,4
935998,3
935999,4
936000,3
936001,1
936002,4
936003,4
936004,4
936005,3
936006,1
936007,3
936008,4
936009,4
936010,4
936011,3
936012,4
936013,4
936014,3
936015,3
936016,4
936017,4
936018,4
936019,3
936020,4
936021,3
936022,4
936023,4
936024,3
936025,1
936026,3
936027,4
936028,3
936029,4
936030,4
936031,4
936032,4
936033,1
936034,4
936035,1
936036,3
936037,4
936038,4
936039,4
936040,3
936041,4
936042,4
936043,4
936044,1
936045,4
936046,4
936047,1
936048,4
936049,4
936050,4
936051,4
936052,4
936053,4
936054,3
936055,5
936056,4
936057,4
936058,4
936059,4
936060,4
936061,4
936062,4
936063,4
936064,4
936065,5
936066,3
936067,4
936068,4
936069,4
936070,4
936071,4
936072,4
936073,4
936074,1
936075,4
936076,3
936077,4
936078,4
936079,4
936080,4
936081,4
936082,4
936083,4
936084,4
936085,4
936086,1
936087,3
936088,1
936089,4
936090,4
936091,4
936092,4
936093,5
936094,4
936095,4
936096,4
936097,4
936098,5
936099,4
936100,5
936101,4
936102,4
936103,4
936104,5
936105,5
936106,4
936107,1
936108,4
936109,1
936110,4
936111,4
936112,4
936113,4
936114,4
936115,5
936116,4
936117,5
936118,4
936119,4
936120,4
936121,4
936122,4
936123,4
936124,4
936125,4
936126,4
936127,5
936128,4
936129,4
936130,4
936131,5
936132,4
936133,4
936134,4
936135,5
936136,5
936137,4
936138,4
936139,4
936140,4
936141,5
936142,4
936143,4
936144,4
936145,4
936146,4
936147,1
936148,5
936149,4
936150,4
936151,5
936152,4
936153,4
936154,4
936155,3
936156,4
936157,4
936158,5
936159,1
936160,4
936161,4
936162,4
936163,5
936164,4
936165,4
936166,1
936167,1
936168,1
936169,4
936170,4
936171,1
936172,4
936173,5
936174,4
936175,4
936176,1
936177,4
936178,1
936179,5
936180,5
936181,4
936182,1
936183,1
936184,1
936185,1
936186,4
936187,4
936188,4
936189,4
936190,4
936191,5
936192,4
936193,4
936194,4
936195,4
936196,4
936197,5
936198,1
936199,3
936200,4
936201,5
936202,4
936203,4
936204,4
936205,1
936206,4
936207,4
936208,4
936209,4
936210,4
936211,4
936212,4
936213,4
936214,4
936215,4
936216,4
936217,4
936218,4
936219,4
936220,4
936221,4
936222,1
936223,5
936224,1
936225,1
936226,1
936227,1
936228,4
936229,4
936230,4
936231,4
936232,4
936233,1
936234,4
936235,4
936236,1
936237,4
936238,4
936239,4
936240,4
936241,4
936242,4
936243,4
936244,4
936245,4
936246,4
936247,4
936248,4
936249,4
936250,4
936251,4
936252,4
936253,4
936254,4
936255,4
936256,4
936257,4
936258,4
936259,4
936260,4
936261,4
936262,4
936263,4
936264,4
936265,4
936266,4
936267,4
936268,4
936269,4
936270,4
936271,1
936272,4
936273,4
936274,4
936275,4
936276,1
936277,4
936278,4
936279,4
936280,4
936281,4
936282,4
936283,4
936284,4
936285,4
936286,4
936287,4
936288,4
936289,4
936290,4
936291,4
936292,5
936293,1
936294,5
936295,4
936296,4
936297,4
936298,4
936299,4
936300,1
936301,4
936302,4
936303,1
936304,4
936305,4
936306,4
936307,4
936308,4
936309,4
936310,4
936311,4
936312,4
936313,4
936314,4
936315,4
936316,4
936317,4
936318,5
936319,4
936320,4
936321,4
936322,4
936323,4
936324,4
936325,1
936326,1
936327,4
936328,4
936329,4
936330,4
936331,1
936332,4
936333,4
936334,4
936335,4
936336,4
936337,4
936338,1
936339,4
936340,4
936341,4
936342,1
936343,4
936344,1
936345,4
936346,1
936347,4
936348,4
936349,4
936350,4
936351,1
936352,4
936353,4
936354,4
936355,4
936356,4
936357,1
936358,4
936359,4
936360,4
936361,4
936362,4
936363,4
936364,4
936365,1
936366,4
936367,4
936368,4
936369,4
936370,1
936371,4
936372,3
936373,4
936374,1
936375,4
936376,4
936377,4
936378,5
936379,4
936380,4
936381,1
936382,4
936383,4
936384,1
936385,4
936386,4
936387,4
936388,4
936389,4
936390,4
936391,4
936392,1
936393,4
936394,1
936395,4
936396,4
936397,4
936398,4
936399,4
936400,4
936401,4
936402,4
936403,4
936404,3
936405,4
936406,4
936407,1
936408,4
936409,4
936410,4
936411,4
936412,4
936413,3
936414,4
936415,4
936416,4
936417,3
936418,4
936419,4
936420,3
936421,1
936422,4
936423,4
936424,1
936425,4
936426,4
936427,4
936428,4
936429,1
936430,1
936431,3
936432,4
936433,1
936434,4
936435,3
936436,4
936437,4
936438,4
936439,4
936440,3
936441,4
936442,4
936443,3
936444,4
936445,3
936446,4
936447,4
936448,1
936449,4
936450,1
936451,4
936452,4
936453,3
936454,4
936455,5
936456,1
936457,4
936458,3
936459,3
936460,3
936461,4
936462,4
936463,4
936464,4
936465,4
936466,4
936467,4
936468,4
936469,4
936470,4
936471,4
936472,4
936473,4
936474,4
936475,4
936476,4
936477,4
936478,4
936479,4
936480,4
936481,1
936482,4
936483,4
936484,4
936485,4
936486,4
936487,4
936488,4
936489,4
936490,4
936491,4
936492,1
936493,4
936494,4
936495,4
936496,4
936497,4
936498,4
936499,4
936500,4
936501,4
936502,4
936503,4
936504,4
936505,4
936506,4
936507,4
936508,4
936509,4
936510,4
936511,4
936512,4
936513,4
936514,4
936515,4
936516,4
936517,4
936518,4
936519,4
936520,4
936521,4
936522,4
936523,1
936524,4
936525,4
936526,4
936527,4
936528,4
936529,4
936530,4
936531,4
936532,4
936533,4
936534,4
936535,4
936536,4
936537,4
936538,4
936539,5
936540,4
936541,4
936542,4
936543,4
936544,5
936545,4
936546,4
936547,1
936548,4
936549,4
936550,4
936551,4
936552,1
936553,4
936554,4
936555,4
936556,4
936557,4
936558,4
936559,1
936560,4
936561,4
936562,4
936563,4
936564,5
936565,5
936566,4
936567,4
936568,4
936569,5
936570,4
936571,4
936572,4
936573,4
936574,5
936575,5
936576,5
936577,4
936578,4
936579,4
936580,4
936581,4
936582,4
936583,5
936584,5
936585,4
936586,4
936587,4
936588,4
936589,4
936590,4
936591,4
936592,3
936593,4
936594,4
936595,4
936596,4
936597,4
936598,4
936599,4
936600,4
936601,4
936602,4
936603,5
936604,4
936605,4
936606,4
936607,5
936608,4
936609,4
936610,4
936611,5
936612,4
936613,4
936614,1
936615,5
936616,4
936617,4
936618,5
936619,5
936620,4
936621,4
936622,5
936623,4
936624,4
936625,4
936626,4
936627,4
936628,4
936629,4
936630,4
936631,4
936632,4
936633,5
936634,5
936635,4
936636,4
936637,4
936638,4
936639,4
936640,5
936641,4
936642,4
936643,4
936644,4
936645,4
936646,4
936647,5
936648,5
936649,4
936650,1
936651,5
936652,4
936653,4
936654,4
936655,5
936656,1
936657,4
936658,4
936659,4
936660,4
936661,4
936662,4
936663,4
936664,5
936665,4
936666,4
936667,4
936668,1
936669,1
936670,4
936671,1
936672,4
936673,4
936674,4
936675,5
936676,1
936677,4
936678,4
936679,4
936680,4
936681,4
936682,5
936683,4
936684,4
936685,5
936686,4
936687,4
936688,4
936689,5
936690,4
936691,5
936692,4
936693,1
936694,4
936695,4
936696,4
936697,4
936698,4
936699,5
936700,1
936701,4
936702,4
936703,4
936704,4
936705,4
936706,4
936707,4
936708,4
936709,4
936710,4
936711,4
936712,1
936713,4
936714,4
936715,4
936716,4
936717,4
936718,4
936719,4
936720,4
936721,5
936722,4
936723,4
936724,4
936725,1
936726,5
936727,4
936728,1
936729,4
936730,4
936731,3
936732,1
936733,1
936734,5
936735,4
936736,4
936737,1
936738,4
936739,4
936740,1
936741,4
936742,4
936743,1
936744,4
936745,4
936746,4
936747,4
936748,4
936749,4
936750,4
936751,4
936752,4
936753,4
936754,4
936755,4
936756,4
936757,1
936758,4
936759,4
936760,4
936761,1
936762,4
936763,4
936764,4
936765,4
936766,4
936767,4
936768,4
936769,4
936770,4
936771,4
936772,4
936773,4
936774,4
936775,4
936776,4
936777,4
936778,1
936779,4
936780,4
936781,1
936782,4
936783,4
936784,4
936785,4
936786,4
936787,5
936788,4
936789,1
936790,4
936791,4
936792,4
936793,4
936794,5
936795,4
936796,4
936797,4
936798,4
936799,4
936800,4
936801,4
936802,4
936803,4
936804,4
936805,4
936806,1
936807,4
936808,4
936809,1
936810,4
936811,4
936812,4
936813,1
936814,4
936815,4
936816,4
936817,4
936818,4
936819,4
936820,4
936821,4
936822,4
936823,4
936824,4
936825,4
936826,4
936827,3
936828,4
936829,4
936830,1
936831,4
936832,4
936833,4
936834,4
936835,4
936836,4
936837,4
936838,4
936839,4
936840,1
936841,4
936842,1
936843,4
936844,4
936845,4
936846,4
936847,1
936848,5
936849,4
936850,4
936851,4
936852,4
936853,4
936854,4
936855,4
936856,1
936857,4
936858,4
936859,4
936860,4
936861,4
936862,4
936863,4
936864,4
936865,4
936866,1
936867,4
936868,4
936869,4
936870,4
936871,5
936872,4
936873,4
936874,4
936875,4
936876,4
936877,4
936878,4
936879,4
936880,4
936881,4
936882,4
936883,5
936884,4
936885,4
936886,4
936887,5
936888,4
936889,4
936890,4
936891,4
936892,4
936893,4
936894,4
936895,4
936896,4
936897,4
936898,4
936899,4
936900,4
936901,4
936902,4
936903,4
936904,4
936905,4
936906,4
936907,4
936908,4
936909,1
936910,4
936911,4
936912,4
936913,4
936914,4
936915,4
936916,1
936917,4
936918,4
936919,4
936920,4
936921,4
936922,4
936923,4
936924,4
936925,4
936926,5
936927,4
936928,4
936929,4
936930,1
936931,4
936932,4
936933,4
936934,4
936935,4
936936,1
936937,4
936938,4
936939,1
936940,4
936941,4
936942,1
936943,4
936944,5
936945,4
936946,4
936947,5
936948,4
936949,5
936950,4
936951,4
936952,4
936953,4
936954,4
936955,4
936956,5
936957,4
936958,4
936959,4
936960,4
936961,1
936962,4
936963,4
936964,4
936965,4
936966,4
936967,4
936968,4
936969,4
936970,1
936971,4
936972,4
936973,4
936974,4
936975,4
936976,4
936977,4
936978,4
936979,4
936980,4
936981,4
936982,4
936983,4
936984,4
936985,4
936986,4
936987,4
936988,4
936989,4
936990,4
936991,4
936992,4
936993,4
936994,4
936995,4
936996,4
936997,4
936998,4
936999,4
937000,4
937001,4
937002,1
937003,1
937004,4
937005,4
937006,4
937007,4
937008,4
937009,4
937010,4
937011,4
937012,4
937013,4
937014,4
937015,4
937016,4
937017,4
937018,4
937019,4
937020,4
937021,4
937022,4
937023,4
937024,4
937025,1
937026,4
937027,4
937028,4
937029,4
937030,4
937031,4
937032,5
937033,4
937034,4
937035,4
937036,4
937037,4
937038,4
937039,4
937040,4
937041,1
937042,1
937043,4
937044,4
937045,1
937046,4
937047,4
937048,4
937049,1
937050,4
937051,4
937052,1
937053,4
937054,4
937055,4
937056,4
937057,4
937058,4
937059,4
937060,1
937061,4
937062,4
937063,4
937064,4
937065,4
937066,4
937067,4
937068,3
937069,4
937070,4
937071,4
937072,4
937073,4
937074,5
937075,4
937076,4
937077,5
937078,4
937079,5
937080,4
937081,4
937082,4
937083,1
937084,4
937085,5
937086,4
937087,4
937088,4
937089,1
937090,4
937091,4
937092,4
937093,4
937094,5
937095,5
937096,3
937097,5
937098,4
937099,1
937100,4
937101,4
937102,4
937103,4
937104,1
937105,4
937106,4
937107,4
937108,5
937109,4
937110,4
937111,1
937112,4
937113,4
937114,4
937115,4
937116,5
937117,1
937118,5
937119,4
937120,5
937121,1
937122,4
937123,4
937124,4
937125,4
937126,4
937127,4
937128,4
937129,4
937130,4
937131,1
937132,4
937133,4
937134,4
937135,4
937136,1
937137,4
937138,4
937139,4
937140,4
937141,4
937142,4
937143,4
937144,4
937145,4
937146,4
937147,4
937148,5
937149,4
937150,4
937151,4
937152,4
937153,4
937154,4
937155,4
937156,4
937157,4
937158,4
937159,4
937160,4
937161,4
937162,4
937163,1
937164,5
937165,1
937166,4
937167,4
937168,4
937169,1
937170,4
937171,4
937172,4
937173,5
937174,4
937175,4
937176,4
937177,4
937178,4
937179,4
937180,5
937181,5
937182,5
937183,4
937184,4
937185,4
937186,4
937187,5
937188,4
937189,4
937190,5
937191,4
937192,5
937193,4
937194,4
937195,4
937196,4
937197,5
937198,4
937199,4
937200,4
937201,4
937202,4
937203,4
937204,4
937205,4
937206,1
937207,4
937208,1
937209,4
937210,4
937211,1
937212,5
937213,4
937214,4
937215,4
937216,4
937217,4
937218,4
937219,4
937220,4
937221,4
937222,4
937223,4
937224,4
937225,4
937226,4
937227,4
937228,4
937229,4
937230,4
937231,1
937232,4
937233,4
937234,4
937235,4
937236,5
937237,1
937238,1
937239,4
937240,4
937241,4
937242,4
937243,1
937244,1
937245,4
937246,4
937247,4
937248,4
937249,4
937250,4
937251,4
937252,5
937253,4
937254,4
937255,4
937256,1
937257,4
937258,4
937259,5
937260,4
937261,4
937262,4
937263,4
937264,4
937265,4
937266,4
937267,4
937268,4
937269,5
937270,4
937271,4
937272,4
937273,4
937274,4
937275,4
937276,1
937277,4
937278,4
937279,4
937280,1
937281,1
937282,1
937283,1
937284,1
937285,4
937286,4
937287,4
937288,4
937289,5
937290,4
937291,4
937292,4
937293,4
937294,4
937295,4
937296,5
937297,1
937298,4
937299,4
937300,4
937301,1
937302,4
937303,1
937304,4
937305,4
937306,4
937307,5
937308,4
937309,4
937310,5
937311,4
937312,4
937313,5
937314,1
937315,4
937316,1
937317,4
937318,4
937319,4
937320,4
937321,4
937322,4
937323,5
937324,5
937325,4
937326,4
937327,4
937328,1
937329,4
937330,4
937331,5
937332,1
937333,4
937334,4
937335,4
937336,4
937337,4
937338,4
937339,5
937340,4
937341,5
937342,4
937343,1
937344,4
937345,4
937346,4
937347,4
937348,4
937349,4
937350,4
937351,4
937352,4
937353,4
937354,4
937355,4
937356,4
937357,4
937358,4
937359,1
937360,4
937361,4
937362,4
937363,4
937364,4
937365,4
937366,4
937367,4
937368,4
937369,4
937370,4
937371,4
937372,4
937373,4
937374,4
937375,4
937376,4
937377,4
937378,1
937379,4
937380,4
937381,4
937382,4
937383,4
937384,4
937385,1
937386,1
937387,4
937388,4
937389,4
937390,4
937391,4
937392,4
937393,4
937394,4
937395,4
937396,4
937397,4
937398,4
937399,4
937400,4
937401,4
937402,4
937403,4
937404,4
937405,4
937406,4
937407,1
937408,4
937409,4
937410,4
937411,4
937412,4
937413,4
937414,4
937415,4
937416,4
937417,1
937418,4
937419,4
937420,4
937421,4
937422,4
937423,4
937424,4
937425,4
937426,4
937427,4
937428,4
937429,4
937430,4
937431,5
937432,4
937433,4
937434,4
937435,4
937436,4
937437,4
937438,4
937439,1
937440,4
937441,4
937442,4
937443,4
937444,1
937445,4
937446,4
937447,4
937448,4
937449,4
937450,4
937451,4
937452,4
937453,4
937454,4
937455,1
937456,4
937457,1
937458,4
937459,4
937460,4
937461,4
937462,4
937463,4
937464,4
937465,4
937466,4
937467,4
937468,4
937469,4
937470,4
937471,4
937472,4
937473,1
937474,4
937475,4
937476,4
937477,1
937478,4
937479,1
937480,4
937481,4
937482,4
937483,4
937484,4
937485,1
937486,1
937487,4
937488,4
937489,4
937490,4
937491,1
937492,4
937493,4
937494,4
937495,1
937496,4
937497,4
937498,4
937499,4
937500,4
937501,4
937502,4
937503,4
937504,4
937505,4
937506,4
937507,1
937508,4
937509,4
937510,4
937511,4
937512,5
937513,4
937514,4
937515,5
937516,5
937517,4
937518,4
937519,4
937520,4
937521,1
937522,5
937523,4
937524,4
937525,5
937526,4
937527,4
937528,5
937529,4
937530,4
937531,1
937532,1
937533,4
937534,4
937535,1
937536,4
937537,4
937538,4
937539,4
937540,4
937541,4
937542,4
937543,5
937544,4
937545,4
937546,4
937547,4
937548,5
937549,4
937550,4
937551,4
937552,4
937553,4
937554,4
937555,4
937556,4
937557,5
937558,4
937559,4
937560,4
937561,4
937562,4
937563,4
937564,4
937565,1
937566,4
937567,1
937568,4
937569,4
937570,4
937571,4
937572,4
937573,4
937574,4
937575,4
937576,4
937577,4
937578,4
937579,4
937580,4
937581,4
937582,4
937583,4
937584,4
937585,4
937586,4
937587,1
937588,4
937589,1
937590,1
937591,4
937592,4
937593,4
937594,4
937595,4
937596,4
937597,1
937598,4
937599,4
937600,4
937601,4
937602,1
937603,4
937604,4
937605,4
937606,4
937607,4
937608,4
937609,4
937610,4
937611,4
937612,4
937613,4
937614,4
937615,4
937616,4
937617,4
937618,4
937619,1
937620,4
937621,4
937622,4
937623,4
937624,1
937625,4
937626,4
937627,1
937628,4
937629,1
937630,4
937631,4
937632,4
937633,1
937634,4
937635,4
937636,4
937637,4
937638,4
937639,4
937640,4
937641,4
937642,4
937643,1
937644,4
937645,4
937646,4
937647,4
937648,4
937649,4
937650,4
937651,4
937652,4
937653,1
937654,4
937655,4
937656,4
937657,4
937658,4
937659,4
937660,4
937661,4
937662,4
937663,4
937664,4
937665,4
937666,4
937667,4
937668,4
937669,4
937670,4
937671,4
937672,4
937673,4
937674,4
937675,4
937676,4
937677,4
937678,4
937679,4
937680,3
937681,4
937682,4
937683,4
937684,4
937685,4
937686,4
937687,1
937688,4
937689,4
937690,4
937691,4
937692,4
937693,4
937694,5
937695,1
937696,4
937697,4
937698,4
937699,1
937700,4
937701,4
937702,4
937703,4
937704,4
937705,4
937706,4
937707,4
937708,4
937709,4
937710,4
937711,4
937712,4
937713,4
937714,4
937715,4
937716,4
937717,4
937718,4
937719,4
937720,4
937721,4
937722,4
937723,4
937724,4
937725,4
937726,4
937727,4
937728,4
937729,4
937730,4
937731,4
937732,1
937733,4
937734,4
937735,4
937736,4
937737,4
937738,4
937739,4
937740,4
937741,4
937742,4
937743,4
937744,1
937745,4
937746,4
937747,4
937748,4
937749,4
937750,4
937751,4
937752,4
937753,4
937754,4
937755,4
937756,4
937757,4
937758,4
937759,4
937760,4
937761,1
937762,4
937763,4
937764,4
937765,4
937766,4
937767,4
937768,4
937769,4
937770,4
937771,4
937772,4
937773,4
937774,4
937775,4
937776,4
937777,4
937778,4
937779,4
937780,4
937781,4
937782,4
937783,1
937784,1
937785,4
937786,4
937787,4
937788,4
937789,4
937790,4
937791,4
937792,4
937793,1
937794,1
937795,4
937796,1
937797,4
937798,4
937799,4
937800,4
937801,4
937802,1
937803,4
937804,4
937805,5
937806,4
937807,5
937808,4
937809,1
937810,5
937811,4
937812,5
937813,1
937814,4
937815,4
937816,4
937817,4
937818,4
937819,4
937820,4
937821,4
937822,5
937823,5
937824,4
937825,4
937826,4
937827,4
937828,4
937829,4
937830,4
937831,5
937832,4
937833,4
937834,4
937835,4
937836,4
937837,4
937838,5
937839,1
937840,5
937841,4
937842,4
937843,3
937844,4
937845,4
937846,4
937847,4
937848,4
937849,4
937850,4
937851,4
937852,4
937853,4
937854,4
937855,4
937856,4
937857,4
937858,4
937859,4
937860,4
937861,4
937862,4
937863,1
937864,4
937865,4
937866,4
937867,1
937868,4
937869,4
937870,4
937871,4
937872,4
937873,4
937874,4
937875,1
937876,4
937877,4
937878,4
937879,4
937880,4
937881,4
937882,5
937883,4
937884,4
937885,4
937886,1
937887,4
937888,5
937889,4
937890,1
937891,1
937892,4
937893,5
937894,4
937895,4
937896,4
937897,4
937898,4
937899,4
937900,5
937901,4
937902,4
937903,3
937904,4
937905,4
937906,4
937907,4
937908,1
937909,1
937910,4
937911,4
937912,4
937913,4
937914,4
937915,4
937916,1
937917,4
937918,4
937919,4
937920,4
937921,5
937922,4
937923,4
937924,4
937925,4
937926,4
937927,4
937928,4
937929,4
937930,4
937931,4
937932,1
937933,4
937934,4
937935,4
937936,4
937937,4
937938,4
937939,4
937940,4
937941,4
937942,4
937943,4
937944,4
937945,4
937946,4
937947,4
937948,4
937949,4
937950,4
937951,4
937952,4
937953,1
937954,4
937955,4
937956,4
937957,4
937958,4
937959,1
937960,4
937961,1
937962,1
937963,4
937964,4
937965,4
937966,4
937967,4
937968,4
937969,4
937970,4
937971,4
937972,4
937973,4
937974,5
937975,4
937976,5
937977,4
937978,4
937979,4
937980,4
937981,4
937982,4
937983,4
937984,4
937985,4
937986,4
937987,4
937988,4
937989,4
937990,5
937991,4
937992,4
937993,4
937994,4
937995,5
937996,4
937997,4
937998,5
937999,4
938000,4
938001,1
938002,4
938003,4
938004,4
938005,4
938006,4
938007,4
938008,4
938009,1
938010,4
938011,4
938012,4
938013,1
938014,4
938015,4
938016,4
938017,4
938018,4
938019,4
938020,1
938021,4
938022,1
938023,4
938024,4
938025,4
938026,4
938027,1
938028,4
938029,4
938030,4
938031,4
938032,1
938033,4
938034,1
938035,4
938036,4
938037,4
938038,4
938039,4
938040,4
938041,4
938042,4
938043,4
938044,5
938045,4
938046,4
938047,4
938048,1
938049,5
938050,4
938051,4
938052,4
938053,4
938054,1
938055,4
938056,4
938057,1
938058,4
938059,4
938060,5
938061,4
938062,1
938063,4
938064,4
938065,4
938066,4
938067,4
938068,4
938069,4
938070,4
938071,4
938072,4
938073,4
938074,4
938075,5
938076,4
938077,4
938078,4
938079,4
938080,4
938081,4
938082,4
938083,4
938084,4
938085,4
938086,4
938087,4
938088,4
938089,4
938090,4
938091,4
938092,4
938093,4
938094,4
938095,4
938096,1
938097,4
938098,1
938099,4
938100,5
938101,4
938102,4
938103,4
938104,4
938105,4
938106,4
938107,1
938108,1
938109,4
938110,1
938111,1
938112,5
938113,1
938114,5
938115,1
938116,4
938117,4
938118,4
938119,4
938120,5
938121,4
938122,4
938123,4
938124,4
938125,4
938126,4
938127,4
938128,4
938129,4
938130,4
938131,4
938132,4
938133,5
938134,1
938135,4
938136,4
938137,4
938138,5
938139,4
938140,4
938141,1
938142,4
938143,4
938144,4
938145,4
938146,4
938147,4
938148,4
938149,4
938150,4
938151,4
938152,4
938153,4
938154,4
938155,4
938156,1
938157,4
938158,4
938159,4
938160,4
938161,4
938162,4
938163,4
938164,4
938165,4
938166,4
938167,4
938168,4
938169,4
938170,5
938171,1
938172,4
938173,4
938174,1
938175,4
938176,1
938177,4
938178,4
938179,4
938180,4
938181,4
938182,4
938183,4
938184,4
938185,4
938186,4
938187,4
938188,4
938189,4
938190,4
938191,3
938192,4
938193,4
938194,4
938195,4
938196,4
938197,4
938198,4
938199,4
938200,4
938201,1
938202,4
938203,4
938204,4
938205,4
938206,4
938207,4
938208,4
938209,4
938210,4
938211,4
938212,4
938213,1
938214,4
938215,4
938216,4
938217,4
938218,4
938219,4
938220,4
938221,4
938222,4
938223,4
938224,4
938225,4
938226,4
938227,4
938228,4
938229,4
938230,4
938231,4
938232,4
938233,4
938234,4
938235,4
938236,4
938237,4
938238,4
938239,4
938240,4
938241,4
938242,4
938243,4
938244,4
938245,4
938246,4
938247,1
938248,4
938249,1
938250,4
938251,4
938252,4
938253,4
938254,4
938255,4
938256,4
938257,1
938258,4
938259,4
938260,4
938261,4
938262,4
938263,4
938264,1
938265,4
938266,1
938267,4
938268,4
938269,5
938270,5
938271,5
938272,5
938273,5
938274,5
938275,4
938276,4
938277,4
938278,4
938279,5
938280,1
938281,5
938282,4
938283,4
938284,4
938285,4
938286,1
938287,1
938288,4
938289,4
938290,4
938291,5
938292,5
938293,1
938294,4
938295,4
938296,4
938297,5
938298,4
938299,4
938300,1
938301,4
938302,4
938303,4
938304,4
938305,5
938306,1
938307,1
938308,4
938309,4
938310,1
938311,1
938312,3
938313,5
938314,4
938315,1
938316,4
938317,1
938318,4
938319,4
938320,4
938321,4
938322,4
938323,4
938324,4
938325,4
938326,4
938327,4
938328,5
938329,4
938330,4
938331,4
938332,4
938333,4
938334,4
938335,4
938336,4
938337,4
938338,4
938339,4
938340,4
938341,1
938342,4
938343,4
938344,4
938345,4
938346,1
938347,4
938348,4
938349,4
938350,1
938351,4
938352,4
938353,4
938354,1
938355,4
938356,1
938357,4
938358,4
938359,4
938360,4
938361,1
938362,4
938363,4
938364,4
938365,1
938366,4
938367,4
938368,4
938369,1
938370,4
938371,4
938372,4
938373,5
938374,4
938375,4
938376,5
938377,4
938378,1
938379,4
938380,4
938381,4
938382,3
938383,4
938384,1
938385,4
938386,4
938387,4
938388,4
938389,4
938390,4
938391,4
938392,5
938393,4
938394,4
938395,4
938396,1
938397,4
938398,4
938399,4
938400,4
938401,5
938402,5
938403,4
938404,4
938405,4
938406,4
938407,4
938408,4
938409,4
938410,4
938411,4
938412,4
938413,5
938414,1
938415,4
938416,1
938417,4
938418,4
938419,4
938420,4
938421,4
938422,4
938423,4
938424,4
938425,4
938426,4
938427,4
938428,4
938429,4
938430,4
938431,4
938432,4
938433,1
938434,4
938435,4
938436,4
938437,4
938438,1
938439,5
938440,4
938441,4
938442,4
938443,4
938444,4
938445,4
938446,4
938447,4
938448,4
938449,4
938450,4
938451,5
938452,4
938453,1
938454,4
938455,4
938456,4
938457,4
938458,5
938459,4
938460,4
938461,4
938462,4
938463,5
938464,4
938465,4
938466,4
938467,4
938468,4
938469,5
938470,4
938471,4
938472,4
938473,4
938474,4
938475,5
938476,4
938477,5
938478,4
938479,4
938480,4
938481,4
938482,4
938483,4
938484,4
938485,5
938486,4
938487,4
938488,4
938489,4
938490,4
938491,4
938492,5
938493,4
938494,4
938495,4
938496,1
938497,1
938498,4
938499,4
938500,4
938501,1
938502,4
938503,4
938504,4
938505,4
938506,4
938507,4
938508,4
938509,4
938510,4
938511,4
938512,4
938513,4
938514,4
938515,4
938516,1
938517,4
938518,4
938519,4
938520,4
938521,4
938522,4
938523,4
938524,4
938525,4
938526,4
938527,4
938528,1
938529,4
938530,4
938531,4
938532,4
938533,4
938534,1
938535,4
938536,4
938537,4
938538,4
938539,1
938540,4
938541,1
938542,4
938543,4
938544,4
938545,4
938546,4
938547,4
938548,4
938549,1
938550,4
938551,4
938552,4
938553,4
938554,4
938555,1
938556,4
938557,1
938558,4
938559,4
938560,3
938561,4
938562,4
938563,4
938564,4
938565,4
938566,4
938567,4
938568,4
938569,4
938570,1
938571,4
938572,4
938573,4
938574,4
938575,4
938576,4
938577,4
938578,4
938579,4
938580,1
938581,4
938582,1
938583,4
938584,1
938585,4
938586,1
938587,4
938588,4
938589,4
938590,4
938591,4
938592,4
938593,4
938594,4
938595,1
938596,4
938597,4
938598,1
938599,4
938600,1
938601,4
938602,4
938603,4
938604,4
938605,4
938606,4
938607,4
938608,4
938609,4
938610,5
938611,1
938612,4
938613,4
938614,5
938615,1
938616,4
938617,5
938618,4
938619,4
938620,4
938621,1
938622,4
938623,4
938624,4
938625,4
938626,5
938627,1
938628,4
938629,4
938630,4
938631,4
938632,4
938633,4
938634,4
938635,4
938636,4
938637,4
938638,4
938639,4
938640,4
938641,1
938642,5
938643,4
938644,4
938645,4
938646,4
938647,4
938648,1
938649,1
938650,4
938651,4
938652,4
938653,4
938654,5
938655,4
938656,4
938657,4
938658,4
938659,4
938660,4
938661,4
938662,4
938663,4
938664,4
938665,4
938666,4
938667,4
938668,4
938669,4
938670,4
938671,4
938672,4
938673,4
938674,1
938675,4
938676,4
938677,4
938678,4
938679,4
938680,4
938681,4
938682,4
938683,5
938684,4
938685,4
938686,4
938687,4
938688,4
938689,4
938690,4
938691,4
938692,4
938693,4
938694,1
938695,3
938696,4
938697,3
938698,3
938699,3
938700,3
938701,1
938702,3
938703,3
938704,4
938705,3
938706,3
938707,5
938708,4
938709,3
938710,4
938711,3
938712,3
938713,4
938714,4
938715,4
938716,3
938717,3
938718,4
938719,3
938720,3
938721,3
938722,3
938723,3
938724,5
938725,3
938726,3
938727,3
938728,3
938729,3
938730,3
938731,3
938732,3
938733,3
938734,3
938735,4
938736,3
938737,4
938738,3
938739,1
938740,1
938741,1
938742,1
938743,3
938744,3
938745,3
938746,3
938747,5
938748,3
938749,4
938750,4
938751,3
938752,3
938753,1
938754,3
938755,3
938756,4
938757,4
938758,4
938759,4
938760,4
938761,4
938762,1
938763,4
938764,4
938765,4
938766,4
938767,4
938768,4
938769,4
938770,4
938771,4
938772,1
938773,4
938774,4
938775,4
938776,4
938777,1
938778,4
938779,4
938780,4
938781,4
938782,3
938783,4
938784,4
938785,3
938786,4
938787,4
938788,4
938789,4
938790,1
938791,4
938792,4
938793,1
938794,4
938795,1
938796,4
938797,3
938798,4
938799,4
938800,4
938801,4
938802,3
938803,4
938804,4
938805,3
938806,3
938807,1
938808,4
938809,3
938810,4
938811,4
938812,4
938813,3
938814,3
938815,4
938816,4
938817,4
938818,3
938819,4
938820,4
938821,4
938822,4
938823,3
938824,4
938825,4
938826,4
938827,4
938828,3
938829,4
938830,3
938831,4
938832,1
938833,4
938834,3
938835,4
938836,4
938837,4
938838,4
938839,1
938840,3
938841,4
938842,4
938843,4
938844,4
938845,4
938846,4
938847,4
938848,4
938849,4
938850,4
938851,4
938852,1
938853,4
938854,5
938855,1
938856,4
938857,4
938858,4
938859,3
938860,4
938861,3
938862,4
938863,4
938864,1
938865,4
938866,4
938867,4
938868,4
938869,5
938870,4
938871,4
938872,4
938873,1
938874,4
938875,4
938876,3
938877,4
938878,4
938879,4
938880,4
938881,4
938882,4
938883,4
938884,4
938885,4
938886,1
938887,4
938888,4
938889,4
938890,4
938891,4
938892,4
938893,1
938894,4
938895,4
938896,4
938897,4
938898,4
938899,4
938900,4
938901,4
938902,4
938903,4
938904,4
938905,4
938906,1
938907,4
938908,4
938909,4
938910,4
938911,4
938912,4
938913,4
938914,4
938915,4
938916,4
938917,4
938918,4
938919,1
938920,4
938921,4
938922,4
938923,4
938924,1
938925,4
938926,4
938927,4
938928,1
938929,4
938930,4
938931,4
938932,4
938933,4
938934,4
938935,4
938936,4
938937,4
938938,4
938939,4
938940,4
938941,4
938942,4
938943,5
938944,4
938945,4
938946,4
938947,4
938948,4
938949,5
938950,5
938951,5
938952,5
938953,4
938954,1
938955,4
938956,4
938957,4
938958,4
938959,4
938960,4
938961,4
938962,4
938963,4
938964,4
938965,4
938966,4
938967,4
938968,5
938969,4
938970,4
938971,4
938972,4
938973,4
938974,1
938975,4
938976,4
938977,1
938978,4
938979,4
938980,1
938981,4
938982,5
938983,4
938984,4
938985,4
938986,4
938987,4
938988,4
938989,4
938990,4
938991,1
938992,4
938993,5
938994,4
938995,4
938996,5
938997,4
938998,4
938999,4
939000,4
939001,4
939002,4
939003,4
939004,4
939005,4
939006,4
939007,4
939008,1
939009,4
939010,1
939011,4
939012,4
939013,4
939014,4
939015,4
939016,5
939017,4
939018,1
939019,4
939020,4
939021,1
939022,4
939023,1
939024,4
939025,4
939026,4
939027,1
939028,1
939029,4
939030,4
939031,4
939032,1
939033,4
939034,4
939035,4
939036,4
939037,4
939038,4
939039,4
939040,4
939041,4
939042,4
939043,5
939044,4
939045,5
939046,4
939047,3
939048,4
939049,4
939050,4
939051,4
939052,4
939053,4
939054,4
939055,4
939056,4
939057,4
939058,4
939059,4
939060,4
939061,4
939062,4
939063,4
939064,5
939065,4
939066,4
939067,4
939068,4
939069,5
939070,1
939071,4
939072,1
939073,5
939074,4
939075,4
939076,5
939077,4
939078,4
939079,4
939080,4
939081,1
939082,4
939083,4
939084,4
939085,4
939086,4
939087,5
939088,4
939089,4
939090,4
939091,1
939092,4
939093,4
939094,4
939095,4
939096,4
939097,4
939098,5
939099,4
939100,4
939101,5
939102,5
939103,4
939104,1
939105,4
939106,4
939107,4
939108,4
939109,4
939110,4
939111,4
939112,4
939113,4
939114,4
939115,1
939116,4
939117,4
939118,4
939119,4
939120,4
939121,4
939122,5
939123,4
939124,4
939125,4
939126,4
939127,4
939128,4
939129,4
939130,4
939131,4
939132,4
939133,4
939134,1
939135,4
939136,4
939137,4
939138,4
939139,4
939140,4
939141,1
939142,4
939143,4
939144,4
939145,4
939146,4
939147,4
939148,4
939149,4
939150,4
939151,1
939152,4
939153,4
939154,4
939155,4
939156,4
939157,4
939158,4
939159,4
939160,1
939161,4
939162,4
939163,4
939164,4
939165,4
939166,4
939167,4
939168,4
939169,4
939170,4
939171,1
939172,4
939173,4
939174,4
939175,4
939176,4
939177,4
939178,4
939179,4
939180,4
939181,4
939182,4
939183,4
939184,1
939185,4
939186,1
939187,4
939188,4
939189,4
939190,4
939191,4
939192,4
939193,4
939194,4
939195,4
939196,1
939197,4
939198,4
939199,4
939200,4
939201,4
939202,4
939203,4
939204,4
939205,4
939206,4
939207,4
939208,4
939209,4
939210,5
939211,4
939212,1
939213,4
939214,4
939215,4
939216,5
939217,4
939218,1
939219,4
939220,4
939221,4
939222,4
939223,4
939224,1
939225,4
939226,4
939227,4
939228,4
939229,4
939230,4
939231,4
939232,4
939233,4
939234,4
939235,4
939236,3
939237,4
939238,4
939239,4
939240,1
939241,4
939242,4
939243,4
939244,4
939245,4
939246,4
939247,4
939248,1
939249,4
939250,4
939251,4
939252,4
939253,4
939254,4
939255,1
939256,4
939257,4
939258,4
939259,4
939260,4
939261,4
939262,4
939263,4
939264,4
939265,5
939266,4
939267,1
939268,4
939269,4
939270,4
939271,4
939272,4
939273,4
939274,4
939275,4
939276,5
939277,4
939278,4
939279,4
939280,4
939281,4
939282,4
939283,4
939284,4
939285,4
939286,4
939287,4
939288,4
939289,4
939290,4
939291,4
939292,4
939293,4
939294,4
939295,4
939296,4
939297,4
939298,4
939299,4
939300,4
939301,4
939302,4
939303,5
939304,4
939305,3
939306,4
939307,4
939308,1
939309,4
939310,4
939311,4
939312,4
939313,4
939314,4
939315,1
939316,4
939317,4
939318,4
939319,4
939320,4
939321,4
939322,5
939323,4
939324,4
939325,4
939326,4
939327,4
939328,4
939329,4
939330,5
939331,4
939332,4
939333,4
939334,1
939335,4
939336,4
939337,4
939338,4
939339,4
939340,4
939341,5
939342,4
939343,4
939344,4
939345,4
939346,4
939347,4
939348,4
939349,4
939350,4
939351,4
939352,4
939353,4
939354,4
939355,1
939356,4
939357,4
939358,4
939359,4
939360,1
939361,4
939362,4
939363,4
939364,4
939365,4
939366,4
939367,4
939368,4
939369,4
939370,4
939371,4
939372,4
939373,3
939374,4
939375,4
939376,4
939377,4
939378,4
939379,4
939380,4
939381,4
939382,4
939383,4
939384,1
939385,4
939386,4
939387,4
939388,4
939389,4
939390,1
939391,4
939392,4
939393,4
939394,4
939395,4
939396,4
939397,4
939398,3
939399,4
939400,3
939401,3
939402,5
939403,5
939404,4
939405,1
939406,4
939407,5
939408,4
939409,1
939410,4
939411,4
939412,4
939413,1
939414,4
939415,5
939416,4
939417,4
939418,4
939419,4
939420,4
939421,4
939422,4
939423,4
939424,4
939425,1
939426,4
939427,4
939428,4
939429,1
939430,4
939431,1
939432,1
939433,4
939434,4
939435,5
939436,4
939437,4
939438,4
939439,5
939440,1
939441,4
939442,4
939443,4
939444,4
939445,5
939446,4
939447,4
939448,4
939449,4
939450,4
939451,4
939452,4
939453,4
939454,4
939455,4
939456,4
939457,4
939458,1
939459,4
939460,4
939461,4
939462,4
939463,4
939464,4
939465,4
939466,4
939467,4
939468,4
939469,4
939470,4
939471,4
939472,4
939473,4
939474,4
939475,4
939476,4
939477,4
939478,4
939479,4
939480,4
939481,4
939482,4
939483,4
939484,4
939485,4
939486,4
939487,4
939488,4
939489,1
939490,4
939491,4
939492,4
939493,4
939494,4
939495,4
939496,4
939497,4
939498,4
939499,4
939500,4
939501,4
939502,4
939503,4
939504,4
939505,4
939506,5
939507,4
939508,4
939509,4
939510,4
939511,4
939512,4
939513,4
939514,4
939515,1
939516,4
939517,4
939518,4
939519,4
939520,4
939521,1
939522,4
939523,1
939524,4
939525,1
939526,4
939527,4
939528,4
939529,4
939530,4
939531,4
939532,4
939533,4
939534,4
939535,4
939536,4
939537,4
939538,4
939539,4
939540,4
939541,4
939542,4
939543,4
939544,1
939545,4
939546,4
939547,4
939548,4
939549,4
939550,4
939551,4
939552,4
939553,4
939554,4
939555,5
939556,4
939557,3
939558,3
939559,4
939560,4
939561,4
939562,4
939563,4
939564,4
939565,4
939566,1
939567,4
939568,4
939569,1
939570,4
939571,4
939572,4
939573,4
939574,1
939575,4
939576,4
939577,4
939578,4
939579,4
939580,5
939581,4
939582,4
939583,5
939584,4
939585,5
939586,4
939587,4
939588,4
939589,4
939590,4
939591,4
939592,4
939593,4
939594,4
939595,4
939596,5
939597,4
939598,4
939599,4
939600,4
939601,4
939602,4
939603,4
939604,1
939605,4
939606,4
939607,4
939608,4
939609,4
939610,4
939611,4
939612,4
939613,4
939614,4
939615,4
939616,4
939617,4
939618,4
939619,4
939620,1
939621,4
939622,4
939623,4
939624,4
939625,1
939626,4
939627,4
939628,4
939629,4
939630,4
939631,4
939632,5
939633,4
939634,5
939635,5
939636,4
939637,4
939638,4
939639,4
939640,5
939641,4
939642,1
939643,4
939644,1
939645,5
939646,5
939647,4
939648,4
939649,4
939650,4
939651,4
939652,4
939653,4
939654,4
939655,4
939656,4
939657,4
939658,4
939659,4
939660,4
939661,4
939662,4
939663,4
939664,4
939665,4
939666,4
939667,4
939668,4
939669,4
939670,4
939671,4
939672,5
939673,4
939674,4
939675,4
939676,4
939677,4
939678,1
939679,4
939680,4
939681,4
939682,4
939683,5
939684,5
939685,4
939686,4
939687,4
939688,4
939689,4
939690,4
939691,5
939692,5
939693,4
939694,4
939695,1
939696,4
939697,4
939698,4
939699,4
939700,1
939701,4
939702,4
939703,5
939704,4
939705,4
939706,5
939707,1
939708,4
939709,5
939710,4
939711,4
939712,4
939713,1
939714,4
939715,4
939716,4
939717,4
939718,5
939719,5
939720,5
939721,4
939722,4
939723,4
939724,4
939725,3
939726,1
939727,4
939728,1
939729,4
939730,3
939731,4
939732,5
939733,4
939734,4
939735,4
939736,4
939737,4
939738,4
939739,4
939740,4
939741,1
939742,4
939743,4
939744,4
939745,4
939746,4
939747,5
939748,4
939749,4
939750,4
939751,4
939752,5
939753,4
939754,4
939755,1
939756,4
939757,1
939758,4
939759,4
939760,4
939761,4
939762,4
939763,1
939764,4
939765,4
939766,4
939767,4
939768,4
939769,5
939770,1
939771,4
939772,4
939773,4
939774,5
939775,4
939776,1
939777,4
939778,4
939779,4
939780,4
939781,4
939782,4
939783,5
939784,4
939785,4
939786,4
939787,4
939788,4
939789,1
939790,5
939791,4
939792,4
939793,4
939794,4
939795,4
939796,4
939797,1
939798,4
939799,4
939800,4
939801,4
939802,4
939803,4
939804,1
939805,1
939806,4
939807,4
939808,4
939809,4
939810,4
939811,5
939812,4
939813,4
939814,4
939815,3
939816,5
939817,1
939818,4
939819,4
939820,4
939821,4
939822,4
939823,4
939824,4
939825,1
939826,4
939827,4
939828,4
939829,4
939830,4
939831,4
939832,4
939833,4
939834,4
939835,4
939836,4
939837,4
939838,4
939839,1
939840,3
939841,4
939842,5
939843,4
939844,4
939845,4
939846,4
939847,4
939848,4
939849,4
939850,4
939851,4
939852,4
939853,4
939854,4
939855,1
939856,4
939857,4
939858,4
939859,4
939860,4
939861,4
939862,4
939863,4
939864,4
939865,4
939866,4
939867,4
939868,4
939869,4
939870,4
939871,4
939872,4
939873,4
939874,4
939875,1
939876,4
939877,1
939878,1
939879,4
939880,4
939881,5
939882,4
939883,4
939884,1
939885,4
939886,4
939887,4
939888,4
939889,4
939890,5
939891,4
939892,4
939893,4
939894,4
939895,4
939896,4
939897,4
939898,4
939899,4
939900,4
939901,4
939902,1
939903,4
939904,4
939905,1
939906,4
939907,4
939908,4
939909,5
939910,4
939911,4
939912,4
939913,4
939914,4
939915,4
939916,4
939917,4
939918,4
939919,4
939920,4
939921,4
939922,1
939923,4
939924,4
939925,4
939926,1
939927,4
939928,4
939929,4
939930,4
939931,4
939932,4
939933,4
939934,5
939935,4
939936,5
939937,4
939938,4
939939,4
939940,4
939941,4
939942,4
939943,4
939944,5
939945,4
939946,4
939947,4
939948,4
939949,4
939950,4
939951,1
939952,4
939953,4
939954,4
939955,4
939956,4
939957,1
939958,1
939959,4
939960,4
939961,4
939962,4
939963,4
939964,4
939965,4
939966,5
939967,3
939968,4
939969,4
939970,4
939971,4
939972,5
939973,1
939974,4
939975,4
939976,4
939977,4
939978,4
939979,4
939980,4
939981,4
939982,4
939983,4
939984,4
939985,1
939986,4
939987,4
939988,1
939989,1
939990,4
939991,4
939992,4
939993,4
939994,1
939995,4
939996,1
939997,4
939998,1
939999,1
940000,4
940001,1
940002,4
940003,4
940004,4
940005,4
940006,4
940007,4
940008,4
940009,4
940010,4
940011,4
940012,4
940013,4
940014,4
940015,4
940016,4
940017,4
940018,4
940019,4
940020,4
940021,4
940022,4
940023,4
940024,4
940025,4
940026,4
940027,4
940028,4
940029,4
940030,4
940031,4
940032,4
940033,4
940034,4
940035,4
940036,4
940037,4
940038,4
940039,4
940040,4
940041,1
940042,5
940043,4
940044,4
940045,4
940046,3
940047,4
940048,4
940049,4
940050,4
940051,5
940052,4
940053,4
940054,4
940055,4
940056,4
940057,1
940058,4
940059,5
940060,4
940061,4
940062,4
940063,1
940064,4
940065,4
940066,5
940067,5
940068,4
940069,4
940070,4
940071,4
940072,1
940073,4
940074,4
940075,4
940076,4
940077,4
940078,4
940079,4
940080,4
940081,5
940082,1
940083,1
940084,5
940085,4
940086,4
940087,5
940088,4
940089,4
940090,4
940091,4
940092,4
940093,4
940094,4
940095,4
940096,4
940097,4
940098,1
940099,5
940100,5
940101,5
940102,4
940103,4
940104,5
940105,4
940106,4
940107,4
940108,4
940109,4
940110,4
940111,4
940112,4
940113,4
940114,4
940115,4
940116,4
940117,4
940118,4
940119,4
940120,4
940121,1
940122,4
940123,3
940124,4
940125,4
940126,4
940127,1
940128,1
940129,4
940130,4
940131,4
940132,4
940133,4
940134,4
940135,5
940136,4
940137,4
940138,5
940139,4
940140,4
940141,4
940142,5
940143,4
940144,5
940145,5
940146,4
940147,4
940148,1
940149,4
940150,1
940151,4
940152,4
940153,1
940154,4
940155,4
940156,4
940157,4
940158,4
940159,4
940160,4
940161,4
940162,4
940163,1
940164,4
940165,4
940166,4
940167,5
940168,4
940169,5
940170,4
940171,4
940172,4
940173,1
940174,4
940175,5
940176,4
940177,4
940178,5
940179,4
940180,4
940181,4
940182,4
940183,4
940184,5
940185,4
940186,4
940187,4
940188,4
940189,4
940190,4
940191,1
940192,4
940193,3
940194,1
940195,4
940196,4
940197,5
940198,4
940199,4
940200,1
940201,4
940202,4
940203,4
940204,4
940205,4
940206,5
940207,4
940208,4
940209,4
940210,4
940211,4
940212,5
940213,1
940214,4
940215,5
940216,1
940217,4
940218,4
940219,4
940220,1
940221,4
940222,4
940223,5
940224,1
940225,4
940226,5
940227,5
940228,4
940229,4
940230,4
940231,4
940232,4
940233,4
940234,5
940235,4
940236,1
940237,4
940238,4
940239,4
940240,1
940241,4
940242,5
940243,4
940244,4
940245,4
940246,4
940247,4
940248,4
940249,4
940250,4
940251,4
940252,4
940253,4
940254,4
940255,4
940256,5
940257,4
940258,4
940259,4
940260,4
940261,5
940262,4
940263,4
940264,4
940265,4
940266,4
940267,1
940268,4
940269,4
940270,5
940271,1
940272,4
940273,4
940274,5
940275,5
940276,4
940277,4
940278,4
940279,5
940280,4
940281,4
940282,4
940283,1
940284,4
940285,1
940286,1
940287,4
940288,5
940289,4
940290,5
940291,4
940292,4
940293,4
940294,4
940295,1
940296,4
940297,4
940298,4
940299,4
940300,4
940301,4
940302,4
940303,4
940304,4
940305,5
940306,3
940307,4
940308,1
940309,4
940310,4
940311,4
940312,4
940313,4
940314,4
940315,4
940316,4
940317,4
940318,4
940319,1
940320,4
940321,4
940322,4
940323,4
940324,4
940325,5
940326,4
940327,5
940328,4
940329,4
940330,1
940331,1
940332,4
940333,5
940334,1
940335,4
940336,4
940337,4
940338,4
940339,4
940340,4
940341,4
940342,4
940343,5
940344,1
940345,1
940346,4
940347,5
940348,1
940349,4
940350,4
940351,1
940352,1
940353,4
940354,5
940355,4
940356,4
940357,5
940358,1
940359,4
940360,4
940361,4
940362,4
940363,4
940364,4
940365,4
940366,4
940367,5
940368,4
940369,5
940370,4
940371,4
940372,1
940373,4
940374,4
940375,4
940376,5
940377,4
940378,4
940379,5
940380,1
940381,4
940382,4
940383,4
940384,4
940385,5
940386,4
940387,4
940388,4
940389,4
940390,4
940391,4
940392,4
940393,4
940394,5
940395,4
940396,4
940397,4
940398,4
940399,4
940400,4
940401,4
940402,4
940403,4
940404,4
940405,4
940406,4
940407,4
940408,4
940409,4
940410,4
940411,4
940412,5
940413,5
940414,5
940415,4
940416,4
940417,4
940418,4
940419,1
940420,4
940421,5
940422,4
940423,1
940424,4
940425,4
940426,4
940427,4
940428,5
940429,4
940430,5
940431,4
940432,4
940433,4
940434,4
940435,4
940436,4
940437,4
940438,4
940439,4
940440,4
940441,4
940442,1
940443,4
940444,1
940445,4
940446,4
940447,4
940448,4
940449,1
940450,4
940451,5
940452,3
940453,5
940454,4
940455,4
940456,5
940457,4
940458,4
940459,4
940460,4
940461,5
940462,5
940463,4
940464,4
940465,4
940466,4
940467,4
940468,4
940469,4
940470,4
940471,4
940472,4
940473,4
940474,5
940475,1
940476,4
940477,4
940478,4
940479,5
940480,5
940481,5
940482,4
940483,4
940484,4
940485,4
940486,4
940487,5
940488,4
940489,4
940490,5
940491,4
940492,1
940493,4
940494,5
940495,4
940496,4
940497,4
940498,4
940499,4
940500,5
940501,4
940502,4
940503,4
940504,4
940505,4
940506,4
940507,4
940508,4
940509,4
940510,4
940511,4
940512,4
940513,4
940514,4
940515,4
940516,1
940517,4
940518,4
940519,4
940520,4
940521,1
940522,4
940523,4
940524,4
940525,4
940526,4
940527,4
940528,4
940529,1
940530,4
940531,4
940532,4
940533,4
940534,4
940535,1
940536,4
940537,1
940538,4
940539,4
940540,4
940541,4
940542,4
940543,1
940544,4
940545,4
940546,4
940547,4
940548,4
940549,4
940550,4
940551,4
940552,5
