856553,4
856554,4
856555,4
856556,4
856557,4
856558,4
856559,4
856560,4
856561,4
856562,4
856563,4
856564,1
856565,5
856566,4
856567,4
856568,4
856569,5
856570,4
856571,4
856572,4
856573,4
856574,4
856575,4
856576,4
856577,4
856578,5
856579,4
856580,5
856581,4
856582,5
856583,4
856584,4
856585,4
856586,5
856587,4
856588,1
856589,5
856590,4
856591,4
856592,5
856593,4
856594,3
856595,5
856596,4
856597,3
856598,3
856599,3
856600,5
856601,3
856602,3
856603,5
856604,5
856605,5
856606,4
856607,4
856608,4
856609,4
856610,1
856611,3
856612,4
856613,4
856614,3
856615,4
856616,3
856617,4
856618,3
856619,4
856620,4
856621,5
856622,5
856623,3
856624,3
856625,3
856626,3
856627,4
856628,3
856629,3
856630,4
856631,3
856632,3
856633,3
856634,5
856635,5
856636,5
856637,5
856638,1
856639,4
856640,3
856641,3
856642,3
856643,1
856644,1
856645,3
856646,4
856647,4
856648,4
856649,4
856650,4
856651,1
856652,4
856653,4
856654,4
856655,4
856656,4
856657,4
856658,4
856659,4
856660,4
856661,4
856662,4
856663,4
856664,5
856665,1
856666,4
856667,4
856668,4
856669,4
856670,4
856671,1
856672,4
856673,1
856674,4
856675,4
856676,4
856677,5
856678,4
856679,4
856680,4
856681,4
856682,4
856683,4
856684,4
856685,4
856686,4
856687,4
856688,4
856689,1
856690,4
856691,4
856692,4
856693,4
856694,4
856695,4
856696,4
856697,4
856698,4
856699,4
856700,4
856701,4
856702,1
856703,1
856704,4
856705,4
856706,1
856707,4
856708,4
856709,4
856710,4
856711,4
856712,1
856713,5
856714,4
856715,4
856716,5
856717,5
856718,4
856719,4
856720,5
856721,4
856722,4
856723,4
856724,4
856725,4
856726,1
856727,4
856728,4
856729,4
856730,4
856731,4
856732,4
856733,4
856734,4
856735,4
856736,4
856737,4
856738,4
856739,4
856740,4
856741,1
856742,4
856743,4
856744,4
856745,4
856746,4
856747,4
856748,1
856749,4
856750,4
856751,4
856752,4
856753,4
856754,4
856755,1
856756,1
856757,4
856758,4
856759,1
856760,4
856761,4
856762,4
856763,4
856764,4
856765,4
856766,4
856767,4
856768,4
856769,4
856770,4
856771,4
856772,4
856773,4
856774,4
856775,4
856776,4
856777,4
856778,4
856779,4
856780,4
856781,4
856782,4
856783,4
856784,4
856785,4
856786,4
856787,4
856788,4
856789,4
856790,4
856791,4
856792,4
856793,4
856794,4
856795,4
856796,4
856797,4
856798,4
856799,4
856800,4
856801,1
856802,4
856803,4
856804,4
856805,4
856806,4
856807,3
856808,4
856809,4
856810,4
856811,4
856812,1
856813,4
856814,4
856815,4
856816,4
856817,4
856818,4
856819,4
856820,4
856821,4
856822,4
856823,4
856824,1
856825,1
856826,4
856827,4
856828,4
856829,4
856830,4
856831,1
856832,4
856833,4
856834,4
856835,4
856836,4
856837,1
856838,4
856839,4
856840,1
856841,4
856842,4
856843,4
856844,4
856845,4
856846,4
856847,4
856848,4
856849,4
856850,5
856851,4
856852,4
856853,5
856854,4
856855,5
856856,1
856857,5
856858,4
856859,1
856860,1
856861,4
856862,4
856863,4
856864,4
856865,4
856866,4
856867,4
856868,4
856869,4
856870,4
856871,1
856872,4
856873,4
856874,4
856875,4
856876,4
856877,4
856878,4
856879,4
856880,4
856881,4
856882,4
856883,4
856884,4
856885,4
856886,4
856887,4
856888,4
856889,4
856890,4
856891,1
856892,4
856893,4
856894,4
856895,4
856896,4
856897,4
856898,4
856899,4
856900,4
856901,4
856902,4
856903,4
856904,4
856905,4
856906,4
856907,4
856908,4
856909,4
856910,4
856911,4
856912,4
856913,4
856914,4
856915,4
856916,4
856917,4
856918,1
856919,4
856920,4
856921,4
856922,4
856923,4
856924,4
856925,4
856926,4
856927,4
856928,4
856929,4
856930,4
856931,4
856932,4
856933,4
856934,4
856935,1
856936,4
856937,1
856938,4
856939,4
856940,4
856941,4
856942,4
856943,5
856944,4
856945,5
856946,4
856947,4
856948,4
856949,4
856950,1
856951,1
856952,4
856953,4
856954,1
856955,4
856956,1
856957,1
856958,4
856959,4
856960,1
856961,4
856962,5
856963,4
856964,4
856965,4
856966,4
856967,4
856968,4
856969,4
856970,1
856971,4
856972,4
856973,4
856974,1
856975,4
856976,4
856977,4
856978,4
856979,4
856980,4
856981,1
856982,4
856983,4
856984,4
856985,4
856986,4
856987,4
856988,1
856989,4
856990,5
856991,4
856992,5
856993,4
856994,4
856995,4
856996,1
856997,4
856998,4
856999,4
857000,1
857001,4
857002,5
857003,4
857004,5
857005,4
857006,4
857007,4
857008,4
857009,4
857010,4
857011,1
857012,4
857013,1
857014,4
857015,4
857016,4
857017,1
857018,4
857019,4
857020,4
857021,5
857022,4
857023,5
857024,4
857025,4
857026,4
857027,4
857028,4
857029,1
857030,4
857031,4
857032,4
857033,4
857034,1
857035,4
857036,5
857037,4
857038,5
857039,5
857040,5
857041,4
857042,5
857043,1
857044,4
857045,4
857046,4
857047,4
857048,4
857049,3
857050,1
857051,4
857052,4
857053,4
857054,4
857055,4
857056,4
857057,4
857058,1
857059,4
857060,4
857061,5
857062,4
857063,5
857064,5
857065,4
857066,1
857067,5
857068,4
857069,4
857070,4
857071,4
857072,5
857073,4
857074,5
857075,4
857076,5
857077,4
857078,1
857079,4
857080,4
857081,4
857082,4
857083,4
857084,4
857085,4
857086,4
857087,5
857088,4
857089,4
857090,5
857091,5
857092,1
857093,4
857094,1
857095,4
857096,5
857097,4
857098,4
857099,4
857100,4
857101,1
857102,1
857103,4
857104,5
857105,5
857106,4
857107,4
857108,4
857109,4
857110,4
857111,4
857112,4
857113,4
857114,5
857115,4
857116,5
857117,4
857118,4
857119,4
857120,4
857121,1
857122,5
857123,1
857124,5
857125,5
857126,4
857127,4
857128,4
857129,4
857130,4
857131,1
857132,4
857133,4
857134,1
857135,5
857136,4
857137,4
857138,5
857139,5
857140,1
857141,4
857142,4
857143,5
857144,4
857145,4
857146,5
857147,4
857148,4
857149,4
857150,4
857151,4
857152,1
857153,4
857154,4
857155,4
857156,4
857157,4
857158,4
857159,4
857160,4
857161,4
857162,4
857163,1
857164,4
857165,4
857166,4
857167,4
857168,4
857169,4
857170,4
857171,4
857172,4
857173,4
857174,1
857175,4
857176,4
857177,4
857178,4
857179,4
857180,1
857181,4
857182,4
857183,4
857184,4
857185,1
857186,4
857187,4
857188,4
857189,4
857190,4
857191,1
857192,4
857193,4
857194,4
857195,4
857196,1
857197,4
857198,5
857199,4
857200,4
857201,4
857202,4
857203,4
857204,4
857205,4
857206,4
857207,4
857208,4
857209,4
857210,1
857211,4
857212,4
857213,4
857214,4
857215,4
857216,1
857217,4
857218,4
857219,4
857220,4
857221,4
857222,4
857223,4
857224,4
857225,1
857226,1
857227,4
857228,1
857229,4
857230,4
857231,4
857232,4
857233,4
857234,4
857235,4
857236,4
857237,4
857238,4
857239,4
857240,1
857241,4
857242,4
857243,4
857244,4
857245,4
857246,4
857247,4
857248,5
857249,4
857250,4
857251,4
857252,4
857253,4
857254,4
857255,4
857256,4
857257,4
857258,4
857259,4
857260,1
857261,4
857262,4
857263,4
857264,4
857265,4
857266,4
857267,4
857268,4
857269,4
857270,4
857271,4
857272,4
857273,4
857274,4
857275,4
857276,1
857277,4
857278,4
857279,1
857280,4
857281,4
857282,5
857283,4
857284,4
857285,4
857286,4
857287,4
857288,4
857289,4
857290,4
857291,4
857292,4
857293,4
857294,4
857295,4
857296,4
857297,4
857298,4
857299,4
857300,1
857301,4
857302,4
857303,4
857304,4
857305,5
857306,4
857307,4
857308,4
857309,4
857310,4
857311,4
857312,4
857313,4
857314,4
857315,4
857316,4
857317,4
857318,4
857319,4
857320,4
857321,4
857322,4
857323,4
857324,4
857325,4
857326,4
857327,1
857328,4
857329,4
857330,4
857331,4
857332,4
857333,4
857334,4
857335,4
857336,4
857337,4
857338,4
857339,4
857340,4
857341,4
857342,4
857343,4
857344,4
857345,4
857346,5
857347,4
857348,1
857349,4
857350,3
857351,4
857352,4
857353,4
857354,4
857355,4
857356,4
857357,4
857358,5
857359,4
857360,4
857361,4
857362,4
857363,1
857364,4
857365,4
857366,4
857367,4
857368,4
857369,1
857370,1
857371,4
857372,1
857373,4
857374,1
857375,4
857376,4
857377,4
857378,4
857379,4
857380,4
857381,4
857382,4
857383,4
857384,4
857385,4
857386,4
857387,4
857388,4
857389,4
857390,4
857391,4
857392,4
857393,5
857394,4
857395,4
857396,1
857397,4
857398,3
857399,4
857400,4
857401,4
857402,3
857403,1
857404,4
857405,1
857406,4
857407,4
857408,4
857409,4
857410,3
857411,4
857412,4
857413,4
857414,4
857415,4
857416,4
857417,4
857418,4
857419,4
857420,4
857421,4
857422,5
857423,1
857424,4
857425,4
857426,4
857427,4
857428,4
857429,3
857430,5
857431,4
857432,4
857433,3
857434,4
857435,3
857436,4
857437,4
857438,4
857439,4
857440,4
857441,4
857442,4
857443,1
857444,4
857445,4
857446,4
857447,4
857448,1
857449,4
857450,4
857451,1
857452,5
857453,4
857454,4
857455,4
857456,4
857457,4
857458,4
857459,4
857460,4
857461,4
857462,4
857463,4
857464,1
857465,4
857466,4
857467,4
857468,4
857469,4
857470,4
857471,3
857472,4
857473,4
857474,4
857475,5
857476,4
857477,4
857478,4
857479,4
857480,4
857481,1
857482,4
857483,4
857484,4
857485,4
857486,4
857487,4
857488,4
857489,4
857490,4
857491,4
857492,4
857493,4
857494,4
857495,4
857496,4
857497,4
857498,4
857499,4
857500,1
857501,4
857502,4
857503,4
857504,4
857505,4
857506,4
857507,4
857508,4
857509,4
857510,4
857511,4
857512,4
857513,4
857514,4
857515,4
857516,4
857517,4
857518,4
857519,4
857520,4
857521,4
857522,4
857523,4
857524,4
857525,4
857526,4
857527,4
857528,1
857529,4
857530,4
857531,1
857532,4
857533,4
857534,4
857535,4
857536,4
857537,4
857538,4
857539,1
857540,4
857541,1
857542,4
857543,1
857544,4
857545,4
857546,4
857547,4
857548,1
857549,1
857550,4
857551,4
857552,4
857553,4
857554,4
857555,4
857556,4
857557,4
857558,4
857559,4
857560,4
857561,1
857562,1
857563,1
857564,4
857565,3
857566,4
857567,4
857568,4
857569,4
857570,4
857571,4
857572,4
857573,1
857574,4
857575,4
857576,4
857577,4
857578,4
857579,4
857580,4
857581,4
857582,4
857583,4
857584,4
857585,4
857586,4
857587,4
857588,4
857589,1
857590,4
857591,1
857592,4
857593,4
857594,4
857595,4
857596,4
857597,1
857598,1
857599,4
857600,4
857601,4
857602,4
857603,4
857604,5
857605,4
857606,4
857607,4
857608,4
857609,1
857610,4
857611,4
857612,1
857613,4
857614,4
857615,4
857616,1
857617,5
857618,4
857619,4
857620,4
857621,5
857622,4
857623,4
857624,4
857625,5
857626,4
857627,4
857628,4
857629,4
857630,4
857631,4
857632,1
857633,4
857634,4
857635,4
857636,1
857637,4
857638,4
857639,4
857640,4
857641,4
857642,4
857643,4
857644,4
857645,4
857646,4
857647,4
857648,4
857649,4
857650,4
857651,4
857652,1
857653,4
857654,4
857655,4
857656,4
857657,1
857658,1
857659,4
857660,1
857661,1
857662,5
857663,4
857664,1
857665,4
857666,4
857667,1
857668,4
857669,4
857670,4
857671,4
857672,4
857673,4
857674,4
857675,4
857676,4
857677,4
857678,4
857679,1
857680,4
857681,4
857682,4
857683,4
857684,4
857685,4
857686,4
857687,4
857688,4
857689,1
857690,3
857691,4
857692,4
857693,4
857694,4
857695,4
857696,1
857697,4
857698,4
857699,4
857700,1
857701,1
857702,4
857703,4
857704,1
857705,1
857706,4
857707,1
857708,3
857709,4
857710,1
857711,4
857712,1
857713,4
857714,4
857715,4
857716,4
857717,4
857718,4
857719,4
857720,1
857721,4
857722,1
857723,4
857724,4
857725,4
857726,4
857727,5
857728,5
857729,5
857730,1
857731,4
857732,4
857733,4
857734,4
857735,4
857736,4
857737,4
857738,3
857739,4
857740,3
857741,4
857742,4
857743,4
857744,4
857745,1
857746,4
857747,5
857748,4
857749,4
857750,4
857751,4
857752,5
857753,4
857754,4
857755,1
857756,4
857757,1
857758,4
857759,1
857760,3
857761,4
857762,4
857763,4
857764,1
857765,4
857766,4
857767,4
857768,1
857769,4
857770,3
857771,4
857772,4
857773,4
857774,4
857775,4
857776,4
857777,4
857778,4
857779,3
857780,4
857781,4
857782,4
857783,1
857784,4
857785,4
857786,3
857787,4
857788,4
857789,1
857790,1
857791,4
857792,4
857793,4
857794,4
857795,4
857796,4
857797,4
857798,4
857799,4
857800,4
857801,4
857802,4
857803,4
857804,4
857805,4
857806,4
857807,4
857808,4
857809,4
857810,3
857811,4
857812,4
857813,4
857814,1
857815,4
857816,4
857817,5
857818,1
857819,4
857820,5
857821,1
857822,4
857823,4
857824,4
857825,4
857826,4
857827,4
857828,4
857829,1
857830,4
857831,4
857832,4
857833,4
857834,4
857835,4
857836,4
857837,4
857838,1
857839,4
857840,4
857841,4
857842,4
857843,4
857844,4
857845,1
857846,4
857847,5
857848,4
857849,4
857850,4
857851,4
857852,4
857853,1
857854,4
857855,4
857856,4
857857,4
857858,4
857859,1
857860,4
857861,4
857862,4
857863,4
857864,1
857865,4
857866,4
857867,4
857868,1
857869,4
857870,5
857871,3
857872,4
857873,4
857874,4
857875,4
857876,4
857877,4
857878,4
857879,4
857880,4
857881,4
857882,4
857883,4
857884,4
857885,3
857886,4
857887,5
857888,4
857889,4
857890,4
857891,4
857892,1
857893,4
857894,4
857895,1
857896,4
857897,4
857898,4
857899,4
857900,4
857901,4
857902,5
857903,5
857904,4
857905,4
857906,4
857907,1
857908,4
857909,5
857910,4
857911,3
857912,4
857913,4
857914,4
857915,1
857916,3
857917,4
857918,4
857919,4
857920,4
857921,4
857922,4
857923,4
857924,4
857925,4
857926,3
857927,4
857928,4
857929,1
857930,4
857931,4
857932,4
857933,4
857934,4
857935,4
857936,1
857937,4
857938,3
857939,4
857940,4
857941,4
857942,4
857943,5
857944,4
857945,1
857946,3
857947,4
857948,4
857949,5
857950,4
857951,4
857952,4
857953,4
857954,5
857955,4
857956,4
857957,4
857958,4
857959,4
857960,4
857961,4
857962,4
857963,4
857964,4
857965,4
857966,4
857967,4
857968,1
857969,4
857970,4
857971,1
857972,4
857973,4
857974,4
857975,4
857976,3
857977,4
857978,4
857979,4
857980,4
857981,4
857982,4
857983,4
857984,1
857985,4
857986,4
857987,4
857988,1
857989,4
857990,1
857991,4
857992,4
857993,4
857994,1
857995,4
857996,4
857997,4
857998,1
857999,4
858000,4
858001,4
858002,5
858003,4
858004,4
858005,4
858006,4
858007,4
858008,4
858009,1
858010,4
858011,4
858012,4
858013,4
858014,5
858015,1
858016,4
858017,4
858018,4
858019,1
858020,4
858021,4
858022,4
858023,4
858024,4
858025,4
858026,4
858027,4
858028,5
858029,4
858030,4
858031,4
858032,4
858033,4
858034,4
858035,4
858036,4
858037,4
858038,4
858039,4
858040,4
858041,4
858042,4
858043,4
858044,5
858045,4
858046,4
858047,5
858048,5
858049,1
858050,4
858051,4
858052,5
858053,4
858054,4
858055,4
858056,4
858057,4
858058,4
858059,1
858060,4
858061,4
858062,4
858063,4
858064,4
858065,1
858066,4
858067,1
858068,5
858069,5
858070,4
858071,4
858072,4
858073,1
858074,4
858075,4
858076,4
858077,5
858078,5
858079,4
858080,4
858081,4
858082,4
858083,4
858084,4
858085,4
858086,4
858087,4
858088,4
858089,1
858090,4
858091,1
858092,4
858093,4
858094,4
858095,4
858096,4
858097,4
858098,1
858099,4
858100,4
858101,4
858102,4
858103,1
858104,4
858105,4
858106,1
858107,4
858108,4
858109,4
858110,1
858111,4
858112,4
858113,4
858114,4
858115,4
858116,4
858117,4
858118,1
858119,4
858120,4
858121,4
858122,4
858123,4
858124,4
858125,4
858126,4
858127,4
858128,4
858129,5
858130,1
858131,4
858132,4
858133,4
858134,4
858135,1
858136,4
858137,4
858138,4
858139,4
858140,4
858141,4
858142,4
858143,1
858144,4
858145,1
858146,4
858147,4
858148,4
858149,1
858150,4
858151,4
858152,4
858153,4
858154,4
858155,4
858156,4
858157,4
858158,4
858159,4
858160,4
858161,4
858162,1
858163,4
858164,4
858165,1
858166,4
858167,1
858168,4
858169,4
858170,4
858171,4
858172,4
858173,4
858174,4
858175,4
858176,4
858177,4
858178,4
858179,4
858180,4
858181,4
858182,4
858183,4
858184,4
858185,4
858186,1
858187,4
858188,4
858189,4
858190,4
858191,3
858192,3
858193,3
858194,4
858195,3
858196,3
858197,1
858198,4
858199,1
858200,3
858201,3
858202,4
858203,4
858204,4
858205,3
858206,3
858207,3
858208,3
858209,3
858210,3
858211,4
858212,4
858213,3
858214,3
858215,1
858216,4
858217,4
858218,4
858219,4
858220,4
858221,4
858222,4
858223,4
858224,4
858225,4
858226,4
858227,4
858228,1
858229,4
858230,4
858231,4
858232,4
858233,4
858234,4
858235,1
858236,3
858237,4
858238,1
858239,4
858240,4
858241,4
858242,4
858243,4
858244,4
858245,4
858246,1
858247,4
858248,4
858249,4
858250,4
858251,4
858252,4
858253,4
858254,4
858255,1
858256,4
858257,1
858258,4
858259,4
858260,5
858261,4
858262,4
858263,5
858264,4
858265,4
858266,5
858267,4
858268,1
858269,4
858270,4
858271,4
858272,4
858273,4
858274,4
858275,4
858276,4
858277,4
858278,4
858279,4
858280,4
858281,4
858282,4
858283,4
858284,4
858285,4
858286,4
858287,5
858288,5
858289,4
858290,5
858291,5
858292,4
858293,4
858294,4
858295,4
858296,4
858297,4
858298,5
858299,4
858300,4
858301,5
858302,5
858303,4
858304,4
858305,4
858306,5
858307,4
858308,4
858309,4
858310,1
858311,4
858312,5
858313,4
858314,4
858315,4
858316,4
858317,1
858318,5
858319,4
858320,5
858321,4
858322,4
858323,4
858324,4
858325,5
858326,4
858327,1
858328,4
858329,4
858330,4
858331,5
858332,4
858333,4
858334,4
858335,4
858336,4
858337,4
858338,4
858339,4
858340,4
858341,1
858342,5
858343,4
858344,5
858345,4
858346,4
858347,4
858348,1
858349,4
858350,1
858351,4
858352,4
858353,4
858354,4
858355,1
858356,4
858357,1
858358,1
858359,4
858360,4
858361,4
858362,4
858363,1
858364,4
858365,4
858366,4
858367,4
858368,4
858369,4
858370,4
858371,4
858372,4
858373,1
858374,4
858375,4
858376,4
858377,1
858378,4
858379,4
858380,4
858381,4
858382,4
858383,4
858384,4
858385,4
858386,5
858387,4
858388,1
858389,1
858390,4
858391,4
858392,4
858393,1
858394,4
858395,4
858396,4
858397,4
858398,4
858399,4
858400,1
858401,4
858402,4
858403,4
858404,4
858405,4
858406,4
858407,4
858408,4
858409,4
858410,4
858411,4
858412,4
858413,4
858414,4
858415,4
858416,4
858417,1
858418,4
858419,1
858420,4
858421,4
858422,4
858423,4
858424,4
858425,4
858426,4
858427,1
858428,4
858429,5
858430,4
858431,4
858432,4
858433,4
858434,1
858435,1
858436,4
858437,4
858438,4
858439,4
858440,4
858441,4
858442,4
858443,4
858444,5
858445,4
858446,4
858447,4
858448,4
858449,4
858450,4
858451,4
858452,4
858453,4
858454,1
858455,4
858456,4
858457,4
858458,4
858459,4
858460,4
858461,4
858462,4
858463,4
858464,4
858465,4
858466,4
858467,4
858468,4
858469,4
858470,4
858471,4
858472,4
858473,4
858474,4
858475,4
858476,4
858477,5
858478,4
858479,4
858480,4
858481,4
858482,4
858483,4
858484,4
858485,4
858486,4
858487,4
858488,4
858489,1
858490,4
858491,4
858492,4
858493,4
858494,4
858495,4
858496,4
858497,4
858498,4
858499,4
858500,4
858501,4
858502,4
858503,1
858504,4
858505,4
858506,4
858507,4
858508,4
858509,4
858510,4
858511,4
858512,1
858513,4
858514,4
858515,4
858516,4
858517,4
858518,4
858519,1
858520,1
858521,4
858522,4
858523,4
858524,4
858525,1
858526,4
858527,4
858528,4
858529,4
858530,1
858531,4
858532,4
858533,4
858534,4
858535,4
858536,4
858537,5
858538,1
858539,4
858540,4
858541,1
858542,4
858543,5
858544,4
858545,1
858546,4
858547,4
858548,4
858549,4
858550,4
858551,4
858552,4
858553,4
858554,4
858555,4
858556,5
858557,4
858558,5
858559,4
858560,4
858561,5
858562,5
858563,5
858564,5
858565,4
858566,4
858567,4
858568,4
858569,4
858570,4
858571,4
858572,4
858573,4
858574,1
858575,4
858576,4
858577,4
858578,4
858579,4
858580,5
858581,4
858582,4
858583,4
858584,1
858585,4
858586,4
858587,4
858588,4
858589,4
858590,5
858591,4
858592,1
858593,1
858594,5
858595,4
858596,4
858597,4
858598,4
858599,4
858600,4
858601,4
858602,1
858603,4
858604,4
858605,4
858606,4
858607,5
858608,1
858609,4
858610,1
858611,4
858612,4
858613,4
858614,1
858615,4
858616,4
858617,4
858618,4
858619,4
858620,4
858621,4
858622,1
858623,4
858624,4
858625,4
858626,4
858627,1
858628,4
858629,4
858630,4
858631,4
858632,4
858633,4
858634,4
858635,5
858636,4
858637,4
858638,1
858639,4
858640,4
858641,4
858642,4
858643,1
858644,5
858645,5
858646,4
858647,5
858648,4
858649,5
858650,4
858651,4
858652,4
858653,4
858654,4
858655,4
858656,4
858657,4
858658,4
858659,4
858660,5
858661,4
858662,4
858663,5
858664,4
858665,4
858666,4
858667,4
858668,1
858669,4
858670,4
858671,5
858672,1
858673,4
858674,4
858675,4
858676,4
858677,4
858678,4
858679,4
858680,4
858681,4
858682,4
858683,4
858684,4
858685,5
858686,4
858687,4
858688,4
858689,4
858690,4
858691,4
858692,5
858693,4
858694,4
858695,4
858696,4
858697,4
858698,4
858699,4
858700,1
858701,5
858702,1
858703,4
858704,4
858705,4
858706,4
858707,1
858708,4
858709,1
858710,4
858711,1
858712,4
858713,1
858714,4
858715,4
858716,5
858717,1
858718,4
858719,4
858720,4
858721,4
858722,4
858723,1
858724,4
858725,4
858726,4
858727,4
858728,4
858729,4
858730,1
858731,4
858732,4
858733,4
858734,4
858735,4
858736,4
858737,4
858738,4
858739,4
858740,4
858741,4
858742,4
858743,4
858744,4
858745,4
858746,4
858747,4
858748,4
858749,4
858750,4
858751,4
858752,4
858753,1
858754,4
858755,4
858756,4
858757,4
858758,4
858759,4
858760,1
858761,5
858762,1
858763,4
858764,1
858765,4
858766,4
858767,5
858768,3
858769,4
858770,4
858771,4
858772,4
858773,5
858774,5
858775,4
858776,4
858777,4
858778,4
858779,4
858780,4
858781,4
858782,4
858783,4
858784,4
858785,4
858786,4
858787,4
858788,4
858789,4
858790,4
858791,4
858792,4
858793,4
858794,4
858795,4
858796,1
858797,4
858798,5
858799,5
858800,5
858801,4
858802,3
858803,5
858804,3
858805,5
858806,5
858807,5
858808,5
858809,1
858810,4
858811,4
858812,3
858813,4
858814,5
858815,5
858816,5
858817,4
858818,3
858819,4
858820,1
858821,3
858822,4
858823,3
858824,5
858825,4
858826,5
858827,4
858828,4
858829,3
858830,3
858831,4
858832,1
858833,3
858834,1
858835,3
858836,1
858837,4
858838,4
858839,3
858840,4
858841,4
858842,1
858843,1
858844,3
858845,4
858846,1
858847,4
858848,4
858849,4
858850,4
858851,4
858852,4
858853,3
858854,3
858855,3
858856,5
858857,5
858858,4
858859,4
858860,5
858861,4
858862,4
858863,4
858864,4
858865,5
858866,1
858867,4
858868,4
858869,4
858870,4
858871,4
858872,4
858873,4
858874,1
858875,1
858876,4
858877,4
858878,4
858879,4
858880,4
858881,4
858882,5
858883,4
858884,4
858885,4
858886,4
858887,5
858888,4
858889,4
858890,1
858891,4
858892,5
858893,4
858894,4
858895,4
858896,4
858897,4
858898,3
858899,4
858900,4
858901,4
858902,4
858903,4
858904,4
858905,4
858906,4
858907,1
858908,4
858909,5
858910,4
858911,3
858912,4
858913,4
858914,1
858915,4
858916,1
858917,4
858918,4
858919,4
858920,1
858921,4
858922,4
858923,5
858924,4
858925,4
858926,4
858927,4
858928,4
858929,5
858930,3
858931,4
858932,5
858933,4
858934,5
858935,4
858936,4
858937,4
858938,1
858939,4
858940,4
858941,4
858942,4
858943,4
858944,4
858945,4
858946,1
858947,4
858948,4
858949,4
858950,4
858951,4
858952,4
858953,1
858954,4
858955,4
858956,4
858957,4
858958,4
858959,4
858960,3
858961,4
858962,4
858963,4
858964,4
858965,4
858966,4
858967,4
858968,4
858969,3
858970,5
858971,4
858972,4
858973,4
858974,4
858975,4
858976,4
858977,4
858978,5
858979,1
858980,4
858981,4
858982,3
858983,4
858984,4
858985,1
858986,4
858987,4
858988,4
858989,4
858990,4
858991,4
858992,1
858993,4
858994,4
858995,4
858996,4
858997,4
858998,4
858999,4
859000,4
859001,1
859002,1
859003,1
859004,4
859005,4
859006,1
859007,4
859008,5
859009,4
859010,4
859011,5
859012,4
859013,4
859014,4
859015,1
859016,4
859017,4
859018,4
859019,3
859020,4
859021,4
859022,4
859023,4
859024,1
859025,1
859026,4
859027,4
859028,4
859029,4
859030,4
859031,1
859032,4
859033,5
859034,1
859035,5
859036,4
859037,4
859038,5
859039,4
859040,1
859041,1
859042,4
859043,4
859044,1
859045,4
859046,4
859047,4
859048,4
859049,5
859050,5
859051,5
859052,5
859053,5
859054,4
859055,4
859056,4
859057,4
859058,4
859059,4
859060,5
859061,4
859062,4
859063,5
859064,4
859065,4
859066,5
859067,4
859068,4
859069,1
859070,4
859071,1
859072,5
859073,5
859074,4
859075,1
859076,4
859077,4
859078,5
859079,4
859080,1
859081,4
859082,4
859083,1
859084,4
859085,4
859086,4
859087,4
859088,4
859089,4
859090,4
859091,4
859092,4
859093,4
859094,4
859095,4
859096,4
859097,4
859098,4
859099,4
859100,4
859101,5
859102,4
859103,4
859104,4
859105,4
859106,4
859107,4
859108,4
859109,1
859110,4
859111,4
859112,1
859113,4
859114,4
859115,4
859116,4
859117,1
859118,4
859119,4
859120,5
859121,4
859122,1
859123,4
859124,4
859125,4
859126,4
859127,4
859128,1
859129,4
859130,5
859131,4
859132,4
859133,1
859134,4
859135,4
859136,3
859137,4
859138,4
859139,1
859140,3
859141,4
859142,4
859143,4
859144,3
859145,4
859146,1
859147,4
859148,4
859149,4
859150,1
859151,5
859152,4
859153,5
859154,4
859155,4
859156,3
859157,4
859158,4
859159,4
859160,4
859161,4
859162,4
859163,4
859164,4
859165,4
859166,3
859167,1
859168,4
859169,4
859170,4
859171,4
859172,4
859173,5
859174,4
859175,4
859176,4
859177,4
859178,4
859179,4
859180,4
859181,4
859182,4
859183,4
859184,4
859185,4
859186,4
859187,4
859188,1
859189,4
859190,5
859191,4
859192,4
859193,4
859194,3
859195,4
859196,4
859197,1
859198,4
859199,4
859200,4
859201,5
859202,4
859203,4
859204,3
859205,4
859206,4
859207,4
859208,4
859209,1
859210,4
859211,4
859212,1
859213,4
859214,1
859215,4
859216,4
859217,4
859218,5
859219,4
859220,4
859221,4
859222,4
859223,4
859224,4
859225,4
859226,3
859227,4
859228,4
859229,4
859230,4
859231,3
859232,1
859233,4
859234,4
859235,4
859236,4
859237,4
859238,4
859239,5
859240,4
859241,4
859242,4
859243,4
859244,4
859245,4
859246,4
859247,4
859248,4
859249,4
859250,1
859251,1
859252,4
859253,4
859254,4
859255,4
859256,4
859257,1
859258,4
859259,4
859260,4
859261,4
859262,4
859263,4
859264,4
859265,4
859266,4
859267,4
859268,4
859269,4
859270,4
859271,4
859272,4
859273,4
859274,4
859275,4
859276,4
859277,4
859278,4
859279,4
859280,4
859281,4
859282,4
859283,4
859284,4
859285,4
859286,4
859287,4
859288,4
859289,4
859290,4
859291,4
859292,4
859293,4
859294,4
859295,4
859296,1
859297,1
859298,4
859299,4
859300,1
859301,4
859302,4
859303,1
859304,4
859305,4
859306,4
859307,4
859308,1
859309,4
859310,4
859311,4
859312,4
859313,4
859314,4
859315,4
859316,1
859317,1
859318,4
859319,1
859320,4
859321,1
859322,4
859323,4
859324,1
859325,4
859326,4
859327,4
859328,4
859329,3
859330,4
859331,4
859332,4
859333,4
859334,4
859335,4
859336,3
859337,4
859338,4
859339,4
859340,1
859341,4
859342,4
859343,4
859344,4
859345,4
859346,4
859347,4
859348,3
859349,4
859350,4
859351,4
859352,4
859353,3
859354,4
859355,4
859356,4
859357,4
859358,1
859359,1
859360,4
859361,4
859362,4
859363,4
859364,5
859365,4
859366,4
859367,4
859368,4
859369,4
859370,5
859371,4
859372,4
859373,4
859374,4
859375,4
859376,1
859377,4
859378,1
859379,4
859380,1
859381,4
859382,4
859383,4
859384,5
859385,4
859386,4
859387,1
859388,4
859389,1
859390,5
859391,4
859392,5
859393,4
859394,5
859395,5
859396,4
859397,5
859398,4
859399,4
859400,4
859401,4
859402,1
859403,4
859404,4
859405,1
859406,5
859407,4
859408,4
859409,4
859410,5
859411,4
859412,1
859413,4
859414,4
859415,4
859416,4
859417,4
859418,4
859419,4
859420,4
859421,5
859422,5
859423,4
859424,4
859425,5
859426,4
859427,5
859428,5
859429,4
859430,4
859431,4
859432,4
859433,4
859434,4
859435,1
859436,4
859437,4
859438,4
859439,5
859440,4
859441,5
859442,5
859443,4
859444,4
859445,4
859446,4
859447,4
859448,4
859449,4
859450,4
859451,1
859452,1
859453,1
859454,4
859455,4
859456,4
859457,4
859458,4
859459,4
859460,4
859461,4
859462,4
859463,3
859464,4
859465,4
859466,4
859467,4
859468,1
859469,1
859470,3
859471,1
859472,3
859473,3
859474,3
859475,3
859476,3
859477,3
859478,3
859479,3
859480,3
859481,1
859482,3
859483,3
859484,4
859485,3
859486,3
859487,3
859488,3
859489,3
859490,3
859491,1
859492,4
859493,4
859494,4
859495,4
859496,1
859497,4
859498,4
859499,3
859500,5
859501,4
859502,1
859503,4
859504,4
859505,4
859506,5
859507,4
859508,5
859509,3
859510,4
859511,4
859512,4
859513,5
859514,3
859515,1
859516,5
859517,5
859518,4
859519,3
859520,1
859521,4
859522,4
859523,3
859524,4
859525,4
859526,4
859527,4
859528,4
859529,4
859530,4
859531,5
859532,4
859533,4
859534,5
859535,1
859536,4
859537,4
859538,4
859539,4
859540,4
859541,1
859542,1
859543,4
859544,4
859545,4
859546,4
859547,4
859548,4
859549,4
859550,4
859551,4
859552,4
859553,4
859554,4
859555,1
859556,1
859557,4
859558,1
859559,4
859560,4
859561,4
859562,4
859563,4
859564,4
859565,4
859566,4
859567,4
859568,4
859569,4
859570,4
859571,4
859572,4
859573,4
859574,4
859575,4
859576,4
859577,4
859578,4
859579,4
859580,4
859581,4
859582,4
859583,4
859584,4
859585,4
859586,4
859587,1
859588,4
859589,4
859590,4
859591,4
859592,1
859593,3
859594,4
859595,3
859596,1
859597,3
859598,3
859599,4
859600,4
859601,1
859602,4
859603,4
859604,4
859605,4
859606,4
859607,1
859608,4
859609,4
859610,4
859611,4
859612,1
859613,4
859614,4
859615,4
859616,4
859617,4
859618,1
859619,4
859620,1
859621,1
859622,4
859623,4
859624,4
859625,4
859626,4
859627,4
859628,4
859629,4
859630,4
859631,4
859632,4
859633,4
859634,4
859635,4
859636,4
859637,4
859638,4
859639,4
859640,1
859641,4
859642,4
859643,4
859644,1
859645,4
859646,4
859647,4
859648,4
859649,4
859650,4
859651,4
859652,4
859653,4
859654,4
859655,4
859656,4
859657,4
859658,4
859659,4
859660,4
859661,4
859662,4
859663,4
859664,4
859665,4
859666,4
859667,4
859668,4
859669,1
859670,4
859671,4
859672,4
859673,4
859674,4
859675,4
859676,4
859677,5
859678,5
859679,4
859680,4
859681,4
859682,4
859683,4
859684,1
859685,4
859686,5
859687,4
859688,4
859689,4
859690,4
859691,4
859692,4
859693,4
859694,4
859695,4
859696,4
859697,4
859698,4
859699,4
859700,4
859701,4
859702,4
859703,4
859704,4
859705,4
859706,4
859707,4
859708,4
859709,4
859710,4
859711,4
859712,4
859713,4
859714,4
859715,1
859716,4
859717,4
859718,5
859719,5
859720,4
859721,1
859722,5
859723,4
859724,4
859725,5
859726,4
859727,4
859728,4
859729,4
859730,4
859731,5
859732,4
859733,4
859734,4
859735,4
859736,4
859737,4
859738,4
859739,1
859740,5
859741,5
859742,4
859743,4
859744,4
859745,1
859746,4
859747,4
859748,4
859749,5
859750,4
859751,4
859752,4
859753,4
859754,4
859755,4
859756,4
859757,4
859758,4
859759,4
859760,4
859761,4
859762,5
859763,4
859764,5
859765,4
859766,4
859767,4
859768,1
859769,4
859770,4
859771,4
859772,4
859773,4
859774,4
859775,4
859776,4
859777,4
859778,4
859779,5
859780,5
859781,4
859782,4
859783,1
859784,5
859785,5
859786,4
859787,4
859788,4
859789,1
859790,4
859791,4
859792,4
859793,4
859794,4
859795,4
859796,1
859797,1
859798,4
859799,4
859800,4
859801,4
859802,4
859803,1
859804,3
859805,4
859806,4
859807,4
859808,4
859809,4
859810,4
859811,4
859812,1
859813,4
859814,4
859815,4
859816,4
859817,4
859818,4
859819,4
859820,4
859821,4
859822,4
859823,4
859824,4
859825,1
859826,4
859827,1
859828,4
859829,4
859830,1
859831,5
859832,4
859833,4
859834,1
859835,5
859836,4
859837,1
859838,4
859839,4
859840,4
859841,4
859842,4
859843,5
859844,4
859845,4
859846,4
859847,4
859848,4
859849,4
859850,4
859851,4
859852,4
859853,4
859854,5
859855,1
859856,4
859857,3
859858,4
859859,4
859860,4
859861,4
859862,4
859863,1
859864,4
859865,4
859866,4
859867,4
859868,4
859869,4
859870,4
859871,4
859872,4
859873,4
859874,1
859875,4
859876,4
859877,4
859878,4
859879,4
859880,4
859881,4
859882,4
859883,1
859884,4
859885,3
859886,4
859887,4
859888,4
859889,1
859890,4
859891,4
859892,4
859893,3
859894,4
859895,4
859896,4
859897,3
859898,4
859899,4
859900,4
859901,4
859902,1
859903,4
859904,4
859905,4
859906,4
859907,4
859908,4
859909,4
859910,4
859911,4
859912,4
859913,5
859914,4
859915,4
859916,5
859917,4
859918,4
859919,4
859920,4
859921,4
859922,4
859923,4
859924,1
859925,4
859926,4
859927,4
859928,4
859929,4
859930,4
859931,4
859932,4
859933,5
859934,4
859935,4
859936,4
859937,4
859938,4
859939,4
859940,4
859941,4
859942,4
859943,4
859944,4
859945,1
859946,4
859947,4
859948,4
859949,4
859950,4
859951,5
859952,4
859953,4
859954,1
859955,4
859956,4
859957,4
859958,4
859959,4
859960,4
859961,5
859962,4
859963,4
859964,4
859965,4
859966,4
859967,4
859968,5
859969,4
859970,4
859971,4
859972,4
859973,4
859974,4
859975,4
859976,1
859977,4
859978,4
859979,4
859980,4
859981,4
859982,4
859983,4
859984,4
859985,4
859986,4
859987,4
859988,4
859989,4
859990,4
859991,4
859992,4
859993,4
859994,1
859995,4
859996,4
859997,4
859998,4
859999,5
860000,4
860001,4
860002,4
860003,4
860004,4
860005,4
860006,1
860007,4
860008,4
860009,1
860010,4
860011,4
860012,4
860013,1
860014,4
860015,4
860016,4
860017,4
860018,4
860019,4
860020,4
860021,4
860022,4
860023,4
860024,1
860025,4
860026,4
860027,1
860028,4
860029,4
860030,4
860031,4
860032,1
860033,4
860034,4
860035,4
860036,4
860037,4
860038,4
860039,1
860040,4
860041,4
860042,4
860043,4
860044,4
860045,4
860046,4
860047,4
860048,4
860049,4
860050,4
860051,4
860052,4
860053,4
860054,4
860055,4
860056,1
860057,4
860058,4
860059,4
860060,4
860061,4
860062,1
860063,4
860064,4
860065,3
860066,3
860067,4
860068,4
860069,1
860070,1
860071,4
860072,4
860073,4
860074,4
860075,4
860076,4
860077,1
860078,4
860079,3
860080,4
860081,4
860082,4
860083,1
860084,4
860085,4
860086,4
860087,4
860088,4
860089,4
860090,4
860091,4
860092,4
860093,4
860094,4
860095,1
860096,4
860097,4
860098,4
860099,1
860100,4
860101,4
860102,4
860103,4
860104,4
860105,4
860106,4
860107,4
860108,4
860109,4
860110,4
860111,4
860112,4
860113,4
860114,4
860115,4
860116,4
860117,3
860118,4
860119,4
860120,4
860121,4
860122,4
860123,4
860124,4
860125,4
860126,4
860127,4
860128,4
860129,4
860130,1
860131,4
860132,1
860133,4
860134,4
860135,4
860136,4
860137,4
860138,4
860139,3
860140,4
860141,3
860142,4
860143,4
860144,4
860145,4
860146,4
860147,4
860148,1
860149,3
860150,1
860151,1
860152,4
860153,4
860154,4
860155,4
860156,4
860157,4
860158,1
860159,4
860160,4
860161,4
860162,4
860163,4
860164,4
860165,4
860166,4
860167,4
860168,1
860169,3
860170,4
860171,4
860172,3
860173,4
860174,4
860175,4
860176,4
860177,4
860178,4
860179,3
860180,1
860181,3
860182,4
860183,4
860184,4
860185,4
860186,4
860187,4
860188,1
860189,4
860190,4
860191,4
860192,4
860193,4
860194,1
860195,4
860196,4
860197,4
860198,4
860199,4
860200,4
860201,4
860202,1
860203,3
860204,4
860205,4
860206,1
860207,4
860208,4
860209,4
860210,4
860211,4
860212,4
860213,4
860214,1
860215,4
860216,4
860217,4
860218,4
860219,1
860220,4
860221,4
860222,5
860223,4
860224,5
860225,4
860226,4
860227,4
860228,4
860229,4
860230,4
860231,4
860232,4
860233,4
860234,4
860235,4
860236,4
860237,4
860238,4
860239,4
860240,5
860241,5
860242,5
860243,4
860244,5
860245,4
860246,5
860247,5
860248,4
860249,1
860250,5
860251,4
860252,4
860253,4
860254,4
860255,4
860256,4
860257,4
860258,4
860259,4
860260,4
860261,4
860262,4
860263,4
860264,1
860265,4
860266,4
860267,4
860268,5
860269,4
860270,4
860271,4
860272,4
860273,4
860274,4
860275,4
860276,4
860277,4
860278,5
860279,4
860280,1
860281,4
860282,4
860283,5
860284,4
860285,4
860286,1
860287,4
860288,1
860289,1
860290,4
860291,4
860292,4
860293,4
860294,1
860295,4
860296,4
860297,4
860298,4
860299,4
860300,4
860301,5
860302,4
860303,1
860304,4
860305,4
860306,4
860307,4
860308,4
860309,4
860310,4
860311,1
860312,4
860313,4
860314,4
860315,4
860316,4
860317,4
860318,4
860319,4
860320,4
860321,4
860322,4
860323,4
860324,5
860325,4
860326,1
860327,4
860328,4
860329,4
860330,4
860331,5
860332,4
860333,4
860334,4
860335,5
860336,1
860337,1
860338,4
860339,4
860340,4
860341,4
860342,5
860343,4
860344,4
860345,4
860346,4
860347,4
860348,4
860349,4
860350,4
860351,4
860352,4
860353,1
860354,4
860355,4
860356,4
860357,4
860358,4
860359,4
860360,4
860361,5
860362,4
860363,1
860364,4
860365,5
860366,4
860367,4
860368,4
860369,1
860370,4
860371,1
860372,4
860373,4
860374,5
860375,4
860376,1
860377,4
860378,4
860379,1
860380,4
860381,5
860382,5
860383,4
860384,4
860385,4
860386,4
860387,4
860388,4
860389,4
860390,4
860391,4
860392,1
860393,1
860394,4
860395,4
860396,4
860397,4
860398,1
860399,4
860400,4
860401,4
860402,5
860403,4
860404,4
860405,4
860406,1
860407,4
860408,4
860409,4
860410,4
860411,4
860412,4
860413,5
860414,5
860415,4
860416,4
860417,4
860418,4
860419,4
860420,4
860421,4
860422,4
860423,4
860424,5
860425,4
860426,4
860427,4
860428,4
860429,4
860430,4
860431,4
860432,4
860433,4
860434,4
860435,4
860436,1
860437,5
860438,5
860439,4
860440,4
860441,4
860442,4
860443,4
860444,4
860445,4
860446,4
860447,4
860448,1
860449,1
860450,4
860451,4
860452,4
860453,4
860454,4
860455,4
860456,4
860457,5
860458,4
860459,5
860460,4
860461,1
860462,4
860463,4
860464,5
860465,4
860466,4
860467,4
860468,4
860469,4
860470,4
860471,4
860472,4
860473,4
860474,4
860475,4
860476,5
860477,4
860478,1
860479,4
860480,4
860481,4
860482,5
860483,4
860484,4
860485,4
860486,4
860487,4
860488,1
860489,5
860490,4
860491,4
860492,4
860493,1
860494,4
860495,4
860496,4
860497,4
860498,4
860499,4
860500,4
860501,4
860502,4
860503,4
860504,4
860505,4
860506,4
860507,4
860508,4
860509,4
860510,4
860511,4
860512,4
860513,1
860514,4
860515,4
860516,5
860517,5
860518,4
860519,4
860520,4
860521,4
860522,4
860523,4
860524,4
860525,4
860526,4
860527,1
860528,4
860529,5
860530,4
860531,5
860532,4
860533,4
860534,4
860535,4
860536,4
860537,4
860538,3
860539,4
860540,5
860541,5
860542,4
860543,4
860544,1
860545,4
860546,4
860547,4
860548,5
860549,4
860550,5
860551,4
860552,4
860553,4
860554,4
860555,5
860556,4
860557,4
860558,5
860559,4
860560,4
860561,5
860562,4
860563,4
860564,5
860565,4
860566,4
860567,1
860568,5
860569,4
860570,4
860571,5
860572,5
860573,4
860574,4
860575,4
860576,1
860577,4
860578,4
860579,4
860580,1
860581,4
860582,5
860583,4
860584,4
860585,4
860586,1
860587,4
860588,4
860589,4
860590,4
860591,1
860592,5
860593,5
860594,4
860595,4
860596,4
860597,4
860598,5
860599,4
860600,4
860601,1
860602,4
860603,4
860604,4
860605,4
860606,4
860607,4
860608,5
860609,1
860610,4
860611,5
860612,4
860613,1
860614,5
860615,5
860616,4
860617,1
860618,4
860619,4
860620,4
860621,4
860622,4
860623,1
860624,4
860625,1
860626,1
860627,4
860628,1
860629,5
860630,4
860631,4
860632,4
860633,4
860634,4
860635,5
860636,4
860637,4
860638,4
860639,4
860640,4
860641,5
860642,4
860643,4
860644,4
860645,4
860646,1
860647,4
860648,4
860649,4
860650,4
860651,4
860652,4
860653,1
860654,4
860655,4
860656,4
860657,1
860658,4
860659,4
860660,4
860661,4
860662,4
860663,4
860664,1
860665,4
860666,4
860667,4
860668,4
860669,1
860670,1
860671,5
860672,4
860673,4
860674,4
860675,4
860676,4
860677,4
860678,1
860679,4
860680,5
860681,4
860682,4
860683,4
860684,1
860685,4
860686,4
860687,4
860688,1
860689,4
860690,4
860691,4
860692,4
860693,5
860694,4
860695,4
860696,4
860697,4
860698,4
860699,4
860700,4
860701,5
860702,4
860703,4
860704,1
860705,4
860706,4
860707,1
860708,1
860709,4
860710,4
860711,4
860712,4
860713,4
860714,4
860715,4
860716,4
860717,1
860718,4
860719,5
860720,4
860721,1
860722,4
860723,5
860724,4
860725,4
860726,5
860727,5
860728,4
860729,4
860730,5
860731,4
860732,4
860733,4
860734,4
860735,4
860736,4
860737,4
860738,5
860739,5
860740,1
860741,4
860742,1
860743,1
860744,1
860745,4
860746,4
860747,4
860748,1
860749,4
860750,1
860751,4
860752,5
860753,4
860754,4
860755,4
860756,5
860757,4
860758,4
860759,4
860760,4
860761,4
860762,5
860763,4
860764,1
860765,4
860766,4
860767,4
860768,1
860769,3
860770,4
860771,5
860772,5
860773,4
860774,4
860775,4
860776,4
860777,4
860778,4
860779,1
860780,4
860781,4
860782,4
860783,1
860784,4
860785,4
860786,4
860787,1
860788,4
860789,4
860790,4
860791,4
860792,4
860793,4
860794,4
860795,1
860796,4
860797,4
860798,4
860799,4
860800,4
860801,4
860802,4
860803,4
860804,4
860805,4
860806,4
860807,4
860808,1
860809,1
860810,4
860811,4
860812,4
860813,1
860814,4
860815,4
860816,4
860817,4
860818,4
860819,4
860820,5
860821,1
860822,4
860823,4
860824,4
860825,4
860826,4
860827,4
860828,4
860829,4
860830,4
860831,4
860832,1
860833,4
860834,4
860835,4
860836,4
860837,4
860838,4
860839,4
860840,4
860841,4
860842,4
860843,4
860844,4
860845,4
860846,4
860847,4
860848,1
860849,4
860850,4
860851,4
860852,4
860853,4
860854,4
860855,1
860856,4
860857,4
860858,4
860859,4
860860,4
860861,4
860862,4
860863,4
860864,1
860865,4
860866,4
860867,4
860868,4
860869,4
860870,4
860871,1
860872,4
860873,4
860874,4
860875,4
860876,4
860877,4
860878,4
860879,4
860880,4
860881,4
860882,4
860883,4
860884,4
860885,1
860886,4
860887,4
860888,4
860889,4
860890,4
860891,4
860892,4
860893,4
860894,4
860895,4
860896,4
860897,4
860898,4
860899,4
860900,4
860901,4
860902,4
860903,4
860904,4
860905,4
860906,4
860907,4
860908,4
860909,4
860910,4
860911,4
860912,1
860913,4
860914,4
860915,4
860916,4
860917,4
860918,4
860919,4
860920,4
860921,4
860922,4
860923,4
860924,4
860925,4
860926,4
860927,5
860928,3
860929,1
860930,4
860931,3
860932,3
860933,3
860934,4
860935,4
860936,4
860937,4
860938,4
860939,4
860940,4
860941,4
860942,4
860943,4
860944,4
860945,5
860946,4
860947,4
860948,4
860949,5
860950,4
860951,4
860952,4
860953,1
860954,4
860955,4
860956,4
860957,4
860958,4
860959,4
860960,5
860961,4
860962,4
860963,4
860964,4
860965,4
860966,4
860967,4
860968,4
860969,4
860970,4
860971,5
860972,4
860973,4
860974,4
860975,4
860976,4
860977,4
860978,4
860979,4
860980,4
860981,4
860982,4
860983,4
860984,4
860985,4
860986,4
860987,1
860988,4
860989,3
860990,4
860991,4
860992,4
860993,4
860994,4
860995,1
860996,5
860997,4
860998,4
860999,4
861000,4
861001,4
861002,4
861003,4
861004,4
861005,4
861006,1
861007,4
861008,4
861009,4
861010,4
861011,4
861012,4
861013,4
861014,4
861015,4
861016,4
861017,4
861018,4
861019,4
861020,1
861021,4
861022,4
861023,4
861024,4
861025,4
861026,4
861027,5
861028,4
861029,4
861030,4
861031,4
861032,4
861033,4
861034,4
861035,4
861036,4
861037,4
861038,4
861039,5
861040,4
861041,4
861042,4
861043,4
861044,4
861045,5
861046,4
861047,4
861048,4
861049,4
861050,4
861051,4
861052,4
861053,4
861054,4
861055,5
861056,4
861057,4
861058,4
861059,1
861060,4
861061,4
861062,1
861063,4
861064,4
861065,4
861066,4
861067,4
861068,5
861069,4
861070,4
861071,4
861072,4
861073,4
861074,4
861075,4
861076,4
861077,4
861078,1
861079,1
861080,1
861081,4
861082,4
861083,4
861084,4
861085,1
861086,4
861087,4
861088,4
861089,1
861090,4
861091,4
861092,4
861093,4
861094,4
861095,4
861096,4
861097,4
861098,4
861099,1
861100,4
861101,4
861102,4
861103,4
861104,4
861105,4
861106,4
861107,4
861108,4
861109,1
861110,4
861111,4
861112,4
861113,4
861114,4
861115,4
861116,4
861117,4
861118,4
861119,4
861120,4
861121,4
861122,1
861123,4
861124,4
861125,4
861126,4
861127,4
861128,4
861129,1
861130,4
861131,4
861132,4
861133,4
861134,4
861135,4
861136,4
861137,4
861138,4
861139,4
861140,4
861141,4
861142,4
861143,4
861144,4
861145,5
861146,4
861147,4
861148,4
861149,4
861150,4
861151,1
861152,4
861153,4
861154,4
861155,4
861156,4
861157,4
861158,4
861159,4
861160,4
861161,4
861162,4
861163,4
861164,1
861165,4
861166,4
861167,1
861168,4
861169,4
861170,1
861171,4
861172,5
861173,4
861174,4
861175,4
861176,1
861177,4
861178,4
861179,4
861180,4
861181,4
861182,1
861183,4
861184,4
861185,4
861186,4
861187,4
861188,4
861189,4
861190,4
861191,1
861192,4
861193,4
861194,4
861195,4
861196,4
861197,4
861198,4
861199,1
861200,4
861201,1
861202,4
861203,5
861204,4
861205,1
861206,4
861207,5
861208,4
861209,4
861210,4
861211,4
861212,1
861213,4
861214,4
861215,4
861216,4
861217,4
861218,4
861219,4
861220,4
861221,4
861222,4
861223,4
861224,5
861225,4
861226,4
861227,1
861228,4
861229,4
861230,4
861231,4
861232,1
861233,4
861234,4
861235,1
861236,4
861237,4
861238,4
861239,4
861240,1
861241,4
861242,5
861243,4
861244,4
861245,4
861246,4
861247,4
861248,4
861249,4
861250,1
861251,4
861252,4
861253,4
861254,4
861255,4
861256,1
861257,5
861258,4
861259,4
861260,4
861261,4
861262,4
861263,4
861264,4
861265,4
861266,4
861267,1
861268,1
861269,1
861270,4
861271,4
861272,4
861273,4
861274,4
861275,4
861276,4
861277,4
861278,4
861279,4
861280,4
861281,4
861282,3
861283,4
861284,4
861285,4
861286,1
861287,4
861288,4
861289,4
861290,4
861291,4
861292,3
861293,3
861294,4
861295,4
861296,4
861297,4
861298,4
861299,4
861300,4
861301,4
861302,3
861303,4
861304,3
861305,4
861306,4
861307,1
861308,4
861309,4
861310,4
861311,3
861312,4
861313,1
861314,4
861315,1
861316,1
861317,5
861318,4
861319,4
861320,3
861321,4
861322,4
861323,1
861324,4
861325,4
861326,4
861327,1
861328,1
861329,4
861330,4
861331,5
861332,4
861333,5
861334,4
861335,4
861336,4
861337,4
861338,4
861339,4
861340,1
861341,4
861342,4
861343,4
861344,4
861345,4
861346,4
861347,4
861348,4
861349,4
861350,4
861351,4
861352,4
861353,4
861354,4
861355,4
861356,1
861357,4
861358,4
861359,4
861360,1
861361,4
861362,1
861363,4
861364,4
861365,4
861366,4
861367,4
861368,4
861369,4
861370,4
861371,4
861372,4
861373,5
861374,4
861375,1
861376,4
861377,1
861378,4
861379,4
861380,4
861381,4
861382,4
861383,1
861384,4
861385,4
861386,4
861387,4
861388,4
861389,4
861390,4
861391,4
861392,4
861393,1
861394,4
861395,4
861396,1
861397,4
861398,1
861399,1
861400,4
861401,4
861402,4
861403,3
861404,4
861405,4
861406,4
861407,4
861408,4
861409,4
861410,4
861411,1
861412,3
861413,4
861414,1
861415,4
861416,1
861417,4
861418,4
861419,1
861420,4
861421,4
861422,4
861423,4
861424,4
861425,1
861426,4
861427,4
861428,4
861429,4
861430,1
861431,4
861432,4
861433,4
861434,1
861435,4
861436,1
861437,4
861438,5
861439,1
861440,4
861441,4
861442,4
861443,1
861444,4
861445,4
861446,4
861447,4
861448,4
861449,4
861450,4
861451,4
861452,4
861453,4
861454,4
861455,4
861456,4
861457,4
861458,1
861459,4
861460,4
861461,4
861462,1
861463,5
861464,4
861465,5
861466,4
861467,4
861468,4
861469,4
861470,4
861471,4
861472,4
861473,4
861474,4
861475,4
861476,4
861477,4
861478,4
861479,4
861480,4
861481,1
861482,5
861483,4
861484,4
861485,4
861486,1
861487,4
861488,4
861489,4
861490,4
861491,4
861492,4
861493,1
861494,4
861495,4
861496,4
861497,4
861498,4
861499,4
861500,1
861501,4
861502,4
861503,4
861504,4
861505,4
861506,4
861507,4
861508,1
861509,4
861510,4
861511,4
861512,4
861513,4
861514,1
861515,4
861516,4
861517,4
861518,4
861519,4
861520,4
861521,4
861522,4
861523,4
861524,4
861525,4
861526,4
861527,4
861528,4
861529,4
861530,4
861531,4
861532,4
861533,4
861534,4
861535,4
861536,4
861537,4
861538,4
861539,4
861540,4
861541,4
861542,4
861543,4
861544,4
861545,1
861546,1
861547,4
861548,4
861549,1
861550,4
861551,4
861552,4
861553,4
861554,1
861555,4
861556,4
861557,4
861558,1
861559,4
861560,4
861561,4
861562,4
861563,4
861564,4
861565,1
861566,1
861567,4
861568,4
861569,4
861570,4
861571,4
861572,4
861573,4
861574,4
861575,4
861576,1
861577,4
861578,1
861579,5
861580,4
861581,4
861582,4
861583,1
861584,4
861585,1
861586,4
861587,4
861588,5
861589,1
861590,4
861591,4
861592,4
861593,4
861594,4
861595,4
861596,4
861597,5
861598,4
861599,4
861600,1
861601,4
861602,4
861603,4
861604,4
861605,1
861606,4
861607,4
861608,4
861609,5
861610,4
861611,4
861612,1
861613,4
861614,4
861615,4
861616,4
861617,4
861618,4
861619,4
861620,5
861621,4
861622,1
861623,4
861624,4
861625,4
861626,4
861627,4
861628,4
861629,4
861630,4
861631,4
861632,3
861633,4
861634,4
861635,4
861636,4
861637,3
861638,4
861639,4
861640,4
861641,4
861642,3
861643,3
861644,1
861645,4
861646,4
861647,4
861648,4
861649,4
861650,4
861651,4
861652,1
861653,4
861654,4
861655,4
861656,4
861657,4
861658,4
861659,4
861660,4
861661,4
861662,1
861663,4
861664,3
861665,4
861666,1
861667,4
861668,4
861669,4
861670,4
861671,1
861672,4
861673,4
861674,4
861675,4
861676,4
861677,4
861678,4
861679,4
861680,4
861681,4
861682,4
861683,4
861684,4
861685,3
861686,4
861687,4
861688,4
861689,4
861690,4
861691,4
861692,4
861693,4
861694,4
861695,4
861696,4
861697,4
861698,4
861699,5
861700,5
861701,4
861702,5
861703,4
861704,4
861705,1
861706,4
861707,4
861708,4
861709,4
861710,4
861711,4
861712,4
861713,1
861714,4
861715,4
861716,4
861717,4
861718,3
861719,4
861720,4
861721,4
861722,4
861723,1
861724,1
861725,4
861726,4
861727,4
861728,4
861729,4
861730,4
861731,4
861732,4
861733,4
861734,4
861735,4
861736,4
861737,4
861738,4
861739,4
861740,4
861741,4
861742,4
861743,4
861744,4
861745,4
861746,1
861747,1
861748,4
861749,4
861750,4
861751,4
861752,4
861753,4
861754,4
861755,1
861756,4
861757,1
861758,4
861759,4
861760,4
861761,4
861762,4
861763,4
861764,4
861765,4
861766,4
861767,4
861768,1
861769,4
861770,4
861771,4
861772,4
861773,4
861774,4
861775,4
861776,4
861777,1
861778,4
861779,4
861780,4
861781,1
861782,4
861783,4
861784,4
861785,4
861786,4
861787,4
861788,4
861789,4
861790,4
861791,4
861792,4
861793,1
861794,1
861795,4
861796,4
861797,4
861798,4
861799,4
861800,4
861801,4
861802,4
861803,4
861804,4
861805,1
861806,4
861807,1
861808,4
861809,4
861810,4
861811,4
861812,4
861813,4
861814,4
861815,3
861816,4
861817,4
861818,1
861819,4
861820,4
861821,4
861822,4
861823,4
861824,4
861825,4
861826,4
861827,4
861828,1
861829,4
861830,4
861831,1
861832,1
861833,4
861834,4
861835,4
861836,4
861837,4
861838,4
861839,4
861840,4
861841,4
861842,1
861843,1
861844,5
861845,4
861846,5
861847,4
861848,4
861849,1
861850,4
861851,4
861852,4
861853,4
861854,5
861855,4
861856,4
861857,4
861858,4
861859,4
861860,4
861861,4
861862,5
861863,4
861864,4
861865,4
861866,5
861867,4
861868,4
861869,4
861870,1
861871,4
861872,4
861873,4
861874,4
861875,4
861876,4
861877,4
861878,4
861879,4
861880,1
861881,4
861882,4
861883,4
861884,4
861885,4
861886,4
861887,4
861888,4
861889,5
861890,4
861891,4
861892,4
861893,4
861894,4
861895,4
861896,4
861897,4
861898,4
861899,4
861900,4
861901,4
861902,4
861903,4
861904,4
861905,4
861906,4
861907,4
861908,4
861909,4
861910,4
861911,4
861912,4
861913,4
861914,5
861915,4
861916,4
861917,4
861918,4
861919,4
861920,1
861921,4
861922,4
861923,5
861924,4
861925,4
861926,4
861927,4
861928,4
861929,4
861930,1
861931,4
861932,4
861933,4
861934,4
861935,4
861936,4
861937,4
861938,4
861939,1
861940,4
861941,4
861942,4
861943,4
861944,4
861945,4
861946,4
861947,4
861948,4
861949,1
861950,4
861951,1
861952,4
861953,4
861954,4
861955,5
861956,4
861957,4
861958,1
861959,4
861960,4
861961,4
861962,4
861963,4
861964,5
861965,4
861966,1
861967,4
861968,4
861969,5
861970,4
861971,4
861972,4
861973,4
861974,5
861975,4
861976,1
861977,4
861978,3
861979,1
861980,1
861981,5
861982,4
861983,4
861984,1
861985,4
861986,4
861987,1
861988,4
861989,4
861990,4
861991,4
861992,4
861993,4
861994,4
861995,4
861996,1
861997,4
861998,4
861999,4
862000,4
862001,4
862002,4
862003,4
862004,4
862005,4
862006,4
862007,4
862008,1
862009,4
862010,4
862011,1
862012,1
862013,4
862014,4
862015,1
862016,1
862017,4
862018,4
862019,5
862020,4
862021,4
862022,4
862023,4
862024,4
862025,4
862026,4
862027,4
862028,4
862029,3
862030,3
862031,1
862032,3
862033,3
862034,1
862035,4
862036,4
862037,4
862038,4
862039,4
862040,4
862041,1
862042,4
862043,4
862044,4
862045,4
862046,4
862047,4
862048,4
862049,4
862050,1
862051,4
862052,4
862053,5
862054,4
862055,4
862056,4
862057,4
862058,4
862059,4
862060,4
862061,4
862062,4
862063,4
862064,4
862065,4
862066,4
862067,4
862068,4
862069,4
862070,4
862071,5
862072,3
862073,4
862074,4
862075,4
862076,4
862077,4
862078,4
862079,4
862080,4
862081,1
862082,4
862083,4
862084,4
862085,4
862086,5
862087,4
862088,4
862089,4
862090,4
862091,4
862092,4
862093,4
862094,4
862095,4
862096,4
862097,4
862098,4
862099,1
862100,4
862101,4
862102,4
862103,4
862104,4
862105,4
862106,4
862107,1
862108,4
862109,4
862110,4
862111,4
862112,4
862113,4
862114,4
862115,4
862116,4
862117,4
862118,4
862119,4
862120,4
862121,5
862122,1
862123,4
862124,4
862125,5
862126,4
862127,5
862128,4
862129,1
862130,4
862131,1
862132,4
862133,4
862134,4
862135,4
862136,4
862137,4
862138,4
862139,4
862140,4
862141,4
862142,1
862143,4
862144,4
862145,4
862146,4
862147,4
862148,4
862149,4
862150,4
862151,4
862152,4
862153,4
862154,4
862155,4
862156,4
862157,4
862158,4
862159,4
862160,4
862161,4
862162,4
862163,4
862164,4
862165,4
862166,4
862167,4
862168,4
862169,4
862170,4
862171,4
862172,4
862173,4
862174,4
862175,4
862176,4
862177,4
862178,4
862179,4
862180,1
862181,4
862182,4
862183,4
862184,4
862185,4
862186,1
862187,4
862188,4
862189,4
862190,4
862191,4
862192,4
862193,4
862194,4
862195,4
862196,1
862197,4
862198,4
862199,4
862200,4
862201,4
862202,5
862203,4
862204,4
862205,4
862206,4
862207,5
862208,4
862209,4
862210,4
862211,1
862212,4
862213,4
862214,4
862215,4
862216,1
862217,1
862218,4
862219,4
862220,4
862221,4
862222,4
862223,4
862224,4
862225,4
862226,4
862227,4
862228,4
862229,4
862230,4
862231,4
862232,4
862233,1
862234,4
862235,4
862236,4
862237,1
862238,1
862239,4
862240,4
862241,4
862242,4
862243,4
862244,5
862245,4
862246,1
862247,4
862248,4
862249,4
862250,4
862251,1
862252,4
862253,4
862254,4
862255,4
862256,1
862257,4
862258,4
862259,4
862260,4
862261,4
862262,1
862263,1
862264,1
862265,4
862266,4
862267,4
862268,4
862269,4
862270,4
862271,4
862272,1
862273,4
862274,4
862275,4
862276,4
862277,4
862278,4
862279,4
862280,4
862281,4
862282,4
862283,4
862284,4
862285,1
862286,4
862287,4
862288,4
862289,4
862290,4
862291,1
862292,1
862293,4
862294,4
862295,4
862296,4
862297,4
862298,4
862299,4
862300,4
862301,4
862302,4
862303,4
862304,4
862305,4
862306,4
862307,4
862308,5
862309,5
862310,4
862311,4
862312,4
862313,1
862314,5
862315,4
862316,1
862317,5
862318,5
862319,4
862320,5
862321,1
862322,5
862323,1
862324,4
862325,4
862326,4
862327,5
862328,1
862329,1
862330,1
862331,1
862332,5
862333,4
862334,4
862335,4
862336,4
862337,4
862338,4
862339,4
862340,5
862341,4
862342,5
862343,4
862344,5
862345,1
862346,5
862347,5
862348,4
862349,5
862350,5
862351,4
862352,5
862353,4
862354,5
862355,5
862356,4
862357,1
862358,4
862359,5
862360,4
862361,4
862362,4
862363,4
862364,4
862365,4
862366,4
862367,4
862368,4
862369,5
862370,4
862371,5
862372,4
862373,1
862374,5
862375,4
862376,4
862377,4
862378,4
862379,4
862380,4
862381,4
862382,5
862383,1
862384,4
862385,4
862386,4
862387,4
862388,4
862389,4
862390,4
862391,4
862392,1
862393,4
862394,4
862395,4
862396,4
862397,4
862398,4
862399,4
862400,4
862401,1
862402,4
862403,4
862404,4
862405,4
862406,1
862407,4
862408,4
862409,4
862410,4
862411,4
862412,4
862413,4
862414,4
862415,4
862416,4
862417,1
862418,4
862419,1
862420,4
862421,1
862422,4
862423,4
862424,4
862425,1
862426,4
862427,4
862428,4
862429,4
862430,4
862431,4
862432,4
862433,4
862434,4
862435,1
862436,4
862437,4
862438,4
862439,4
862440,4
862441,4
862442,5
862443,1
862444,4
862445,4
862446,4
862447,4
862448,4
862449,4
862450,4
862451,1
862452,4
862453,4
862454,4
862455,4
862456,4
862457,4
862458,1
862459,4
862460,4
862461,4
862462,4
862463,4
862464,4
862465,4
862466,4
862467,4
862468,4
862469,1
862470,4
862471,4
862472,4
862473,4
862474,4
862475,5
862476,1
862477,4
862478,3
862479,5
862480,4
862481,5
862482,3
862483,4
862484,4
862485,4
862486,4
862487,4
862488,4
862489,4
862490,3
862491,1
862492,4
862493,4
862494,4
862495,4
862496,5
862497,4
862498,4
862499,1
862500,1
862501,5
862502,5
862503,4
862504,4
862505,4
862506,1
862507,1
862508,4
862509,4
862510,3
862511,4
862512,4
862513,4
862514,4
862515,1
862516,4
862517,4
862518,4
862519,4
862520,4
862521,4
862522,3
862523,4
862524,4
862525,1
862526,4
862527,4
862528,1
862529,4
862530,4
862531,4
862532,1
862533,4
862534,1
862535,3
862536,4
862537,4
862538,4
862539,4
862540,4
862541,4
862542,4
862543,4
862544,4
862545,4
862546,1
862547,4
862548,1
862549,1
862550,4
862551,4
862552,4
