844553,5
844554,4
844555,4
844556,4
844557,5
844558,4
844559,4
844560,1
844561,4
844562,4
844563,4
844564,4
844565,4
844566,4
844567,4
844568,4
844569,4
844570,4
844571,4
844572,4
844573,4
844574,4
844575,4
844576,4
844577,4
844578,4
844579,4
844580,4
844581,4
844582,4
844583,4
844584,4
844585,4
844586,4
844587,4
844588,4
844589,4
844590,4
844591,4
844592,4
844593,4
844594,4
844595,4
844596,4
844597,4
844598,4
844599,4
844600,4
844601,4
844602,5
844603,4
844604,4
844605,1
844606,5
844607,1
844608,4
844609,4
844610,4
844611,4
844612,4
844613,1
844614,4
844615,4
844616,4
844617,4
844618,4
844619,4
844620,4
844621,4
844622,4
844623,4
844624,4
844625,4
844626,4
844627,4
844628,1
844629,4
844630,4
844631,4
844632,4
844633,4
844634,4
844635,4
844636,4
844637,1
844638,4
844639,4
844640,4
844641,4
844642,4
844643,4
844644,4
844645,4
844646,4
844647,4
844648,5
844649,4
844650,4
844651,4
844652,4
844653,4
844654,4
844655,4
844656,1
844657,4
844658,4
844659,4
844660,4
844661,4
844662,4
844663,4
844664,4
844665,4
844666,4
844667,4
844668,4
844669,4
844670,4
844671,5
844672,4
844673,4
844674,4
844675,4
844676,4
844677,4
844678,4
844679,4
844680,4
844681,4
844682,4
844683,1
844684,4
844685,4
844686,4
844687,4
844688,4
844689,4
844690,4
844691,4
844692,4
844693,4
844694,4
844695,1
844696,4
844697,4
844698,1
844699,4
844700,4
844701,5
844702,4
844703,4
844704,4
844705,4
844706,4
844707,4
844708,1
844709,4
844710,1
844711,4
844712,4
844713,4
844714,4
844715,1
844716,4
844717,1
844718,4
844719,4
844720,4
844721,4
844722,4
844723,4
844724,4
844725,4
844726,4
844727,4
844728,4
844729,1
844730,4
844731,5
844732,4
844733,4
844734,4
844735,4
844736,4
844737,4
844738,4
844739,4
844740,4
844741,5
844742,4
844743,4
844744,4
844745,5
844746,1
844747,4
844748,4
844749,4
844750,4
844751,5
844752,4
844753,4
844754,4
844755,4
844756,4
844757,4
844758,4
844759,4
844760,4
844761,4
844762,4
844763,4
844764,4
844765,4
844766,4
844767,4
844768,4
844769,4
844770,4
844771,4
844772,1
844773,4
844774,4
844775,4
844776,5
844777,4
844778,4
844779,4
844780,4
844781,4
844782,4
844783,4
844784,4
844785,1
844786,4
844787,4
844788,4
844789,5
844790,4
844791,4
844792,4
844793,1
844794,4
844795,5
844796,4
844797,4
844798,4
844799,1
844800,5
844801,4
844802,4
844803,4
844804,1
844805,4
844806,5
844807,4
844808,1
844809,4
844810,1
844811,4
844812,4
844813,4
844814,4
844815,4
844816,4
844817,4
844818,4
844819,4
844820,4
844821,5
844822,4
844823,4
844824,4
844825,4
844826,4
844827,4
844828,4
844829,4
844830,4
844831,4
844832,1
844833,4
844834,4
844835,4
844836,4
844837,4
844838,4
844839,4
844840,4
844841,4
844842,4
844843,4
844844,1
844845,4
844846,4
844847,4
844848,4
844849,1
844850,1
844851,1
844852,4
844853,4
844854,1
844855,4
844856,1
844857,4
844858,4
844859,4
844860,1
844861,4
844862,1
844863,4
844864,4
844865,4
844866,4
844867,4
844868,4
844869,4
844870,4
844871,4
844872,4
844873,4
844874,4
844875,4
844876,4
844877,4
844878,4
844879,4
844880,4
844881,4
844882,3
844883,1
844884,4
844885,4
844886,4
844887,4
844888,5
844889,4
844890,4
844891,4
844892,4
844893,4
844894,5
844895,4
844896,1
844897,5
844898,4
844899,4
844900,4
844901,4
844902,4
844903,4
844904,4
844905,1
844906,4
844907,4
844908,1
844909,4
844910,4
844911,4
844912,4
844913,4
844914,4
844915,4
844916,4
844917,5
844918,4
844919,4
844920,4
844921,4
844922,1
844923,4
844924,4
844925,4
844926,4
844927,4
844928,4
844929,4
844930,4
844931,4
844932,4
844933,1
844934,4
844935,4
844936,5
844937,3
844938,3
844939,3
844940,3
844941,4
844942,4
844943,4
844944,1
844945,3
844946,3
844947,4
844948,4
844949,4
844950,3
844951,4
844952,3
844953,3
844954,4
844955,4
844956,3
844957,3
844958,3
844959,4
844960,4
844961,4
844962,4
844963,3
844964,4
844965,1
844966,3
844967,5
844968,3
844969,3
844970,3
844971,3
844972,1
844973,4
844974,4
844975,4
844976,4
844977,4
844978,3
844979,4
844980,4
844981,3
844982,3
844983,3
844984,3
844985,4
844986,4
844987,4
844988,1
844989,4
844990,3
844991,3
844992,3
844993,3
844994,3
844995,3
844996,1
844997,3
844998,5
844999,4
845000,1
845001,4
845002,4
845003,1
845004,4
845005,3
845006,3
845007,3
845008,4
845009,4
845010,1
845011,1
845012,3
845013,3
845014,1
845015,1
845016,4
845017,4
845018,1
845019,3
845020,3
845021,4
845022,4
845023,3
845024,5
845025,5
845026,4
845027,4
845028,3
845029,4
845030,3
845031,4
845032,3
845033,3
845034,3
845035,4
845036,4
845037,4
845038,3
845039,4
845040,1
845041,3
845042,4
845043,3
845044,4
845045,5
845046,4
845047,4
845048,3
845049,4
845050,4
845051,4
845052,4
845053,3
845054,3
845055,4
845056,4
845057,4
845058,4
845059,1
845060,3
845061,4
845062,3
845063,1
845064,5
845065,3
845066,4
845067,3
845068,1
845069,4
845070,4
845071,4
845072,4
845073,4
845074,4
845075,1
845076,4
845077,4
845078,4
845079,4
845080,4
845081,4
845082,4
845083,4
845084,4
845085,4
845086,4
845087,4
845088,1
845089,4
845090,4
845091,4
845092,4
845093,4
845094,4
845095,1
845096,4
845097,4
845098,5
845099,4
845100,4
845101,1
845102,4
845103,1
845104,4
845105,1
845106,4
845107,1
845108,4
845109,4
845110,1
845111,4
845112,4
845113,4
845114,1
845115,4
845116,4
845117,4
845118,4
845119,5
845120,4
845121,4
845122,4
845123,1
845124,4
845125,4
845126,4
845127,4
845128,5
845129,5
845130,4
845131,4
845132,4
845133,1
845134,4
845135,1
845136,4
845137,4
845138,4
845139,4
845140,1
845141,4
845142,4
845143,4
845144,4
845145,4
845146,4
845147,4
845148,4
845149,4
845150,4
845151,4
845152,4
845153,1
845154,4
845155,1
845156,4
845157,4
845158,5
845159,4
845160,4
845161,1
845162,4
845163,5
845164,4
845165,4
845166,4
845167,4
845168,4
845169,4
845170,4
845171,4
845172,4
845173,4
845174,4
845175,4
845176,4
845177,4
845178,5
845179,4
845180,4
845181,4
845182,4
845183,4
845184,4
845185,4
845186,4
845187,4
845188,4
845189,4
845190,4
845191,4
845192,4
845193,4
845194,1
845195,4
845196,4
845197,5
845198,4
845199,4
845200,4
845201,4
845202,4
845203,1
845204,4
845205,4
845206,1
845207,4
845208,4
845209,4
845210,4
845211,4
845212,4
845213,1
845214,4
845215,4
845216,4
845217,4
845218,1
845219,4
845220,1
845221,1
845222,4
845223,4
845224,4
845225,4
845226,4
845227,1
845228,4
845229,4
845230,5
845231,4
845232,4
845233,4
845234,4
845235,4
845236,4
845237,4
845238,4
845239,4
845240,4
845241,4
845242,5
845243,5
845244,4
845245,4
845246,4
845247,4
845248,5
845249,4
845250,4
845251,4
845252,4
845253,1
845254,5
845255,4
845256,4
845257,4
845258,4
845259,4
845260,4
845261,4
845262,1
845263,4
845264,4
845265,4
845266,4
845267,4
845268,4
845269,4
845270,4
845271,4
845272,4
845273,4
845274,1
845275,1
845276,4
845277,4
845278,4
845279,4
845280,4
845281,4
845282,4
845283,4
845284,4
845285,4
845286,4
845287,4
845288,4
845289,5
845290,4
845291,4
845292,1
845293,4
845294,4
845295,4
845296,4
845297,4
845298,4
845299,4
845300,4
845301,4
845302,4
845303,5
845304,4
845305,4
845306,5
845307,4
845308,4
845309,4
845310,4
845311,4
845312,4
845313,4
845314,4
845315,4
845316,4
845317,4
845318,4
845319,4
845320,4
845321,4
845322,4
845323,4
845324,4
845325,4
845326,4
845327,4
845328,4
845329,4
845330,4
845331,5
845332,1
845333,4
845334,4
845335,1
845336,4
845337,4
845338,4
845339,4
845340,4
845341,5
845342,1
845343,4
845344,4
845345,4
845346,4
845347,1
845348,5
845349,4
845350,4
845351,4
845352,4
845353,5
845354,4
845355,4
845356,4
845357,4
845358,4
845359,4
845360,4
845361,1
845362,4
845363,4
845364,4
845365,4
845366,4
845367,4
845368,4
845369,4
845370,4
845371,4
845372,4
845373,4
845374,4
845375,5
845376,4
845377,4
845378,4
845379,4
845380,4
845381,4
845382,4
845383,4
845384,4
845385,4
845386,4
845387,1
845388,4
845389,5
845390,4
845391,4
845392,4
845393,1
845394,4
845395,4
845396,4
845397,4
845398,4
845399,4
845400,4
845401,5
845402,4
845403,1
845404,4
845405,4
845406,4
845407,4
845408,4
845409,4
845410,4
845411,4
845412,4
845413,4
845414,4
845415,4
845416,4
845417,4
845418,4
845419,4
845420,1
845421,4
845422,4
845423,4
845424,1
845425,1
845426,4
845427,4
845428,4
845429,4
845430,4
845431,4
845432,4
845433,4
845434,4
845435,4
845436,4
845437,5
845438,1
845439,4
845440,4
845441,4
845442,4
845443,4
845444,4
845445,4
845446,4
845447,4
845448,1
845449,4
845450,4
845451,4
845452,4
845453,4
845454,4
845455,4
845456,4
845457,1
845458,4
845459,4
845460,1
845461,4
845462,4
845463,4
845464,4
845465,4
845466,4
845467,5
845468,4
845469,4
845470,4
845471,4
845472,4
845473,4
845474,4
845475,4
845476,4
845477,4
845478,4
845479,5
845480,4
845481,4
845482,4
845483,4
845484,4
845485,4
845486,4
845487,4
845488,4
845489,1
845490,4
845491,4
845492,4
845493,4
845494,4
845495,4
845496,4
845497,4
845498,1
845499,4
845500,4
845501,4
845502,4
845503,4
845504,4
845505,4
845506,5
845507,4
845508,1
845509,4
845510,1
845511,4
845512,4
845513,1
845514,3
845515,4
845516,4
845517,4
845518,4
845519,4
845520,4
845521,1
845522,4
845523,1
845524,1
845525,4
845526,4
845527,4
845528,1
845529,1
845530,4
845531,4
845532,4
845533,4
845534,4
845535,4
845536,1
845537,4
845538,5
845539,1
845540,1
845541,4
845542,4
845543,4
845544,4
845545,4
845546,4
845547,4
845548,4
845549,4
845550,5
845551,4
845552,4
845553,4
845554,1
845555,4
845556,4
845557,4
845558,4
845559,4
845560,4
845561,4
845562,4
845563,4
845564,4
845565,4
845566,4
845567,4
845568,4
845569,4
845570,4
845571,4
845572,4
845573,4
845574,4
845575,4
845576,4
845577,4
845578,4
845579,4
845580,5
845581,4
845582,4
845583,4
845584,4
845585,4
845586,5
845587,1
845588,1
845589,4
845590,4
845591,1
845592,4
845593,4
845594,1
845595,4
845596,5
845597,4
845598,4
845599,4
845600,4
845601,1
845602,4
845603,5
845604,4
845605,4
845606,4
845607,4
845608,4
845609,4
845610,4
845611,4
845612,4
845613,5
845614,4
845615,4
845616,4
845617,4
845618,4
845619,4
845620,4
845621,4
845622,4
845623,1
845624,4
845625,5
845626,5
845627,5
845628,4
845629,5
845630,1
845631,5
845632,5
845633,4
845634,1
845635,4
845636,4
845637,4
845638,4
845639,4
845640,4
845641,4
845642,4
845643,5
845644,4
845645,4
845646,5
845647,4
845648,4
845649,4
845650,5
845651,5
845652,5
845653,4
845654,1
845655,4
845656,4
845657,4
845658,4
845659,4
845660,4
845661,4
845662,5
845663,4
845664,1
845665,4
845666,4
845667,4
845668,4
845669,4
845670,1
845671,4
845672,4
845673,4
845674,4
845675,4
845676,4
845677,4
845678,4
845679,4
845680,1
845681,5
845682,4
845683,4
845684,5
845685,5
845686,4
845687,5
845688,4
845689,1
845690,4
845691,4
845692,4
845693,1
845694,4
845695,4
845696,3
845697,4
845698,4
845699,4
845700,4
845701,4
845702,4
845703,1
845704,5
845705,4
845706,4
845707,4
845708,4
845709,4
845710,1
845711,4
845712,4
845713,5
845714,4
845715,4
845716,5
845717,4
845718,4
845719,5
845720,4
845721,4
845722,4
845723,4
845724,4
845725,1
845726,4
845727,4
845728,5
845729,4
845730,4
845731,4
845732,5
845733,5
845734,4
845735,5
845736,5
845737,5
845738,5
845739,5
845740,4
845741,4
845742,4
845743,4
845744,4
845745,4
845746,4
845747,5
845748,4
845749,4
845750,5
845751,4
845752,4
845753,4
845754,4
845755,1
845756,4
845757,4
845758,1
845759,4
845760,4
845761,4
845762,4
845763,1
845764,4
845765,4
845766,4
845767,4
845768,4
845769,5
845770,1
845771,4
845772,4
845773,1
845774,1
845775,4
845776,5
845777,4
845778,4
845779,4
845780,4
845781,5
845782,4
845783,1
845784,4
845785,4
845786,4
845787,4
845788,4
845789,4
845790,4
845791,4
845792,4
845793,4
845794,1
845795,4
845796,4
845797,4
845798,5
845799,4
845800,4
845801,4
845802,4
845803,4
845804,4
845805,4
845806,4
845807,1
845808,4
845809,4
845810,4
845811,4
845812,4
845813,4
845814,4
845815,1
845816,4
845817,4
845818,4
845819,4
845820,4
845821,4
845822,4
845823,4
845824,4
845825,4
845826,4
845827,4
845828,1
845829,4
845830,4
845831,4
845832,4
845833,4
845834,4
845835,4
845836,4
845837,4
845838,4
845839,4
845840,4
845841,4
845842,4
845843,4
845844,4
845845,4
845846,4
845847,4
845848,4
845849,4
845850,4
845851,4
845852,1
845853,1
845854,4
845855,4
845856,4
845857,4
845858,4
845859,4
845860,4
845861,4
845862,4
845863,4
845864,4
845865,1
845866,4
845867,4
845868,4
845869,4
845870,1
845871,4
845872,4
845873,4
845874,4
845875,5
845876,3
845877,4
845878,4
845879,1
845880,4
845881,4
845882,4
845883,4
845884,4
845885,4
845886,1
845887,4
845888,4
845889,1
845890,4
845891,1
845892,5
845893,4
845894,4
845895,4
845896,4
845897,4
845898,5
845899,4
845900,5
845901,4
845902,4
845903,4
845904,4
845905,4
845906,4
845907,5
845908,1
845909,4
845910,4
845911,4
845912,4
845913,4
845914,5
845915,5
845916,5
845917,1
845918,4
845919,1
845920,4
845921,4
845922,5
845923,1
845924,4
845925,4
845926,5
845927,5
845928,4
845929,1
845930,4
845931,4
845932,4
845933,1
845934,4
845935,4
845936,4
845937,4
845938,1
845939,4
845940,4
845941,4
845942,4
845943,1
845944,4
845945,4
845946,4
845947,1
845948,4
845949,5
845950,4
845951,4
845952,1
845953,4
845954,4
845955,4
845956,4
845957,4
845958,1
845959,4
845960,4
845961,4
845962,4
845963,4
845964,4
845965,4
845966,4
845967,4
845968,4
845969,4
845970,4
845971,4
845972,4
845973,1
845974,4
845975,4
845976,4
845977,1
845978,5
845979,4
845980,4
845981,4
845982,4
845983,4
845984,4
845985,4
845986,4
845987,4
845988,4
845989,4
845990,1
845991,4
845992,4
845993,4
845994,1
845995,4
845996,4
845997,1
845998,4
845999,4
846000,1
846001,5
846002,4
846003,4
846004,4
846005,1
846006,4
846007,5
846008,4
846009,5
846010,4
846011,4
846012,4
846013,4
846014,4
846015,4
846016,5
846017,4
846018,4
846019,1
846020,1
846021,4
846022,5
846023,3
846024,3
846025,1
846026,5
846027,4
846028,4
846029,4
846030,4
846031,4
846032,4
846033,4
846034,4
846035,4
846036,4
846037,4
846038,4
846039,4
846040,4
846041,1
846042,5
846043,4
846044,4
846045,5
846046,4
846047,4
846048,4
846049,4
846050,4
846051,4
846052,4
846053,4
846054,4
846055,4
846056,4
846057,4
846058,1
846059,4
846060,4
846061,1
846062,4
846063,4
846064,4
846065,4
846066,4
846067,4
846068,4
846069,4
846070,1
846071,1
846072,1
846073,4
846074,1
846075,4
846076,4
846077,4
846078,4
846079,5
846080,4
846081,4
846082,4
846083,4
846084,4
846085,4
846086,1
846087,4
846088,4
846089,4
846090,4
846091,1
846092,4
846093,4
846094,4
846095,4
846096,4
846097,1
846098,4
846099,4
846100,4
846101,4
846102,4
846103,4
846104,1
846105,4
846106,4
846107,4
846108,4
846109,5
846110,4
846111,4
846112,4
846113,4
846114,1
846115,1
846116,1
846117,4
846118,4
846119,4
846120,1
846121,4
846122,4
846123,4
846124,4
846125,4
846126,5
846127,5
846128,5
846129,5
846130,4
846131,4
846132,4
846133,4
846134,5
846135,4
846136,4
846137,4
846138,4
846139,4
846140,4
846141,1
846142,4
846143,4
846144,1
846145,4
846146,1
846147,4
846148,4
846149,5
846150,4
846151,4
846152,4
846153,1
846154,4
846155,4
846156,1
846157,4
846158,4
846159,4
846160,1
846161,4
846162,4
846163,5
846164,3
846165,4
846166,4
846167,4
846168,1
846169,4
846170,4
846171,4
846172,3
846173,4
846174,4
846175,1
846176,3
846177,4
846178,3
846179,1
846180,4
846181,4
846182,4
846183,4
846184,3
846185,4
846186,3
846187,3
846188,4
846189,1
846190,4
846191,4
846192,4
846193,3
846194,3
846195,1
846196,4
846197,4
846198,4
846199,4
846200,4
846201,1
846202,1
846203,4
846204,4
846205,4
846206,4
846207,5
846208,4
846209,4
846210,1
846211,4
846212,4
846213,4
846214,4
846215,1
846216,4
846217,5
846218,4
846219,1
846220,4
846221,4
846222,1
846223,1
846224,4
846225,4
846226,4
846227,4
846228,4
846229,4
846230,4
846231,4
846232,4
846233,4
846234,4
846235,4
846236,4
846237,4
846238,4
846239,4
846240,4
846241,4
846242,4
846243,4
846244,4
846245,4
846246,5
846247,4
846248,4
846249,4
846250,4
846251,4
846252,4
846253,4
846254,4
846255,4
846256,3
846257,4
846258,4
846259,4
846260,4
846261,4
846262,1
846263,4
846264,3
846265,4
846266,4
846267,4
846268,4
846269,4
846270,3
846271,4
846272,1
846273,4
846274,4
846275,4
846276,4
846277,4
846278,4
846279,4
846280,4
846281,5
846282,4
846283,4
846284,1
846285,4
846286,4
846287,4
846288,4
846289,1
846290,4
846291,4
846292,4
846293,4
846294,3
846295,5
846296,1
846297,4
846298,4
846299,4
846300,4
846301,4
846302,4
846303,1
846304,4
846305,4
846306,4
846307,4
846308,4
846309,1
846310,4
846311,4
846312,4
846313,1
846314,4
846315,4
846316,1
846317,4
846318,4
846319,4
846320,4
846321,1
846322,4
846323,4
846324,4
846325,4
846326,4
846327,4
846328,4
846329,1
846330,4
846331,4
846332,4
846333,4
846334,4
846335,4
846336,4
846337,4
846338,4
846339,4
846340,4
846341,1
846342,4
846343,4
846344,4
846345,4
846346,4
846347,4
846348,4
846349,4
846350,4
846351,4
846352,1
846353,1
846354,4
846355,5
846356,1
846357,4
846358,4
846359,4
846360,4
846361,4
846362,4
846363,1
846364,4
846365,4
846366,4
846367,3
846368,3
846369,4
846370,3
846371,4
846372,3
846373,4
846374,3
846375,4
846376,4
846377,3
846378,3
846379,4
846380,1
846381,1
846382,4
846383,4
846384,4
846385,4
846386,3
846387,4
846388,4
846389,1
846390,4
846391,4
846392,3
846393,4
846394,3
846395,4
846396,4
846397,3
846398,1
846399,4
846400,4
846401,4
846402,4
846403,5
846404,4
846405,1
846406,4
846407,4
846408,4
846409,4
846410,4
846411,4
846412,4
846413,4
846414,4
846415,4
846416,1
846417,1
846418,4
846419,4
846420,1
846421,5
846422,4
846423,4
846424,1
846425,4
846426,4
846427,4
846428,1
846429,4
846430,4
846431,1
846432,1
846433,4
846434,4
846435,4
846436,4
846437,4
846438,4
846439,5
846440,4
846441,1
846442,4
846443,4
846444,5
846445,4
846446,1
846447,4
846448,4
846449,4
846450,4
846451,1
846452,4
846453,4
846454,1
846455,4
846456,4
846457,1
846458,4
846459,4
846460,4
846461,4
846462,4
846463,4
846464,4
846465,4
846466,4
846467,5
846468,4
846469,4
846470,4
846471,4
846472,4
846473,4
846474,4
846475,4
846476,4
846477,4
846478,4
846479,4
846480,4
846481,4
846482,4
846483,4
846484,4
846485,1
846486,4
846487,4
846488,4
846489,4
846490,4
846491,4
846492,4
846493,4
846494,4
846495,4
846496,4
846497,4
846498,4
846499,4
846500,1
846501,4
846502,4
846503,4
846504,4
846505,4
846506,1
846507,4
846508,1
846509,4
846510,4
846511,4
846512,4
846513,4
846514,4
846515,4
846516,4
846517,4
846518,4
846519,1
846520,1
846521,1
846522,4
846523,4
846524,4
846525,4
846526,4
846527,1
846528,4
846529,4
846530,4
846531,4
846532,5
846533,4
846534,4
846535,4
846536,4
846537,5
846538,4
846539,4
846540,4
846541,4
846542,5
846543,5
846544,4
846545,4
846546,4
846547,5
846548,4
846549,4
846550,5
846551,4
846552,5
846553,5
846554,1
846555,4
846556,4
846557,4
846558,4
846559,4
846560,1
846561,4
846562,4
846563,4
846564,4
846565,4
846566,4
846567,4
846568,4
846569,4
846570,4
846571,4
846572,4
846573,4
846574,4
846575,4
846576,4
846577,4
846578,4
846579,4
846580,4
846581,4
846582,4
846583,4
846584,4
846585,4
846586,4
846587,4
846588,4
846589,4
846590,4
846591,4
846592,5
846593,4
846594,4
846595,4
846596,4
846597,4
846598,4
846599,4
846600,4
846601,5
846602,1
846603,4
846604,4
846605,4
846606,1
846607,4
846608,4
846609,1
846610,4
846611,4
846612,4
846613,4
846614,4
846615,4
846616,4
846617,1
846618,4
846619,4
846620,4
846621,1
846622,4
846623,4
846624,1
846625,1
846626,4
846627,4
846628,4
846629,4
846630,4
846631,1
846632,5
846633,4
846634,4
846635,4
846636,5
846637,4
846638,5
846639,5
846640,4
846641,4
846642,4
846643,4
846644,4
846645,5
846646,4
846647,1
846648,4
846649,4
846650,4
846651,1
846652,1
846653,1
846654,4
846655,4
846656,1
846657,4
846658,4
846659,4
846660,4
846661,4
846662,4
846663,4
846664,4
846665,4
846666,4
846667,4
846668,4
846669,1
846670,1
846671,4
846672,4
846673,4
846674,4
846675,1
846676,5
846677,4
846678,4
846679,1
846680,4
846681,5
846682,1
846683,4
846684,5
846685,4
846686,4
846687,4
846688,4
846689,1
846690,4
846691,4
846692,4
846693,4
846694,4
846695,4
846696,4
846697,4
846698,4
846699,4
846700,4
846701,4
846702,4
846703,4
846704,4
846705,4
846706,4
846707,4
846708,4
846709,4
846710,4
846711,4
846712,4
846713,4
846714,1
846715,4
846716,4
846717,4
846718,4
846719,4
846720,4
846721,4
846722,4
846723,4
846724,4
846725,4
846726,1
846727,4
846728,4
846729,4
846730,1
846731,4
846732,1
846733,4
846734,4
846735,4
846736,4
846737,4
846738,4
846739,4
846740,4
846741,4
846742,5
846743,4
846744,4
846745,4
846746,4
846747,4
846748,1
846749,4
846750,4
846751,4
846752,4
846753,5
846754,4
846755,4
846756,4
846757,4
846758,4
846759,4
846760,4
846761,4
846762,1
846763,4
846764,4
846765,4
846766,4
846767,4
846768,4
846769,4
846770,4
846771,4
846772,1
846773,4
846774,4
846775,4
846776,4
846777,4
846778,4
846779,1
846780,4
846781,4
846782,4
846783,1
846784,4
846785,4
846786,4
846787,5
846788,4
846789,4
846790,1
846791,4
846792,4
846793,4
846794,4
846795,4
846796,4
846797,4
846798,4
846799,1
846800,4
846801,4
846802,4
846803,4
846804,4
846805,1
846806,4
846807,4
846808,1
846809,4
846810,4
846811,4
846812,1
846813,4
846814,4
846815,1
846816,4
846817,4
846818,4
846819,4
846820,4
846821,4
846822,4
846823,4
846824,4
846825,4
846826,4
846827,4
846828,4
846829,4
846830,4
846831,4
846832,4
846833,4
846834,4
846835,4
846836,4
846837,4
846838,4
846839,4
846840,4
846841,4
846842,1
846843,4
846844,4
846845,4
846846,4
846847,4
846848,4
846849,4
846850,4
846851,4
846852,4
846853,4
846854,1
846855,4
846856,4
846857,4
846858,4
846859,1
846860,4
846861,1
846862,4
846863,4
846864,4
846865,4
846866,4
846867,3
846868,4
846869,4
846870,4
846871,4
846872,4
846873,4
846874,4
846875,4
846876,4
846877,4
846878,1
846879,4
846880,4
846881,1
846882,4
846883,4
846884,4
846885,1
846886,4
846887,5
846888,4
846889,4
846890,4
846891,3
846892,5
846893,4
846894,4
846895,4
846896,4
846897,4
846898,3
846899,5
846900,3
846901,4
846902,4
846903,3
846904,5
846905,4
846906,3
846907,4
846908,3
846909,3
846910,4
846911,3
846912,4
846913,3
846914,3
846915,4
846916,3
846917,4
846918,5
846919,1
846920,4
846921,4
846922,4
846923,4
846924,4
846925,4
846926,4
846927,4
846928,4
846929,4
846930,4
846931,4
846932,1
846933,4
846934,1
846935,1
846936,4
846937,4
846938,4
846939,4
846940,4
846941,4
846942,1
846943,4
846944,4
846945,4
846946,4
846947,4
846948,4
846949,4
846950,4
846951,4
846952,4
846953,4
846954,4
846955,4
846956,4
846957,1
846958,4
846959,4
846960,5
846961,4
846962,4
846963,4
846964,4
846965,4
846966,4
846967,4
846968,4
846969,4
846970,1
846971,4
846972,4
846973,5
846974,4
846975,4
846976,4
846977,4
846978,4
846979,4
846980,1
846981,1
846982,4
846983,1
846984,1
846985,4
846986,4
846987,4
846988,4
846989,5
846990,4
846991,5
846992,4
846993,4
846994,4
846995,4
846996,4
846997,4
846998,4
846999,4
847000,4
847001,4
847002,4
847003,4
847004,4
847005,1
847006,4
847007,4
847008,4
847009,4
847010,4
847011,4
847012,4
847013,4
847014,4
847015,4
847016,4
847017,4
847018,5
847019,5
847020,4
847021,4
847022,5
847023,4
847024,4
847025,4
847026,4
847027,4
847028,4
847029,4
847030,5
847031,4
847032,4
847033,4
847034,4
847035,4
847036,4
847037,1
847038,4
847039,4
847040,4
847041,4
847042,1
847043,4
847044,4
847045,4
847046,4
847047,4
847048,4
847049,5
847050,4
847051,5
847052,4
847053,4
847054,4
847055,4
847056,5
847057,5
847058,4
847059,4
847060,4
847061,5
847062,1
847063,4
847064,4
847065,4
847066,4
847067,1
847068,4
847069,4
847070,4
847071,4
847072,4
847073,4
847074,1
847075,4
847076,4
847077,3
847078,5
847079,4
847080,4
847081,4
847082,1
847083,4
847084,4
847085,3
847086,5
847087,1
847088,4
847089,4
847090,4
847091,4
847092,1
847093,4
847094,4
847095,5
847096,5
847097,4
847098,4
847099,4
847100,4
847101,4
847102,4
847103,1
847104,4
847105,4
847106,4
847107,4
847108,4
847109,4
847110,4
847111,1
847112,4
847113,4
847114,4
847115,4
847116,4
847117,4
847118,4
847119,4
847120,4
847121,4
847122,4
847123,4
847124,1
847125,4
847126,4
847127,4
847128,4
847129,4
847130,4
847131,4
847132,4
847133,4
847134,1
847135,4
847136,4
847137,4
847138,4
847139,4
847140,4
847141,4
847142,4
847143,4
847144,4
847145,4
847146,4
847147,4
847148,4
847149,4
847150,4
847151,4
847152,4
847153,4
847154,4
847155,1
847156,4
847157,4
847158,1
847159,4
847160,4
847161,4
847162,4
847163,4
847164,4
847165,1
847166,4
847167,1
847168,4
847169,1
847170,4
847171,4
847172,4
847173,4
847174,5
847175,4
847176,4
847177,4
847178,4
847179,3
847180,1
847181,1
847182,4
847183,1
847184,4
847185,3
847186,1
847187,3
847188,3
847189,3
847190,3
847191,5
847192,3
847193,3
847194,3
847195,4
847196,3
847197,4
847198,4
847199,1
847200,4
847201,1
847202,3
847203,4
847204,3
847205,4
847206,3
847207,5
847208,3
847209,3
847210,5
847211,3
847212,3
847213,5
847214,4
847215,3
847216,3
847217,3
847218,5
847219,4
847220,5
847221,3
847222,1
847223,4
847224,4
847225,4
847226,3
847227,3
847228,3
847229,4
847230,4
847231,4
847232,3
847233,4
847234,1
847235,3
847236,3
847237,3
847238,4
847239,3
847240,4
847241,3
847242,3
847243,3
847244,3
847245,1
847246,5
847247,4
847248,4
847249,1
847250,3
847251,1
847252,4
847253,4
847254,3
847255,3
847256,1
847257,3
847258,3
847259,4
847260,4
847261,5
847262,5
847263,4
847264,4
847265,4
847266,3
847267,4
847268,4
847269,1
847270,4
847271,4
847272,4
847273,4
847274,3
847275,1
847276,1
847277,4
847278,4
847279,4
847280,4
847281,4
847282,4
847283,4
847284,4
847285,1
847286,4
847287,4
847288,4
847289,4
847290,4
847291,4
847292,4
847293,4
847294,4
847295,4
847296,4
847297,4
847298,1
847299,1
847300,1
847301,4
847302,4
847303,4
847304,4
847305,1
847306,4
847307,4
847308,5
847309,4
847310,4
847311,5
847312,4
847313,4
847314,4
847315,4
847316,4
847317,5
847318,4
847319,4
847320,4
847321,4
847322,1
847323,4
847324,4
847325,4
847326,4
847327,4
847328,4
847329,5
847330,4
847331,5
847332,4
847333,4
847334,4
847335,4
847336,4
847337,4
847338,5
847339,1
847340,4
847341,4
847342,4
847343,1
847344,4
847345,4
847346,4
847347,4
847348,4
847349,4
847350,4
847351,5
847352,4
847353,4
847354,4
847355,4
847356,4
847357,4
847358,4
847359,4
847360,4
847361,4
847362,4
847363,4
847364,4
847365,4
847366,4
847367,4
847368,4
847369,1
847370,4
847371,4
847372,1
847373,4
847374,4
847375,4
847376,4
847377,4
847378,4
847379,4
847380,4
847381,4
847382,4
847383,4
847384,4
847385,4
847386,4
847387,4
847388,4
847389,4
847390,4
847391,4
847392,4
847393,4
847394,4
847395,4
847396,4
847397,1
847398,4
847399,4
847400,4
847401,4
847402,4
847403,4
847404,4
847405,4
847406,4
847407,4
847408,4
847409,4
847410,4
847411,4
847412,4
847413,4
847414,4
847415,4
847416,4
847417,1
847418,4
847419,4
847420,4
847421,4
847422,4
847423,4
847424,1
847425,1
847426,4
847427,4
847428,4
847429,1
847430,4
847431,4
847432,4
847433,4
847434,4
847435,4
847436,4
847437,4
847438,4
847439,4
847440,1
847441,4
847442,4
847443,4
847444,4
847445,4
847446,4
847447,1
847448,4
847449,4
847450,4
847451,4
847452,4
847453,4
847454,4
847455,4
847456,4
847457,4
847458,4
847459,4
847460,4
847461,4
847462,4
847463,4
847464,4
847465,1
847466,4
847467,4
847468,4
847469,4
847470,4
847471,4
847472,4
847473,4
847474,4
847475,5
847476,5
847477,4
847478,4
847479,5
847480,4
847481,4
847482,4
847483,1
847484,5
847485,4
847486,4
847487,5
847488,4
847489,4
847490,4
847491,4
847492,1
847493,4
847494,4
847495,4
847496,4
847497,1
847498,4
847499,4
847500,4
847501,4
847502,1
847503,4
847504,4
847505,4
847506,1
847507,4
847508,4
847509,4
847510,1
847511,4
847512,1
847513,4
847514,4
847515,4
847516,4
847517,4
847518,4
847519,4
847520,4
847521,4
847522,4
847523,1
847524,4
847525,4
847526,4
847527,4
847528,4
847529,4
847530,4
847531,4
847532,4
847533,4
847534,4
847535,4
847536,4
847537,4
847538,4
847539,4
847540,1
847541,4
847542,4
847543,4
847544,4
847545,4
847546,4
847547,5
847548,4
847549,5
847550,1
847551,1
847552,4
847553,4
847554,5
847555,4
847556,1
847557,5
847558,4
847559,5
847560,5
847561,4
847562,4
847563,5
847564,4
847565,4
847566,5
847567,4
847568,4
847569,4
847570,4
847571,4
847572,4
847573,4
847574,4
847575,4
847576,4
847577,4
847578,4
847579,4
847580,4
847581,4
847582,4
847583,4
847584,4
847585,4
847586,4
847587,4
847588,4
847589,4
847590,5
847591,5
847592,4
847593,4
847594,4
847595,4
847596,4
847597,4
847598,1
847599,4
847600,4
847601,4
847602,5
847603,1
847604,4
847605,4
847606,5
847607,4
847608,5
847609,1
847610,4
847611,4
847612,4
847613,4
847614,4
847615,4
847616,5
847617,4
847618,4
847619,5
847620,4
847621,5
847622,4
847623,4
847624,5
847625,4
847626,4
847627,5
847628,4
847629,4
847630,4
847631,4
847632,4
847633,4
847634,5
847635,4
847636,5
847637,4
847638,4
847639,4
847640,4
847641,4
847642,4
847643,4
847644,4
847645,4
847646,4
847647,4
847648,4
847649,4
847650,4
847651,4
847652,4
847653,1
847654,4
847655,4
847656,4
847657,4
847658,4
847659,4
847660,4
847661,4
847662,4
847663,1
847664,4
847665,4
847666,4
847667,4
847668,4
847669,5
847670,4
847671,4
847672,4
847673,4
847674,4
847675,4
847676,4
847677,1
847678,4
847679,4
847680,5
847681,5
847682,4
847683,4
847684,1
847685,4
847686,5
847687,4
847688,1
847689,4
847690,4
847691,5
847692,4
847693,3
847694,5
847695,4
847696,4
847697,5
847698,4
847699,1
847700,4
847701,4
847702,4
847703,5
847704,4
847705,4
847706,1
847707,4
847708,4
847709,4
847710,4
847711,4
847712,4
847713,4
847714,4
847715,4
847716,4
847717,4
847718,4
847719,5
847720,5
847721,4
847722,4
847723,4
847724,5
847725,4
847726,1
847727,5
847728,4
847729,4
847730,5
847731,3
847732,4
847733,1
847734,4
847735,1
847736,4
847737,4
847738,1
847739,4
847740,4
847741,4
847742,4
847743,4
847744,4
847745,4
847746,4
847747,4
847748,4
847749,4
847750,4
847751,5
847752,5
847753,4
847754,4
847755,4
847756,4
847757,4
847758,1
847759,1
847760,5
847761,5
847762,5
847763,1
847764,5
847765,1
847766,5
847767,4
847768,5
847769,4
847770,4
847771,5
847772,4
847773,4
847774,4
847775,4
847776,4
847777,4
847778,5
847779,5
847780,4
847781,4
847782,5
847783,4
847784,5
847785,1
847786,4
847787,4
847788,5
847789,1
847790,4
847791,1
847792,5
847793,1
847794,1
847795,4
847796,1
847797,4
847798,4
847799,4
847800,1
847801,4
847802,4
847803,4
847804,4
847805,1
847806,1
847807,1
847808,4
847809,5
847810,4
847811,4
847812,4
847813,4
847814,4
847815,4
847816,4
847817,1
847818,4
847819,4
847820,5
847821,4
847822,4
847823,4
847824,4
847825,4
847826,4
847827,4
847828,5
847829,1
847830,4
847831,4
847832,4
847833,4
847834,4
847835,4
847836,4
847837,4
847838,4
847839,1
847840,4
847841,4
847842,4
847843,4
847844,4
847845,4
847846,4
847847,4
847848,5
847849,4
847850,4
847851,4
847852,4
847853,4
847854,4
847855,4
847856,4
847857,4
847858,1
847859,4
847860,4
847861,4
847862,4
847863,4
847864,4
847865,4
847866,4
847867,4
847868,4
847869,4
847870,4
847871,1
847872,4
847873,4
847874,4
847875,4
847876,4
847877,1
847878,4
847879,4
847880,4
847881,4
847882,4
847883,4
847884,4
847885,4
847886,4
847887,4
847888,4
847889,4
847890,4
847891,4
847892,4
847893,4
847894,4
847895,1
847896,4
847897,4
847898,4
847899,4
847900,4
847901,4
847902,4
847903,4
847904,4
847905,4
847906,4
847907,4
847908,4
847909,4
847910,4
847911,4
847912,1
847913,4
847914,4
847915,4
847916,4
847917,4
847918,4
847919,4
847920,1
847921,4
847922,1
847923,4
847924,4
847925,4
847926,4
847927,4
847928,4
847929,4
847930,4
847931,1
847932,4
847933,1
847934,4
847935,4
847936,4
847937,4
847938,4
847939,4
847940,4
847941,4
847942,4
847943,4
847944,4
847945,4
847946,4
847947,4
847948,4
847949,4
847950,4
847951,1
847952,4
847953,4
847954,4
847955,4
847956,4
847957,4
847958,4
847959,4
847960,4
847961,4
847962,4
847963,4
847964,4
847965,4
847966,4
847967,4
847968,4
847969,4
847970,4
847971,4
847972,4
847973,1
847974,4
847975,4
847976,4
847977,4
847978,4
847979,4
847980,4
847981,4
847982,4
847983,1
847984,4
847985,1
847986,4
847987,1
847988,4
847989,4
847990,5
847991,4
847992,5
847993,4
847994,4
847995,4
847996,5
847997,4
847998,4
847999,4
848000,4
848001,4
848002,4
848003,4
848004,1
848005,4
848006,4
848007,5
848008,4
848009,4
848010,4
848011,5
848012,1
848013,4
848014,4
848015,4
848016,4
848017,1
848018,4
848019,4
848020,4
848021,4
848022,4
848023,4
848024,4
848025,4
848026,4
848027,1
848028,1
848029,4
848030,4
848031,4
848032,4
848033,4
848034,4
848035,4
848036,4
848037,4
848038,5
848039,4
848040,4
848041,4
848042,4
848043,5
848044,4
848045,5
848046,4
848047,4
848048,4
848049,4
848050,4
848051,4
848052,5
848053,4
848054,4
848055,4
848056,4
848057,4
848058,4
848059,1
848060,4
848061,4
848062,4
848063,4
848064,4
848065,4
848066,4
848067,4
848068,4
848069,4
848070,1
848071,4
848072,4
848073,4
848074,1
848075,1
848076,4
848077,4
848078,4
848079,4
848080,4
848081,4
848082,1
848083,4
848084,4
848085,4
848086,4
848087,4
848088,4
848089,4
848090,4
848091,4
848092,4
848093,4
848094,4
848095,4
848096,4
848097,4
848098,4
848099,4
848100,4
848101,4
848102,4
848103,4
848104,4
848105,4
848106,4
848107,1
848108,1
848109,4
848110,4
848111,4
848112,4
848113,4
848114,4
848115,4
848116,4
848117,4
848118,4
848119,4
848120,1
848121,4
848122,4
848123,1
848124,4
848125,1
848126,4
848127,4
848128,4
848129,4
848130,4
848131,4
848132,4
848133,5
848134,4
848135,4
848136,4
848137,4
848138,4
848139,4
848140,4
848141,4
848142,5
848143,4
848144,1
848145,4
848146,4
848147,4
848148,4
848149,1
848150,1
848151,4
848152,4
848153,4
848154,4
848155,4
848156,4
848157,4
848158,1
848159,4
848160,4
848161,4
848162,5
848163,4
848164,4
848165,4
848166,1
848167,4
848168,4
848169,4
848170,1
848171,4
848172,4
848173,5
848174,5
848175,4
848176,5
848177,4
848178,4
848179,4
848180,4
848181,4
848182,4
848183,4
848184,4
848185,1
848186,4
848187,4
848188,1
848189,4
848190,4
848191,4
848192,4
848193,4
848194,4
848195,4
848196,4
848197,4
848198,4
848199,4
848200,4
848201,4
848202,4
848203,4
848204,4
848205,4
848206,4
848207,4
848208,4
848209,4
848210,4
848211,4
848212,4
848213,4
848214,1
848215,5
848216,4
848217,4
848218,4
848219,1
848220,4
848221,4
848222,1
848223,1
848224,5
848225,4
848226,4
848227,4
848228,4
848229,4
848230,4
848231,4
848232,4
848233,4
848234,4
848235,4
848236,1
848237,4
848238,4
848239,1
848240,4
848241,1
848242,4
848243,1
848244,4
848245,4
848246,4
848247,4
848248,4
848249,5
848250,4
848251,1
848252,4
848253,4
848254,4
848255,4
848256,4
848257,4
848258,4
848259,4
848260,4
848261,4
848262,4
848263,4
848264,4
848265,4
848266,4
848267,1
848268,4
848269,4
848270,4
848271,4
848272,4
848273,4
848274,4
848275,4
848276,4
848277,4
848278,4
848279,4
848280,4
848281,4
848282,4
848283,5
848284,4
848285,4
848286,4
848287,4
848288,4
848289,4
848290,4
848291,1
848292,4
848293,4
848294,4
848295,4
848296,1
848297,4
848298,4
848299,4
848300,4
848301,1
848302,4
848303,4
848304,5
848305,4
848306,4
848307,4
848308,4
848309,4
848310,4
848311,4
848312,4
848313,4
848314,4
848315,4
848316,4
848317,1
848318,4
848319,4
848320,4
848321,4
848322,4
848323,4
848324,4
848325,4
848326,4
848327,4
848328,5
848329,4
848330,4
848331,4
848332,5
848333,5
848334,4
848335,4
848336,1
848337,4
848338,4
848339,4
848340,4
848341,4
848342,5
848343,4
848344,5
848345,5
848346,4
848347,4
848348,4
848349,4
848350,4
848351,5
848352,5
848353,4
848354,4
848355,1
848356,4
848357,4
848358,4
848359,4
848360,4
848361,4
848362,4
848363,4
848364,4
848365,4
848366,4
848367,4
848368,4
848369,4
848370,4
848371,4
848372,4
848373,4
848374,1
848375,4
848376,4
848377,4
848378,4
848379,4
848380,4
848381,4
848382,4
848383,4
848384,4
848385,4
848386,1
848387,4
848388,4
848389,4
848390,4
848391,4
848392,4
848393,5
848394,4
848395,1
848396,4
848397,4
848398,4
848399,4
848400,1
848401,4
848402,4
848403,4
848404,4
848405,1
848406,4
848407,4
848408,4
848409,4
848410,4
848411,4
848412,4
848413,4
848414,4
848415,4
848416,4
848417,4
848418,4
848419,4
848420,4
848421,4
848422,4
848423,4
848424,1
848425,4
848426,4
848427,4
848428,5
848429,4
848430,4
848431,4
848432,4
848433,4
848434,4
848435,4
848436,1
848437,4
848438,4
848439,4
848440,4
848441,4
848442,4
848443,4
848444,4
848445,4
848446,5
848447,5
848448,1
848449,5
848450,4
848451,1
848452,4
848453,4
848454,4
848455,4
848456,4
848457,4
848458,4
848459,4
848460,4
848461,4
848462,4
848463,4
848464,4
848465,4
848466,4
848467,5
848468,4
848469,5
848470,4
848471,4
848472,4
848473,4
848474,5
848475,4
848476,4
848477,4
848478,4
848479,1
848480,4
848481,5
848482,1
848483,4
848484,4
848485,4
848486,4
848487,4
848488,4
848489,4
848490,4
848491,1
848492,4
848493,1
848494,1
848495,4
848496,4
848497,4
848498,4
848499,4
848500,4
848501,4
848502,4
848503,4
848504,4
848505,1
848506,4
848507,4
848508,4
848509,4
848510,4
848511,4
848512,4
848513,4
848514,4
848515,4
848516,1
848517,4
848518,4
848519,4
848520,4
848521,5
848522,5
848523,4
848524,1
848525,1
848526,1
848527,4
848528,4
848529,4
848530,1
848531,1
848532,4
848533,1
848534,4
848535,1
848536,4
848537,4
848538,4
848539,4
848540,4
848541,4
848542,5
848543,4
848544,4
848545,4
848546,5
848547,4
848548,4
848549,4
848550,4
848551,4
848552,1
848553,4
848554,4
848555,4
848556,3
848557,4
848558,5
848559,4
848560,4
848561,1
848562,4
848563,1
848564,4
848565,4
848566,4
848567,4
848568,4
848569,4
848570,4
848571,4
848572,4
848573,4
848574,4
848575,4
848576,4
848577,4
848578,4
848579,4
848580,4
848581,4
848582,4
848583,1
848584,4
848585,4
848586,4
848587,1
848588,4
848589,4
848590,4
848591,4
848592,4
848593,4
848594,4
848595,4
848596,4
848597,1
848598,1
848599,4
848600,4
848601,4
848602,4
848603,4
848604,4
848605,4
848606,4
848607,4
848608,4
848609,4
848610,4
848611,4
848612,4
848613,4
848614,1
848615,4
848616,4
848617,4
848618,4
848619,4
848620,4
848621,4
848622,3
848623,4
848624,4
848625,4
848626,3
848627,4
848628,1
848629,4
848630,4
848631,1
848632,4
848633,5
848634,5
848635,4
848636,4
848637,1
848638,4
848639,4
848640,4
848641,4
848642,4
848643,4
848644,4
848645,1
848646,4
848647,4
848648,4
848649,4
848650,4
848651,5
848652,4
848653,4
848654,4
848655,4
848656,4
848657,4
848658,4
848659,4
848660,3
848661,4
848662,4
848663,4
848664,1
848665,4
848666,4
848667,4
848668,4
848669,4
848670,4
848671,4
848672,4
848673,4
848674,4
848675,4
848676,4
848677,4
848678,4
848679,4
848680,4
848681,4
848682,4
848683,4
848684,5
848685,4
848686,1
848687,4
848688,1
848689,4
848690,4
848691,4
848692,4
848693,4
848694,4
848695,4
848696,4
848697,4
848698,1
848699,1
848700,1
848701,4
848702,5
848703,4
848704,4
848705,4
848706,1
848707,4
848708,5
848709,1
848710,4
848711,4
848712,4
848713,5
848714,4
848715,4
848716,4
848717,1
848718,4
848719,4
848720,4
848721,4
848722,5
848723,4
848724,1
848725,4
848726,4
848727,4
848728,4
848729,4
848730,4
848731,4
848732,4
848733,4
848734,4
848735,4
848736,4
848737,4
848738,4
848739,4
848740,1
848741,4
848742,4
848743,4
848744,4
848745,4
848746,4
848747,4
848748,4
848749,4
848750,4
848751,4
848752,4
848753,4
848754,4
848755,1
848756,4
848757,4
848758,4
848759,4
848760,4
848761,4
848762,4
848763,4
848764,4
848765,4
848766,4
848767,4
848768,4
848769,4
848770,1
848771,4
848772,4
848773,4
848774,4
848775,1
848776,1
848777,4
848778,4
848779,4
848780,5
848781,4
848782,4
848783,4
848784,4
848785,4
848786,4
848787,4
848788,1
848789,4
848790,4
848791,4
848792,4
848793,1
848794,4
848795,4
848796,4
848797,4
848798,4
848799,4
848800,1
848801,4
848802,4
848803,4
848804,4
848805,4
848806,4
848807,4
848808,4
848809,4
848810,4
848811,1
848812,4
848813,4
848814,4
848815,4
848816,4
848817,4
848818,4
848819,4
848820,1
848821,4
848822,4
848823,4
848824,4
848825,4
848826,5
848827,5
848828,4
848829,4
848830,4
848831,4
848832,5
848833,4
848834,4
848835,4
848836,4
848837,1
848838,4
848839,4
848840,4
848841,1
848842,4
848843,4
848844,4
848845,4
848846,5
848847,5
848848,4
848849,4
848850,4
848851,4
848852,4
848853,4
848854,4
848855,4
848856,1
848857,4
848858,1
848859,4
848860,4
848861,1
848862,5
848863,4
848864,4
848865,1
848866,4
848867,4
848868,4
848869,4
848870,4
848871,4
848872,1
848873,4
848874,4
848875,1
848876,4
848877,1
848878,4
848879,1
848880,4
848881,4
848882,1
848883,4
848884,1
848885,4
848886,4
848887,4
848888,4
848889,3
848890,4
848891,3
848892,4
848893,4
848894,4
848895,5
848896,4
848897,5
848898,4
848899,4
848900,1
848901,4
848902,5
848903,4
848904,4
848905,4
848906,4
848907,4
848908,4
848909,4
848910,4
848911,4
848912,4
848913,4
848914,4
848915,4
848916,5
848917,4
848918,4
848919,5
848920,4
848921,4
848922,5
848923,4
848924,4
848925,4
848926,4
848927,5
848928,1
848929,4
848930,4
848931,4
848932,4
848933,4
848934,1
848935,4
848936,4
848937,4
848938,4
848939,5
848940,4
848941,4
848942,4
848943,4
848944,4
848945,5
848946,1
848947,4
848948,4
848949,4
848950,4
848951,4
848952,4
848953,4
848954,4
848955,4
848956,4
848957,4
848958,4
848959,4
848960,4
848961,1
848962,4
848963,4
848964,4
848965,4
848966,4
848967,4
848968,4
848969,4
848970,4
848971,5
848972,5
848973,4
848974,4
848975,1
848976,4
848977,1
848978,4
848979,4
848980,4
848981,4
848982,1
848983,4
848984,4
848985,4
848986,4
848987,4
848988,5
848989,4
848990,4
848991,4
848992,1
848993,5
848994,5
848995,1
848996,4
848997,4
848998,4
848999,4
849000,4
849001,1
849002,4
849003,4
849004,4
849005,4
849006,4
849007,4
849008,4
849009,1
849010,4
849011,4
849012,5
849013,4
849014,4
849015,4
849016,4
849017,4
849018,4
849019,4
849020,4
849021,5
849022,4
849023,5
849024,4
849025,4
849026,4
849027,1
849028,4
849029,4
849030,4
849031,4
849032,4
849033,4
849034,4
849035,4
849036,4
849037,5
849038,5
849039,4
849040,1
849041,5
849042,4
849043,4
849044,4
849045,1
849046,4
849047,4
849048,4
849049,4
849050,1
849051,4
849052,4
849053,5
849054,4
849055,4
849056,4
849057,4
849058,4
849059,4
849060,4
849061,4
849062,1
849063,1
849064,4
849065,4
849066,5
849067,4
849068,4
849069,4
849070,4
849071,1
849072,4
849073,4
849074,4
849075,4
849076,4
849077,4
849078,4
849079,4
849080,4
849081,4
849082,4
849083,4
849084,4
849085,4
849086,4
849087,4
849088,4
849089,4
849090,4
849091,4
849092,4
849093,4
849094,4
849095,4
849096,4
849097,4
849098,4
849099,4
849100,4
849101,1
849102,4
849103,4
849104,4
849105,4
849106,4
849107,4
849108,4
849109,4
849110,5
849111,4
849112,4
849113,4
849114,4
849115,4
849116,4
849117,4
849118,4
849119,4
849120,4
849121,4
849122,4
849123,1
849124,5
849125,1
849126,4
849127,4
849128,4
849129,4
849130,1
849131,4
849132,4
849133,4
849134,4
849135,1
849136,4
849137,4
849138,5
849139,4
849140,5
849141,4
849142,4
849143,4
849144,1
849145,4
849146,4
849147,4
849148,4
849149,4
849150,4
849151,4
849152,4
849153,1
849154,5
849155,5
849156,5
849157,5
849158,4
849159,1
849160,5
849161,4
849162,4
849163,4
849164,4
849165,1
849166,1
849167,4
849168,4
849169,1
849170,4
849171,4
849172,4
849173,4
849174,4
849175,4
849176,4
849177,4
849178,5
849179,4
849180,4
849181,4
849182,4
849183,1
849184,4
849185,4
849186,4
849187,4
849188,1
849189,4
849190,4
849191,4
849192,4
849193,4
849194,4
849195,4
849196,4
849197,1
849198,4
849199,4
849200,4
849201,4
849202,1
849203,1
849204,4
849205,4
849206,4
849207,4
849208,4
849209,1
849210,4
849211,4
849212,4
849213,4
849214,4
849215,4
849216,4
849217,4
849218,4
849219,4
849220,4
849221,4
849222,4
849223,4
849224,4
849225,4
849226,4
849227,4
849228,4
849229,4
849230,4
849231,4
849232,4
849233,4
849234,4
849235,4
849236,1
849237,4
849238,4
849239,4
849240,4
849241,1
849242,4
849243,4
849244,1
849245,4
849246,5
849247,4
849248,4
849249,4
849250,4
849251,4
849252,4
849253,4
849254,4
849255,1
849256,4
849257,1
849258,4
849259,1
849260,4
849261,4
849262,4
849263,4
849264,4
849265,4
849266,4
849267,4
849268,4
849269,4
849270,1
849271,4
849272,4
849273,1
849274,4
849275,4
849276,4
849277,4
849278,4
849279,4
849280,5
849281,1
849282,4
849283,1
849284,1
849285,4
849286,4
849287,1
849288,4
849289,4
849290,4
849291,4
849292,4
849293,4
849294,4
849295,5
849296,4
849297,4
849298,4
849299,4
849300,4
849301,5
849302,4
849303,4
849304,4
849305,1
849306,4
849307,4
849308,4
849309,4
849310,4
849311,4
849312,4
849313,4
849314,4
849315,5
849316,1
849317,4
849318,5
849319,1
849320,4
849321,5
849322,5
849323,4
849324,4
849325,4
849326,1
849327,4
849328,4
849329,4
849330,4
849331,4
849332,4
849333,4
849334,5
849335,4
849336,5
849337,4
849338,4
849339,4
849340,4
849341,1
849342,4
849343,4
849344,4
849345,4
849346,4
849347,4
849348,4
849349,4
849350,4
849351,4
849352,4
849353,4
849354,4
849355,4
849356,4
849357,4
849358,4
849359,4
849360,4
849361,4
849362,4
849363,4
849364,4
849365,4
849366,4
849367,4
849368,4
849369,1
849370,4
849371,4
849372,4
849373,4
849374,4
849375,4
849376,4
849377,4
849378,4
849379,4
849380,1
849381,4
849382,1
849383,4
849384,4
849385,4
849386,1
849387,4
849388,4
849389,4
849390,4
849391,4
849392,4
849393,5
849394,4
849395,4
849396,4
849397,4
849398,1
849399,4
849400,4
849401,4
849402,4
849403,4
849404,4
849405,4
849406,4
849407,4
849408,4
849409,4
849410,4
849411,4
849412,4
849413,4
849414,1
849415,5
849416,3
849417,4
849418,1
849419,5
849420,1
849421,4
849422,1
849423,4
849424,4
849425,4
849426,4
849427,1
849428,1
849429,4
849430,4
849431,4
849432,4
849433,4
849434,4
849435,4
849436,1
849437,4
849438,1
849439,5
849440,4
849441,4
849442,4
849443,4
849444,5
849445,5
849446,1
849447,1
849448,1
849449,4
849450,5
849451,5
849452,4
849453,4
849454,5
849455,3
849456,3
849457,4
849458,4
849459,4
849460,4
849461,4
849462,4
849463,4
849464,1
849465,4
849466,4
849467,4
849468,1
849469,3
849470,4
849471,4
849472,4
849473,3
849474,1
849475,4
849476,4
849477,4
849478,4
849479,4
849480,4
849481,1
849482,4
849483,5
849484,4
849485,4
849486,3
849487,5
849488,1
849489,4
849490,4
849491,4
849492,4
849493,1
849494,4
849495,4
849496,4
849497,4
849498,4
849499,4
849500,4
849501,4
849502,4
849503,4
849504,5
849505,1
849506,4
849507,5
849508,4
849509,4
849510,1
849511,4
849512,1
849513,4
849514,4
849515,4
849516,4
849517,4
849518,4
849519,4
849520,4
849521,4
849522,4
849523,4
849524,5
849525,4
849526,4
849527,4
849528,5
849529,4
849530,5
849531,4
849532,1
849533,1
849534,4
849535,4
849536,1
849537,4
849538,4
849539,4
849540,1
849541,1
849542,4
849543,4
849544,1
849545,4
849546,4
849547,4
849548,4
849549,4
849550,4
849551,4
849552,4
849553,4
849554,4
849555,3
849556,5
849557,4
849558,4
849559,1
849560,4
849561,5
849562,4
849563,4
849564,4
849565,4
849566,4
849567,4
849568,4
849569,4
849570,4
849571,4
849572,4
849573,4
849574,4
849575,4
849576,4
849577,1
849578,4
849579,4
849580,3
849581,4
849582,4
849583,4
849584,4
849585,4
849586,4
849587,4
849588,4
849589,4
849590,4
849591,4
849592,1
849593,4
849594,4
849595,4
849596,4
849597,4
849598,4
849599,1
849600,1
849601,4
849602,4
849603,4
849604,4
849605,1
849606,4
849607,5
849608,4
849609,1
849610,4
849611,4
849612,4
849613,5
849614,4
849615,4
849616,4
849617,4
849618,4
849619,4
849620,4
849621,4
849622,4
849623,4
849624,4
849625,4
849626,4
849627,1
849628,4
849629,1
849630,3
849631,4
849632,5
849633,4
849634,4
849635,4
849636,1
849637,4
849638,4
849639,5
849640,4
849641,5
849642,4
849643,4
849644,4
849645,4
849646,5
849647,1
849648,4
849649,4
849650,4
849651,4
849652,4
849653,4
849654,4
849655,3
849656,4
849657,4
849658,4
849659,4
849660,4
849661,4
849662,4
849663,4
849664,4
849665,4
849666,4
849667,4
849668,4
849669,4
849670,1
849671,4
849672,4
849673,1
849674,4
849675,4
849676,4
849677,4
849678,4
849679,4
849680,4
849681,4
849682,4
849683,4
849684,4
849685,4
849686,4
849687,1
849688,1
849689,4
849690,4
849691,4
849692,1
849693,4
849694,4
849695,4
849696,4
849697,4
849698,4
849699,4
849700,4
849701,4
849702,4
849703,4
849704,4
849705,4
849706,4
849707,4
849708,4
849709,4
849710,1
849711,4
849712,4
849713,4
849714,1
849715,4
849716,4
849717,4
849718,4
849719,5
849720,1
849721,1
849722,4
849723,4
849724,4
849725,4
849726,4
849727,4
849728,3
849729,4
849730,4
849731,4
849732,4
849733,1
849734,4
849735,1
849736,4
849737,1
849738,4
849739,1
849740,4
849741,4
849742,4
849743,4
849744,4
849745,4
849746,4
849747,4
849748,4
849749,4
849750,4
849751,4
849752,4
849753,4
849754,4
849755,4
849756,4
849757,4
849758,4
849759,4
849760,4
849761,4
849762,4
849763,4
849764,4
849765,4
849766,4
849767,4
849768,4
849769,4
849770,4
849771,4
849772,4
849773,4
849774,4
849775,4
849776,4
849777,4
849778,3
849779,4
849780,4
849781,4
849782,4
849783,4
849784,4
849785,4
849786,4
849787,4
849788,4
849789,4
849790,4
849791,4
849792,4
849793,4
849794,4
849795,4
849796,4
849797,4
849798,4
849799,4
849800,1
849801,1
849802,4
849803,4
849804,4
849805,4
849806,1
849807,5
849808,4
849809,4
849810,4
849811,4
849812,4
849813,4
849814,4
849815,4
849816,4
849817,4
849818,4
849819,4
849820,4
849821,5
849822,1
849823,4
849824,4
849825,4
849826,4
849827,4
849828,4
849829,4
849830,4
849831,4
849832,4
849833,4
849834,4
849835,4
849836,5
849837,4
849838,4
849839,4
849840,1
849841,1
849842,4
849843,4
849844,4
849845,4
849846,4
849847,4
849848,4
849849,4
849850,4
849851,5
849852,4
849853,4
849854,5
849855,4
849856,4
849857,4
849858,4
849859,4
849860,4
849861,4
849862,4
849863,4
849864,3
849865,5
849866,4
849867,4
849868,4
849869,4
849870,4
849871,4
849872,4
849873,4
849874,4
849875,4
849876,4
849877,4
849878,4
849879,1
849880,5
849881,4
849882,4
849883,4
849884,4
849885,4
849886,4
849887,4
849888,4
849889,4
849890,4
849891,4
849892,4
849893,4
849894,4
849895,4
849896,4
849897,4
849898,4
849899,4
849900,4
849901,4
849902,4
849903,4
849904,4
849905,4
849906,1
849907,5
849908,1
849909,5
849910,4
849911,4
849912,4
849913,4
849914,4
849915,4
849916,4
849917,4
849918,4
849919,1
849920,4
849921,4
849922,4
849923,4
849924,4
849925,4
849926,4
849927,4
849928,4
849929,4
849930,4
849931,1
849932,4
849933,5
849934,1
849935,4
849936,4
849937,4
849938,4
849939,4
849940,1
849941,4
849942,4
849943,4
849944,4
849945,4
849946,4
849947,4
849948,4
849949,4
849950,4
849951,1
849952,1
849953,1
849954,4
849955,4
849956,4
849957,4
849958,4
849959,5
849960,1
849961,4
849962,1
849963,4
849964,4
849965,5
849966,1
849967,4
849968,4
849969,1
849970,4
849971,4
849972,4
849973,4
849974,4
849975,5
849976,4
849977,1
849978,4
849979,4
849980,4
849981,4
849982,4
849983,4
849984,4
849985,4
849986,4
849987,1
849988,4
849989,4
849990,4
849991,1
849992,4
849993,4
849994,4
849995,4
849996,4
849997,4
849998,4
849999,4
850000,4
850001,4
850002,4
850003,5
850004,1
850005,4
850006,1
850007,4
850008,4
850009,4
850010,4
850011,4
850012,5
850013,4
850014,4
850015,4
850016,4
850017,4
850018,4
850019,4
850020,4
850021,4
850022,4
850023,5
850024,4
850025,5
850026,4
850027,5
850028,4
850029,5
850030,4
850031,4
850032,4
850033,4
850034,4
850035,4
850036,4
850037,4
850038,4
850039,5
850040,4
850041,4
850042,4
850043,3
850044,4
850045,4
850046,4
850047,4
850048,4
850049,4
850050,1
850051,4
850052,5
850053,4
850054,5
850055,4
850056,4
850057,4
850058,4
850059,4
850060,1
850061,4
850062,1
850063,4
850064,1
850065,1
850066,4
850067,4
850068,4
850069,4
850070,4
850071,4
850072,4
850073,4
850074,4
850075,4
850076,4
850077,4
850078,4
850079,4
850080,4
850081,4
850082,4
850083,1
850084,1
850085,5
850086,4
850087,4
850088,4
850089,4
850090,1
850091,4
850092,4
850093,4
850094,4
850095,4
850096,1
850097,1
850098,4
850099,1
850100,4
850101,4
850102,4
850103,1
850104,4
850105,4
850106,4
850107,4
850108,4
850109,4
850110,4
850111,1
850112,4
850113,1
850114,4
850115,4
850116,4
850117,4
850118,4
850119,4
850120,4
850121,4
850122,4
850123,4
850124,4
850125,4
850126,4
850127,4
850128,1
850129,4
850130,3
850131,1
850132,1
850133,4
850134,4
850135,4
850136,4
850137,5
850138,4
850139,4
850140,1
850141,4
850142,4
850143,4
850144,4
850145,4
850146,1
850147,4
850148,4
850149,4
850150,4
850151,4
850152,4
850153,4
850154,1
850155,4
850156,4
850157,4
850158,1
850159,5
850160,4
850161,4
850162,4
850163,4
850164,4
850165,4
850166,4
850167,4
850168,1
850169,5
850170,4
850171,4
850172,4
850173,4
850174,4
850175,4
850176,4
850177,4
850178,5
850179,4
850180,5
850181,3
850182,5
850183,4
850184,4
850185,4
850186,1
850187,4
850188,4
850189,4
850190,4
850191,4
850192,4
850193,4
850194,4
850195,4
850196,4
850197,4
850198,4
850199,4
850200,4
850201,4
850202,4
850203,5
850204,4
850205,4
850206,4
850207,4
850208,1
850209,1
850210,4
850211,5
850212,4
850213,4
850214,4
850215,1
850216,4
850217,4
850218,4
850219,4
850220,4
850221,4
850222,4
850223,1
850224,4
850225,4
850226,4
850227,4
850228,4
850229,4
850230,4
850231,4
850232,4
850233,4
850234,4
850235,4
850236,4
850237,4
850238,4
850239,4
850240,4
850241,4
850242,4
850243,4
850244,4
850245,4
850246,4
850247,4
850248,4
850249,4
850250,4
850251,4
850252,4
850253,4
850254,4
850255,4
850256,1
850257,4
850258,4
850259,1
850260,4
850261,4
850262,4
850263,5
850264,4
850265,4
850266,1
850267,1
850268,4
850269,1
850270,4
850271,4
850272,4
850273,4
850274,4
850275,4
850276,4
850277,4
850278,4
850279,5
850280,4
850281,4
850282,4
850283,4
850284,4
850285,4
850286,4
850287,4
850288,4
850289,4
850290,4
850291,4
850292,4
850293,4
850294,4
850295,4
850296,4
850297,4
850298,4
850299,4
850300,4
850301,4
850302,4
850303,4
850304,4
850305,4
850306,4
850307,4
850308,4
850309,4
850310,4
850311,4
850312,4
850313,4
850314,4
850315,4
850316,4
850317,4
850318,1
850319,4
850320,4
850321,4
850322,4
850323,4
850324,4
850325,4
850326,4
850327,4
850328,4
850329,4
850330,4
850331,4
850332,4
850333,1
850334,4
850335,4
850336,4
850337,4
850338,4
850339,1
850340,4
850341,4
850342,4
850343,1
850344,4
850345,1
850346,1
850347,4
850348,4
850349,1
850350,4
850351,1
850352,4
850353,4
850354,4
850355,4
850356,4
850357,4
850358,4
850359,4
850360,4
850361,4
850362,4
850363,4
850364,1
850365,4
850366,4
850367,4
850368,4
850369,4
850370,5
850371,1
850372,4
850373,4
850374,4
850375,1
850376,4
850377,4
850378,4
850379,4
850380,4
850381,4
850382,4
850383,4
850384,4
850385,4
850386,5
850387,1
850388,4
850389,4
850390,4
850391,1
850392,4
850393,4
850394,4
850395,4
850396,4
850397,4
850398,3
850399,5
850400,4
850401,1
850402,3
850403,4
850404,4
850405,4
850406,4
850407,4
850408,4
850409,4
850410,4
850411,5
850412,1
850413,4
850414,4
850415,4
850416,1
850417,1
850418,4
850419,4
850420,4
850421,4
850422,1
850423,4
850424,4
850425,4
850426,4
850427,4
850428,4
850429,1
850430,4
850431,4
850432,4
850433,4
850434,4
850435,4
850436,4
850437,5
850438,1
850439,4
850440,4
850441,4
850442,4
850443,4
850444,4
850445,1
850446,4
850447,4
850448,4
850449,4
850450,4
850451,4
850452,1
850453,1
850454,4
850455,4
850456,4
850457,4
850458,4
850459,4
850460,4
850461,5
850462,4
850463,4
850464,4
850465,4
850466,4
850467,4
850468,4
850469,4
850470,5
850471,5
850472,4
850473,4
850474,4
850475,4
850476,4
850477,4
850478,4
850479,4
850480,1
850481,4
850482,4
850483,1
850484,4
850485,5
850486,5
850487,4
850488,5
850489,4
850490,5
850491,1
850492,4
850493,4
850494,4
850495,4
850496,4
850497,4
850498,4
850499,4
850500,4
850501,4
850502,5
850503,5
850504,4
850505,4
850506,4
850507,4
850508,1
850509,4
850510,4
850511,5
850512,4
850513,4
850514,4
850515,4
850516,5
850517,4
850518,4
850519,4
850520,4
850521,4
850522,5
850523,5
850524,4
850525,4
850526,1
850527,4
850528,4
850529,4
850530,4
850531,4
850532,5
850533,5
850534,4
850535,1
850536,1
850537,4
850538,4
850539,4
850540,4
850541,4
850542,4
850543,4
850544,1
850545,4
850546,5
850547,4
850548,4
850549,5
850550,4
850551,4
850552,4
