898553,4
898554,4
898555,4
898556,4
898557,4
898558,4
898559,4
898560,4
898561,1
898562,1
898563,4
898564,4
898565,4
898566,4
898567,4
898568,5
898569,4
898570,4
898571,1
898572,5
898573,4
898574,4
898575,4
898576,3
898577,3
898578,1
898579,3
898580,3
898581,4
898582,3
898583,4
898584,1
898585,1
898586,1
898587,3
898588,4
898589,4
898590,4
898591,4
898592,3
898593,4
898594,3
898595,3
898596,4
898597,3
898598,4
898599,3
898600,4
898601,3
898602,1
898603,4
898604,3
898605,3
898606,1
898607,3
898608,3
898609,1
898610,4
898611,3
898612,3
898613,3
898614,3
898615,3
898616,3
898617,5
898618,1
898619,4
898620,3
898621,3
898622,3
898623,4
898624,3
898625,4
898626,4
898627,3
898628,3
898629,4
898630,3
898631,4
898632,3
898633,3
898634,3
898635,3
898636,3
898637,1
898638,3
898639,3
898640,3
898641,4
898642,3
898643,4
898644,4
898645,4
898646,4
898647,4
898648,4
898649,4
898650,4
898651,5
898652,4
898653,4
898654,4
898655,4
898656,4
898657,4
898658,4
898659,4
898660,4
898661,1
898662,4
898663,4
898664,4
898665,4
898666,1
898667,4
898668,1
898669,4
898670,4
898671,4
898672,1
898673,5
898674,4
898675,4
898676,4
898677,1
898678,4
898679,4
898680,4
898681,4
898682,4
898683,4
898684,1
898685,5
898686,4
898687,4
898688,4
898689,4
898690,4
898691,4
898692,4
898693,4
898694,1
898695,1
898696,4
898697,4
898698,4
898699,4
898700,5
898701,4
898702,4
898703,4
898704,4
898705,4
898706,1
898707,4
898708,4
898709,4
898710,4
898711,4
898712,4
898713,4
898714,4
898715,4
898716,4
898717,4
898718,4
898719,4
898720,3
898721,4
898722,4
898723,4
898724,4
898725,4
898726,1
898727,4
898728,1
898729,3
898730,3
898731,4
898732,4
898733,3
898734,4
898735,4
898736,4
898737,4
898738,4
898739,3
898740,4
898741,1
898742,4
898743,4
898744,1
898745,4
898746,4
898747,4
898748,4
898749,4
898750,4
898751,4
898752,4
898753,4
898754,4
898755,4
898756,4
898757,4
898758,4
898759,5
898760,4
898761,4
898762,1
898763,4
898764,3
898765,4
898766,4
898767,1
898768,4
898769,4
898770,4
898771,4
898772,4
898773,4
898774,1
898775,1
898776,4
898777,4
898778,4
898779,1
898780,4
898781,4
898782,4
898783,4
898784,1
898785,4
898786,1
898787,4
898788,4
898789,4
898790,4
898791,4
898792,4
898793,4
898794,4
898795,4
898796,4
898797,4
898798,4
898799,4
898800,4
898801,1
898802,4
898803,4
898804,4
898805,4
898806,4
898807,4
898808,4
898809,1
898810,4
898811,4
898812,4
898813,4
898814,4
898815,4
898816,5
898817,4
898818,4
898819,1
898820,4
898821,4
898822,4
898823,4
898824,4
898825,4
898826,1
898827,4
898828,4
898829,4
898830,4
898831,4
898832,4
898833,4
898834,4
898835,4
898836,1
898837,4
898838,4
898839,4
898840,4
898841,4
898842,4
898843,4
898844,4
898845,4
898846,4
898847,4
898848,4
898849,4
898850,4
898851,4
898852,5
898853,4
898854,5
898855,4
898856,4
898857,4
898858,4
898859,4
898860,4
898861,4
898862,4
898863,4
898864,1
898865,5
898866,1
898867,4
898868,4
898869,4
898870,4
898871,4
898872,4
898873,4
898874,5
898875,4
898876,4
898877,4
898878,4
898879,1
898880,4
898881,4
898882,4
898883,4
898884,1
898885,4
898886,4
898887,4
898888,4
898889,4
898890,4
898891,4
898892,1
898893,1
898894,4
898895,4
898896,4
898897,4
898898,4
898899,4
898900,4
898901,1
898902,4
898903,1
898904,4
898905,4
898906,4
898907,4
898908,4
898909,1
898910,4
898911,4
898912,1
898913,4
898914,4
898915,5
898916,4
898917,4
898918,1
898919,4
898920,4
898921,4
898922,4
898923,4
898924,4
898925,4
898926,4
898927,4
898928,1
898929,4
898930,4
898931,1
898932,4
898933,4
898934,1
898935,4
898936,4
898937,4
898938,4
898939,4
898940,4
898941,4
898942,4
898943,4
898944,4
898945,1
898946,4
898947,4
898948,4
898949,4
898950,4
898951,5
898952,4
898953,4
898954,4
898955,1
898956,4
898957,4
898958,5
898959,4
898960,5
898961,4
898962,4
898963,4
898964,1
898965,5
898966,5
898967,4
898968,4
898969,4
898970,4
898971,4
898972,4
898973,4
898974,4
898975,4
898976,4
898977,4
898978,4
898979,4
898980,5
898981,5
898982,4
898983,4
898984,4
898985,1
898986,4
898987,4
898988,4
898989,4
898990,4
898991,4
898992,4
898993,4
898994,4
898995,4
898996,4
898997,4
898998,4
898999,4
899000,4
899001,4
899002,4
899003,1
899004,4
899005,4
899006,4
899007,4
899008,4
899009,1
899010,4
899011,4
899012,4
899013,5
899014,4
899015,4
899016,3
899017,4
899018,4
899019,4
899020,5
899021,5
899022,4
899023,4
899024,4
899025,4
899026,4
899027,4
899028,4
899029,4
899030,4
899031,4
899032,4
899033,1
899034,4
899035,4
899036,4
899037,5
899038,1
899039,4
899040,4
899041,4
899042,4
899043,4
899044,4
899045,4
899046,4
899047,4
899048,4
899049,4
899050,4
899051,4
899052,4
899053,4
899054,4
899055,4
899056,4
899057,4
899058,4
899059,4
899060,1
899061,4
899062,4
899063,4
899064,4
899065,4
899066,4
899067,4
899068,4
899069,1
899070,4
899071,4
899072,4
899073,4
899074,4
899075,4
899076,1
899077,4
899078,1
899079,4
899080,4
899081,3
899082,4
899083,4
899084,4
899085,4
899086,4
899087,4
899088,4
899089,4
899090,4
899091,4
899092,3
899093,4
899094,4
899095,4
899096,5
899097,4
899098,4
899099,4
899100,4
899101,4
899102,4
899103,4
899104,4
899105,4
899106,4
899107,4
899108,4
899109,4
899110,4
899111,4
899112,4
899113,4
899114,4
899115,4
899116,4
899117,4
899118,4
899119,4
899120,4
899121,1
899122,1
899123,4
899124,1
899125,5
899126,4
899127,5
899128,4
899129,4
899130,1
899131,1
899132,4
899133,4
899134,4
899135,1
899136,4
899137,4
899138,4
899139,4
899140,4
899141,4
899142,4
899143,4
899144,4
899145,4
899146,1
899147,4
899148,4
899149,5
899150,4
899151,4
899152,4
899153,4
899154,4
899155,4
899156,1
899157,4
899158,4
899159,4
899160,4
899161,4
899162,4
899163,4
899164,1
899165,4
899166,1
899167,4
899168,4
899169,4
899170,4
899171,4
899172,4
899173,1
899174,4
899175,4
899176,1
899177,4
899178,4
899179,1
899180,4
899181,4
899182,4
899183,4
899184,4
899185,1
899186,4
899187,1
899188,4
899189,4
899190,4
899191,4
899192,4
899193,4
899194,4
899195,1
899196,1
899197,4
899198,4
899199,4
899200,4
899201,4
899202,4
899203,4
899204,4
899205,4
899206,4
899207,4
899208,4
899209,4
899210,4
899211,4
899212,4
899213,4
899214,4
899215,4
899216,4
899217,4
899218,4
899219,4
899220,1
899221,1
899222,4
899223,4
899224,1
899225,4
899226,4
899227,4
899228,1
899229,4
899230,5
899231,4
899232,5
899233,4
899234,4
899235,1
899236,4
899237,1
899238,1
899239,4
899240,4
899241,4
899242,4
899243,4
899244,4
899245,4
899246,4
899247,5
899248,1
899249,4
899250,4
899251,1
899252,4
899253,1
899254,1
899255,4
899256,4
899257,4
899258,1
899259,4
899260,4
899261,5
899262,4
899263,4
899264,1
899265,4
899266,4
899267,4
899268,4
899269,4
899270,1
899271,4
899272,4
899273,4
899274,1
899275,4
899276,5
899277,4
899278,4
899279,4
899280,5
899281,4
899282,4
899283,5
899284,1
899285,4
899286,4
899287,4
899288,5
899289,4
899290,4
899291,4
899292,1
899293,4
899294,4
899295,4
899296,1
899297,4
899298,4
899299,4
899300,4
899301,4
899302,4
899303,4
899304,4
899305,4
899306,5
899307,1
899308,5
899309,4
899310,4
899311,4
899312,4
899313,4
899314,4
899315,4
899316,4
899317,4
899318,5
899319,4
899320,4
899321,4
899322,1
899323,4
899324,4
899325,4
899326,4
899327,4
899328,4
899329,1
899330,4
899331,4
899332,4
899333,4
899334,4
899335,4
899336,4
899337,4
899338,4
899339,4
899340,4
899341,4
899342,1
899343,4
899344,4
899345,4
899346,4
899347,5
899348,4
899349,4
899350,1
899351,4
899352,4
899353,5
899354,4
899355,1
899356,1
899357,4
899358,4
899359,4
899360,4
899361,4
899362,4
899363,4
899364,4
899365,4
899366,4
899367,4
899368,4
899369,4
899370,4
899371,4
899372,1
899373,4
899374,4
899375,4
899376,1
899377,4
899378,4
899379,4
899380,5
899381,4
899382,4
899383,4
899384,1
899385,4
899386,1
899387,1
899388,4
899389,4
899390,4
899391,4
899392,4
899393,4
899394,4
899395,4
899396,4
899397,4
899398,4
899399,4
899400,4
899401,4
899402,4
899403,4
899404,4
899405,4
899406,4
899407,4
899408,4
899409,1
899410,4
899411,4
899412,4
899413,4
899414,4
899415,4
899416,4
899417,4
899418,4
899419,4
899420,4
899421,4
899422,4
899423,4
899424,4
899425,4
899426,4
899427,4
899428,4
899429,4
899430,4
899431,4
899432,4
899433,4
899434,4
899435,4
899436,4
899437,4
899438,4
899439,4
899440,4
899441,5
899442,4
899443,4
899444,4
899445,4
899446,4
899447,4
899448,4
899449,4
899450,4
899451,4
899452,4
899453,5
899454,1
899455,4
899456,4
899457,4
899458,4
899459,4
899460,4
899461,4
899462,4
899463,3
899464,4
899465,1
899466,4
899467,3
899468,4
899469,4
899470,4
899471,4
899472,4
899473,4
899474,4
899475,5
899476,1
899477,4
899478,4
899479,4
899480,4
899481,4
899482,1
899483,4
899484,4
899485,4
899486,4
899487,1
899488,4
899489,4
899490,4
899491,4
899492,4
899493,4
899494,4
899495,4
899496,4
899497,4
899498,4
899499,4
899500,4
899501,1
899502,4
899503,4
899504,4
899505,5
899506,4
899507,4
899508,4
899509,4
899510,4
899511,4
899512,4
899513,4
899514,4
899515,4
899516,4
899517,4
899518,1
899519,4
899520,4
899521,1
899522,5
899523,4
899524,4
899525,4
899526,4
899527,1
899528,4
899529,4
899530,4
899531,4
899532,4
899533,4
899534,4
899535,4
899536,4
899537,4
899538,4
899539,4
899540,4
899541,4
899542,4
899543,4
899544,4
899545,4
899546,4
899547,4
899548,1
899549,4
899550,4
899551,1
899552,5
899553,4
899554,1
899555,4
899556,4
899557,4
899558,4
899559,4
899560,4
899561,5
899562,5
899563,4
899564,4
899565,5
899566,4
899567,1
899568,4
899569,4
899570,4
899571,4
899572,5
899573,4
899574,5
899575,5
899576,4
899577,4
899578,4
899579,4
899580,4
899581,4
899582,5
899583,4
899584,4
899585,4
899586,5
899587,4
899588,5
899589,4
899590,4
899591,4
899592,4
899593,4
899594,4
899595,4
899596,4
899597,4
899598,4
899599,4
899600,4
899601,4
899602,4
899603,4
899604,4
899605,4
899606,4
899607,4
899608,4
899609,4
899610,1
899611,4
899612,4
899613,1
899614,4
899615,4
899616,5
899617,4
899618,4
899619,4
899620,4
899621,4
899622,1
899623,4
899624,4
899625,4
899626,4
899627,4
899628,4
899629,1
899630,1
899631,4
899632,4
899633,1
899634,4
899635,4
899636,4
899637,4
899638,4
899639,4
899640,4
899641,4
899642,5
899643,4
899644,4
899645,4
899646,4
899647,4
899648,4
899649,4
899650,4
899651,4
899652,4
899653,4
899654,4
899655,4
899656,4
899657,4
899658,4
899659,4
899660,4
899661,4
899662,4
899663,4
899664,4
899665,4
899666,4
899667,4
899668,4
899669,4
899670,4
899671,1
899672,4
899673,4
899674,4
899675,4
899676,4
899677,4
899678,4
899679,1
899680,4
899681,4
899682,4
899683,4
899684,4
899685,4
899686,1
899687,4
899688,4
899689,4
899690,4
899691,4
899692,5
899693,5
899694,4
899695,1
899696,4
899697,4
899698,5
899699,4
899700,4
899701,4
899702,4
899703,4
899704,4
899705,4
899706,1
899707,4
899708,4
899709,4
899710,5
899711,4
899712,1
899713,4
899714,5
899715,1
899716,4
899717,4
899718,5
899719,4
899720,4
899721,4
899722,4
899723,4
899724,4
899725,4
899726,4
899727,4
899728,4
899729,4
899730,5
899731,5
899732,5
899733,4
899734,4
899735,4
899736,4
899737,4
899738,4
899739,4
899740,4
899741,4
899742,4
899743,5
899744,1
899745,4
899746,5
899747,5
899748,4
899749,4
899750,4
899751,4
899752,4
899753,4
899754,1
899755,1
899756,4
899757,4
899758,4
899759,1
899760,4
899761,4
899762,5
899763,4
899764,4
899765,4
899766,4
899767,4
899768,4
899769,5
899770,4
899771,5
899772,4
899773,4
899774,4
899775,4
899776,4
899777,5
899778,5
899779,4
899780,4
899781,4
899782,4
899783,1
899784,4
899785,4
899786,4
899787,4
899788,4
899789,4
899790,4
899791,4
899792,4
899793,4
899794,5
899795,4
899796,4
899797,4
899798,4
899799,1
899800,4
899801,4
899802,5
899803,1
899804,4
899805,4
899806,5
899807,4
899808,4
899809,4
899810,1
899811,4
899812,4
899813,4
899814,1
899815,1
899816,4
899817,4
899818,4
899819,4
899820,4
899821,4
899822,4
899823,4
899824,1
899825,4
899826,4
899827,4
899828,4
899829,4
899830,4
899831,4
899832,1
899833,4
899834,4
899835,4
899836,4
899837,4
899838,4
899839,4
899840,4
899841,4
899842,4
899843,1
899844,4
899845,4
899846,4
899847,4
899848,4
899849,4
899850,4
899851,4
899852,4
899853,4
899854,4
899855,4
899856,4
899857,4
899858,4
899859,4
899860,4
899861,4
899862,4
899863,4
899864,4
899865,4
899866,4
899867,1
899868,4
899869,4
899870,4
899871,4
899872,4
899873,4
899874,4
899875,5
899876,4
899877,4
899878,5
899879,4
899880,1
899881,4
899882,4
899883,4
899884,1
899885,4
899886,4
899887,4
899888,5
899889,4
899890,4
899891,1
899892,4
899893,5
899894,4
899895,1
899896,4
899897,4
899898,4
899899,4
899900,4
899901,4
899902,4
899903,4
899904,4
899905,5
899906,4
899907,4
899908,5
899909,4
899910,4
899911,5
899912,1
899913,4
899914,4
899915,4
899916,4
899917,4
899918,5
899919,4
899920,4
899921,4
899922,4
899923,4
899924,4
899925,4
899926,5
899927,4
899928,1
899929,4
899930,4
899931,4
899932,4
899933,5
899934,4
899935,1
899936,5
899937,4
899938,4
899939,4
899940,4
899941,4
899942,1
899943,4
899944,4
899945,1
899946,4
899947,4
899948,4
899949,1
899950,4
899951,4
899952,4
899953,4
899954,4
899955,4
899956,1
899957,4
899958,4
899959,4
899960,4
899961,1
899962,4
899963,4
899964,4
899965,4
899966,4
899967,4
899968,4
899969,4
899970,4
899971,4
899972,4
899973,4
899974,4
899975,4
899976,4
899977,4
899978,4
899979,4
899980,1
899981,1
899982,4
899983,4
899984,4
899985,4
899986,4
899987,4
899988,4
899989,4
899990,1
899991,1
899992,4
899993,1
899994,4
899995,4
899996,4
899997,4
899998,4
899999,4
900000,4
900001,4
900002,1
900003,5
900004,4
900005,4
900006,4
900007,4
900008,3
900009,4
900010,4
900011,4
900012,4
900013,1
900014,4
900015,4
900016,4
900017,4
900018,4
900019,4
900020,4
900021,4
900022,4
900023,4
900024,1
900025,4
900026,4
900027,4
900028,4
900029,4
900030,4
900031,4
900032,4
900033,4
900034,4
900035,4
900036,4
900037,4
900038,1
900039,4
900040,4
900041,4
900042,4
900043,4
900044,4
900045,1
900046,4
900047,4
900048,4
900049,4
900050,4
900051,4
900052,4
900053,4
900054,4
900055,4
900056,4
900057,4
900058,4
900059,4
900060,4
900061,4
900062,4
900063,1
900064,4
900065,4
900066,4
900067,4
900068,4
900069,3
900070,4
900071,3
900072,4
900073,4
900074,4
900075,4
900076,4
900077,4
900078,4
900079,1
900080,4
900081,4
900082,1
900083,1
900084,4
900085,4
900086,4
900087,4
900088,4
900089,4
900090,1
900091,4
900092,4
900093,4
900094,4
900095,4
900096,4
900097,4
900098,4
900099,4
900100,4
900101,4
900102,1
900103,4
900104,3
900105,4
900106,4
900107,4
900108,4
900109,4
900110,3
900111,4
900112,4
900113,4
900114,4
900115,4
900116,4
900117,5
900118,4
900119,4
900120,4
900121,4
900122,4
900123,4
900124,4
900125,4
900126,4
900127,5
900128,4
900129,4
900130,4
900131,4
900132,4
900133,4
900134,3
900135,4
900136,1
900137,4
900138,4
900139,4
900140,4
900141,4
900142,4
900143,4
900144,4
900145,3
900146,4
900147,4
900148,1
900149,4
900150,4
900151,1
900152,4
900153,4
900154,1
900155,4
900156,4
900157,4
900158,5
900159,4
900160,4
900161,3
900162,3
900163,4
900164,4
900165,4
900166,4
900167,1
900168,4
900169,4
900170,4
900171,3
900172,4
900173,4
900174,5
900175,4
900176,4
900177,4
900178,1
900179,4
900180,4
900181,4
900182,4
900183,4
900184,4
900185,1
900186,4
900187,1
900188,4
900189,4
900190,4
900191,4
900192,4
900193,4
900194,1
900195,4
900196,4
900197,4
900198,4
900199,4
900200,3
900201,4
900202,4
900203,4
900204,1
900205,4
900206,4
900207,4
900208,4
900209,1
900210,4
900211,4
900212,4
900213,4
900214,3
900215,1
900216,1
900217,1
900218,1
900219,4
900220,4
900221,3
900222,4
900223,3
900224,5
900225,3
900226,1
900227,4
900228,4
900229,4
900230,4
900231,3
900232,4
900233,4
900234,4
900235,4
900236,4
900237,4
900238,4
900239,4
900240,3
900241,4
900242,4
900243,5
900244,4
900245,4
900246,1
900247,4
900248,4
900249,4
900250,4
900251,1
900252,4
900253,4
900254,4
900255,4
900256,4
900257,4
900258,4
900259,4
900260,4
900261,4
900262,3
900263,4
900264,4
900265,4
900266,4
900267,4
900268,4
900269,4
900270,4
900271,1
900272,4
900273,1
900274,4
900275,1
900276,4
900277,4
900278,4
900279,4
900280,1
900281,4
900282,4
900283,4
900284,1
900285,4
900286,4
900287,4
900288,1
900289,1
900290,4
900291,4
900292,1
900293,4
900294,4
900295,4
900296,1
900297,4
900298,4
900299,4
900300,4
900301,4
900302,4
900303,4
900304,4
900305,4
900306,4
900307,4
900308,4
900309,4
900310,4
900311,4
900312,1
900313,4
900314,4
900315,4
900316,4
900317,4
900318,1
900319,5
900320,4
900321,4
900322,1
900323,4
900324,1
900325,4
900326,4
900327,4
900328,4
900329,5
900330,5
900331,5
900332,5
900333,4
900334,5
900335,4
900336,5
900337,4
900338,4
900339,5
900340,4
900341,4
900342,4
900343,4
900344,1
900345,4
900346,4
900347,4
900348,4
900349,4
900350,4
900351,4
900352,4
900353,4
900354,4
900355,4
900356,5
900357,4
900358,4
900359,4
900360,4
900361,4
900362,1
900363,5
900364,4
900365,4
900366,5
900367,4
900368,4
900369,5
900370,5
900371,4
900372,4
900373,4
900374,4
900375,5
900376,5
900377,5
900378,1
900379,5
900380,5
900381,5
900382,5
900383,4
900384,1
900385,1
900386,5
900387,3
900388,1
900389,3
900390,1
900391,1
900392,4
900393,4
900394,4
900395,4
900396,4
900397,4
900398,4
900399,1
900400,4
900401,4
900402,1
900403,4
900404,4
900405,4
900406,4
900407,4
900408,4
900409,4
900410,4
900411,4
900412,4
900413,4
900414,4
900415,4
900416,4
900417,4
900418,4
900419,4
900420,4
900421,4
900422,4
900423,4
900424,4
900425,4
900426,4
900427,4
900428,1
900429,1
900430,4
900431,4
900432,4
900433,3
900434,1
900435,4
900436,4
900437,4
900438,4
900439,4
900440,4
900441,1
900442,4
900443,4
900444,4
900445,4
900446,4
900447,4
900448,4
900449,4
900450,4
900451,4
900452,4
900453,4
900454,4
900455,4
900456,4
900457,1
900458,4
900459,4
900460,4
900461,5
900462,4
900463,4
900464,4
900465,4
900466,1
900467,4
900468,4
900469,4
900470,4
900471,4
900472,4
900473,1
900474,4
900475,1
900476,4
900477,4
900478,4
900479,4
900480,4
900481,4
900482,4
900483,4
900484,1
900485,4
900486,4
900487,4
900488,4
900489,4
900490,4
900491,5
900492,4
900493,5
900494,4
900495,5
900496,4
900497,4
900498,4
900499,4
900500,4
900501,4
900502,4
900503,1
900504,4
900505,4
900506,5
900507,4
900508,4
900509,5
900510,4
900511,5
900512,4
900513,4
900514,4
900515,4
900516,4
900517,4
900518,4
900519,5
900520,4
900521,4
900522,4
900523,4
900524,4
900525,4
900526,4
900527,4
900528,4
900529,4
900530,4
900531,4
900532,4
900533,4
900534,1
900535,4
900536,4
900537,4
900538,4
900539,4
900540,4
900541,1
900542,4
900543,4
900544,1
900545,4
900546,4
900547,4
900548,1
900549,4
900550,1
900551,4
900552,4
900553,4
900554,1
900555,4
900556,4
900557,4
900558,4
900559,4
900560,1
900561,5
900562,4
900563,5
900564,4
900565,5
900566,4
900567,5
900568,4
900569,4
900570,5
900571,4
900572,4
900573,4
900574,4
900575,4
900576,4
900577,4
900578,4
900579,4
900580,4
900581,4
900582,4
900583,4
900584,4
900585,4
900586,4
900587,1
900588,4
900589,4
900590,4
900591,4
900592,4
900593,4
900594,4
900595,1
900596,4
900597,4
900598,4
900599,4
900600,4
900601,4
900602,4
900603,4
900604,4
900605,1
900606,1
900607,4
900608,4
900609,4
900610,4
900611,4
900612,4
900613,4
900614,5
900615,4
900616,4
900617,4
900618,4
900619,4
900620,4
900621,4
900622,4
900623,4
900624,4
900625,4
900626,4
900627,4
900628,1
900629,4
900630,4
900631,4
900632,4
900633,4
900634,3
900635,4
900636,4
900637,4
900638,4
900639,4
900640,1
900641,4
900642,1
900643,4
900644,4
900645,4
900646,4
900647,4
900648,4
900649,4
900650,4
900651,4
900652,4
900653,4
900654,4
900655,4
900656,4
900657,4
900658,4
900659,4
900660,4
900661,4
900662,4
900663,4
900664,1
900665,4
900666,4
900667,4
900668,4
900669,4
900670,5
900671,4
900672,5
900673,5
900674,4
900675,4
900676,4
900677,4
900678,4
900679,5
900680,4
900681,5
900682,4
900683,4
900684,5
900685,5
900686,4
900687,1
900688,4
900689,4
900690,4
900691,1
900692,4
900693,4
900694,1
900695,4
900696,4
900697,4
900698,4
900699,4
900700,5
900701,4
900702,4
900703,5
900704,4
900705,4
900706,4
900707,4
900708,4
900709,1
900710,4
900711,4
900712,4
900713,4
900714,4
900715,4
900716,5
900717,4
900718,4
900719,4
900720,4
900721,4
900722,4
900723,4
900724,1
900725,1
900726,4
900727,4
900728,4
900729,4
900730,4
900731,4
900732,4
900733,5
900734,4
900735,4
900736,4
900737,4
900738,1
900739,4
900740,4
900741,4
900742,5
900743,4
900744,4
900745,4
900746,5
900747,4
900748,1
900749,4
900750,4
900751,4
900752,5
900753,4
900754,4
900755,5
900756,4
900757,4
900758,4
900759,4
900760,4
900761,5
900762,4
900763,4
900764,1
900765,5
900766,4
900767,4
900768,5
900769,4
900770,5
900771,5
900772,4
900773,4
900774,1
900775,1
900776,4
900777,4
900778,1
900779,4
900780,4
900781,4
900782,4
900783,4
900784,4
900785,4
900786,4
900787,1
900788,4
900789,5
900790,5
900791,4
900792,4
900793,4
900794,4
900795,1
900796,4
900797,4
900798,1
900799,4
900800,4
900801,4
900802,4
900803,1
900804,4
900805,4
900806,4
900807,4
900808,4
900809,4
900810,4
900811,5
900812,4
900813,5
900814,4
900815,4
900816,5
900817,4
900818,4
900819,4
900820,4
900821,4
900822,4
900823,4
900824,4
900825,4
900826,4
900827,4
900828,4
900829,5
900830,4
900831,4
900832,4
900833,4
900834,4
900835,4
900836,4
900837,4
900838,4
900839,4
900840,4
900841,4
900842,4
900843,1
900844,4
900845,4
900846,4
900847,4
900848,4
900849,4
900850,4
900851,4
900852,4
900853,4
900854,4
900855,4
900856,4
900857,1
900858,4
900859,4
900860,4
900861,4
900862,4
900863,4
900864,4
900865,4
900866,4
900867,4
900868,4
900869,4
900870,4
900871,4
900872,4
900873,4
900874,4
900875,4
900876,4
900877,4
900878,4
900879,4
900880,4
900881,1
900882,4
900883,4
900884,4
900885,4
900886,4
900887,4
900888,3
900889,4
900890,1
900891,3
900892,1
900893,1
900894,4
900895,4
900896,3
900897,3
900898,3
900899,4
900900,3
900901,4
900902,3
900903,4
900904,4
900905,4
900906,4
900907,4
900908,3
900909,4
900910,4
900911,1
900912,4
900913,4
900914,4
900915,1
900916,3
900917,3
900918,4
900919,4
900920,3
900921,3
900922,3
900923,4
900924,4
900925,3
900926,1
900927,4
900928,3
900929,3
900930,3
900931,4
900932,4
900933,3
900934,4
900935,4
900936,4
900937,4
900938,4
900939,4
900940,4
900941,4
900942,4
900943,4
900944,4
900945,1
900946,4
900947,4
900948,4
900949,4
900950,4
900951,4
900952,4
900953,4
900954,5
900955,4
900956,4
900957,4
900958,4
900959,4
900960,4
900961,4
900962,4
900963,4
900964,4
900965,4
900966,1
900967,4
900968,4
900969,5
900970,4
900971,4
900972,4
900973,1
900974,4
900975,4
900976,4
900977,4
900978,4
900979,4
900980,4
900981,4
900982,4
900983,4
900984,4
900985,4
900986,4
900987,1
900988,4
900989,4
900990,4
900991,4
900992,4
900993,4
900994,4
900995,4
900996,5
900997,4
900998,4
900999,4
901000,4
901001,1
901002,4
901003,4
901004,4
901005,4
901006,4
901007,4
901008,4
901009,1
901010,1
901011,4
901012,4
901013,4
901014,4
901015,1
901016,4
901017,5
901018,4
901019,4
901020,4
901021,4
901022,4
901023,4
901024,4
901025,4
901026,4
901027,1
901028,4
901029,4
901030,4
901031,4
901032,1
901033,1
901034,4
901035,4
901036,4
901037,4
901038,4
901039,4
901040,4
901041,4
901042,4
901043,4
901044,4
901045,4
901046,4
901047,4
901048,4
901049,4
901050,5
901051,4
901052,4
901053,4
901054,1
901055,4
901056,4
901057,4
901058,4
901059,4
901060,4
901061,1
901062,4
901063,4
901064,4
901065,4
901066,4
901067,4
901068,4
901069,4
901070,4
901071,4
901072,4
901073,4
901074,4
901075,4
901076,1
901077,4
901078,4
901079,4
901080,4
901081,4
901082,4
901083,4
901084,4
901085,4
901086,4
901087,4
901088,4
901089,4
901090,4
901091,4
901092,4
901093,4
901094,4
901095,4
901096,4
901097,4
901098,4
901099,5
901100,4
901101,1
901102,4
901103,4
901104,4
901105,1
901106,4
901107,4
901108,4
901109,4
901110,4
901111,4
901112,4
901113,4
901114,4
901115,4
901116,4
901117,4
901118,4
901119,1
901120,4
901121,4
901122,4
901123,4
901124,4
901125,1
901126,1
901127,5
901128,4
901129,1
901130,4
901131,4
901132,4
901133,4
901134,1
901135,4
901136,4
901137,5
901138,4
901139,4
901140,4
901141,4
901142,4
901143,4
901144,4
901145,4
901146,4
901147,5
901148,4
901149,4
901150,4
901151,1
901152,3
901153,4
901154,4
901155,4
901156,1
901157,4
901158,1
901159,4
901160,4
901161,5
901162,4
901163,4
901164,4
901165,4
901166,1
901167,4
901168,4
901169,4
901170,4
901171,4
901172,4
901173,4
901174,4
901175,4
901176,4
901177,4
901178,4
901179,4
901180,4
901181,1
901182,4
901183,4
901184,4
901185,4
901186,4
901187,4
901188,3
901189,4
901190,4
901191,4
901192,4
901193,4
901194,1
901195,4
901196,4
901197,4
901198,1
901199,1
901200,4
901201,4
901202,4
901203,3
901204,1
901205,4
901206,4
901207,4
901208,1
901209,4
901210,4
901211,4
901212,4
901213,1
901214,4
901215,4
901216,4
901217,4
901218,4
901219,4
901220,4
901221,4
901222,4
901223,4
901224,4
901225,4
901226,1
901227,4
901228,4
901229,4
901230,4
901231,1
901232,4
901233,4
901234,1
901235,4
901236,4
901237,4
901238,4
901239,4
901240,4
901241,4
901242,4
901243,1
901244,4
901245,4
901246,4
901247,4
901248,4
901249,4
901250,4
901251,5
901252,4
901253,1
901254,4
901255,4
901256,4
901257,4
901258,1
901259,4
901260,4
901261,4
901262,4
901263,4
901264,4
901265,4
901266,4
901267,4
901268,4
901269,4
901270,4
901271,4
901272,4
901273,4
901274,4
901275,4
901276,4
901277,4
901278,4
901279,4
901280,4
901281,4
901282,4
901283,4
901284,4
901285,4
901286,4
901287,4
901288,4
901289,5
901290,5
901291,5
901292,5
901293,4
901294,4
901295,4
901296,4
901297,4
901298,4
901299,1
901300,4
901301,4
901302,4
901303,4
901304,4
901305,4
901306,1
901307,4
901308,1
901309,4
901310,4
901311,4
901312,4
901313,4
901314,4
901315,1
901316,4
901317,4
901318,4
901319,4
901320,1
901321,4
901322,4
901323,1
901324,4
901325,4
901326,4
901327,4
901328,4
901329,4
901330,4
901331,4
901332,1
901333,1
901334,4
901335,4
901336,4
901337,5
901338,4
901339,5
901340,4
901341,4
901342,4
901343,4
901344,4
901345,4
901346,4
901347,4
901348,4
901349,4
901350,5
901351,4
901352,1
901353,4
901354,4
901355,4
901356,5
901357,4
901358,4
901359,4
901360,4
901361,4
901362,4
901363,4
901364,4
901365,4
901366,4
901367,4
901368,4
901369,5
901370,4
901371,4
901372,4
901373,4
901374,1
901375,4
901376,4
901377,4
901378,4
901379,1
901380,4
901381,1
901382,1
901383,4
901384,4
901385,4
901386,4
901387,4
901388,1
901389,4
901390,4
901391,4
901392,4
901393,4
901394,4
901395,4
901396,4
901397,4
901398,4
901399,1
901400,4
901401,4
901402,4
901403,4
901404,4
901405,4
901406,4
901407,4
901408,4
901409,4
901410,4
901411,4
901412,4
901413,4
901414,4
901415,4
901416,4
901417,4
901418,4
901419,4
901420,4
901421,4
901422,4
901423,4
901424,4
901425,4
901426,4
901427,1
901428,4
901429,1
901430,4
901431,4
901432,4
901433,4
901434,4
901435,5
901436,4
901437,4
901438,1
901439,4
901440,4
901441,5
901442,4
901443,1
901444,4
901445,4
901446,4
901447,5
901448,4
901449,5
901450,4
901451,4
901452,5
901453,4
901454,4
901455,4
901456,5
901457,4
901458,5
901459,4
901460,4
901461,4
901462,4
901463,1
901464,4
901465,4
901466,4
901467,4
901468,4
901469,4
901470,4
901471,4
901472,4
901473,4
901474,4
901475,4
901476,5
901477,4
901478,1
901479,4
901480,4
901481,5
901482,4
901483,4
901484,5
901485,4
901486,4
901487,4
901488,1
901489,1
901490,1
901491,4
901492,1
901493,4
901494,4
901495,4
901496,1
901497,4
901498,1
901499,1
901500,4
901501,5
901502,4
901503,1
901504,5
901505,4
901506,4
901507,4
901508,4
901509,1
901510,4
901511,4
901512,4
901513,4
901514,4
901515,1
901516,4
901517,4
901518,4
901519,4
901520,4
901521,4
901522,4
901523,4
901524,4
901525,4
901526,4
901527,4
901528,4
901529,5
901530,4
901531,4
901532,4
901533,4
901534,4
901535,4
901536,5
901537,4
901538,4
901539,1
901540,4
901541,4
901542,4
901543,4
901544,4
901545,4
901546,4
901547,4
901548,4
901549,4
901550,4
901551,4
901552,4
901553,1
901554,4
901555,4
901556,4
901557,1
901558,4
901559,4
901560,4
901561,4
901562,4
901563,1
901564,4
901565,4
901566,1
901567,4
901568,1
901569,4
901570,4
901571,4
901572,4
901573,4
901574,4
901575,4
901576,4
901577,4
901578,1
901579,4
901580,4
901581,1
901582,4
901583,4
901584,4
901585,4
901586,4
901587,5
901588,1
901589,1
901590,4
901591,4
901592,4
901593,4
901594,1
901595,4
901596,1
901597,4
901598,4
901599,4
901600,1
901601,4
901602,4
901603,4
901604,4
901605,4
901606,4
901607,4
901608,4
901609,4
901610,1
901611,4
901612,4
901613,4
901614,1
901615,5
901616,4
901617,1
901618,4
901619,4
901620,4
901621,4
901622,4
901623,4
901624,4
901625,1
901626,4
901627,4
901628,4
901629,4
901630,4
901631,4
901632,4
901633,4
901634,4
901635,4
901636,1
901637,4
901638,4
901639,4
901640,4
901641,4
901642,4
901643,4
901644,4
901645,4
901646,4
901647,1
901648,5
901649,4
901650,4
901651,4
901652,1
901653,4
901654,1
901655,4
901656,4
901657,4
901658,4
901659,1
901660,4
901661,4
901662,4
901663,4
901664,4
901665,4
901666,1
901667,1
901668,4
901669,4
901670,4
901671,4
901672,4
901673,5
901674,4
901675,4
901676,3
901677,4
901678,5
901679,4
901680,5
901681,4
901682,4
901683,4
901684,3
901685,4
901686,4
901687,4
901688,4
901689,4
901690,4
901691,4
901692,4
901693,4
901694,4
901695,4
901696,4
901697,4
901698,5
901699,4
901700,4
901701,4
901702,4
901703,4
901704,4
901705,4
901706,1
901707,4
901708,4
901709,4
901710,4
901711,4
901712,4
901713,1
901714,4
901715,4
901716,4
901717,4
901718,1
901719,4
901720,1
901721,4
901722,4
901723,4
901724,4
901725,4
901726,4
901727,4
901728,4
901729,4
901730,5
901731,4
901732,4
901733,4
901734,4
901735,4
901736,4
901737,4
901738,1
901739,1
901740,4
901741,4
901742,4
901743,4
901744,4
901745,4
901746,4
901747,4
901748,4
901749,4
901750,4
901751,4
901752,4
901753,4
901754,4
901755,4
901756,4
901757,4
901758,4
901759,5
901760,4
901761,1
901762,4
901763,4
901764,4
901765,4
901766,4
901767,1
901768,1
901769,4
901770,4
901771,4
901772,4
901773,4
901774,4
901775,4
901776,4
901777,4
901778,4
901779,4
901780,4
901781,4
901782,4
901783,4
901784,4
901785,4
901786,4
901787,4
901788,4
901789,4
901790,4
901791,4
901792,4
901793,4
901794,4
901795,1
901796,4
901797,4
901798,5
901799,4
901800,5
901801,4
901802,4
901803,4
901804,4
901805,4
901806,4
901807,4
901808,4
901809,4
901810,4
901811,4
901812,1
901813,4
901814,4
901815,4
901816,4
901817,4
901818,4
901819,1
901820,1
901821,4
901822,4
901823,4
901824,5
901825,4
901826,4
901827,4
901828,4
901829,4
901830,4
901831,4
901832,4
901833,4
901834,4
901835,4
901836,4
901837,4
901838,4
901839,4
901840,4
901841,4
901842,4
901843,4
901844,4
901845,4
901846,4
901847,1
901848,4
901849,4
901850,1
901851,4
901852,4
901853,4
901854,4
901855,4
901856,4
901857,4
901858,4
901859,4
901860,4
901861,4
901862,4
901863,4
901864,4
901865,4
901866,4
901867,1
901868,4
901869,4
901870,4
901871,4
901872,4
901873,4
901874,1
901875,5
901876,4
901877,4
901878,4
901879,4
901880,4
901881,4
901882,4
901883,4
901884,1
901885,4
901886,4
901887,4
901888,4
901889,1
901890,4
901891,1
901892,4
901893,4
901894,4
901895,4
901896,1
901897,1
901898,1
901899,4
901900,4
901901,4
901902,4
901903,4
901904,4
901905,4
901906,5
901907,1
901908,4
901909,4
901910,4
901911,4
901912,4
901913,4
901914,4
901915,4
901916,4
901917,4
901918,4
901919,4
901920,4
901921,4
901922,4
901923,5
901924,4
901925,4
901926,4
901927,4
901928,4
901929,4
901930,4
901931,4
901932,4
901933,4
901934,4
901935,4
901936,4
901937,5
901938,4
901939,4
901940,4
901941,4
901942,4
901943,4
901944,4
901945,4
901946,4
901947,5
901948,4
901949,4
901950,4
901951,1
901952,4
901953,4
901954,1
901955,4
901956,5
901957,4
901958,4
901959,4
901960,4
901961,4
901962,4
901963,4
901964,4
901965,5
901966,4
901967,4
901968,4
901969,4
901970,4
901971,4
901972,4
901973,4
901974,4
901975,1
901976,1
901977,4
901978,4
901979,4
901980,4
901981,1
901982,4
901983,4
901984,4
901985,4
901986,4
901987,4
901988,4
901989,4
901990,4
901991,4
901992,1
901993,4
901994,1
901995,4
901996,4
901997,4
901998,4
901999,4
902000,4
902001,4
902002,4
902003,4
902004,4
902005,4
902006,4
902007,4
902008,1
902009,4
902010,1
902011,1
902012,4
902013,5
902014,4
902015,4
902016,4
902017,4
902018,1
902019,1
902020,4
902021,1
902022,4
902023,4
902024,1
902025,4
902026,4
902027,4
902028,4
902029,4
902030,4
902031,4
902032,4
902033,4
902034,4
902035,1
902036,4
902037,4
902038,1
902039,4
902040,4
902041,4
902042,4
902043,4
902044,4
902045,4
902046,4
902047,4
902048,4
902049,4
902050,4
902051,4
902052,4
902053,4
902054,4
902055,5
902056,4
902057,4
902058,4
902059,4
902060,4
902061,4
902062,4
902063,1
902064,4
902065,4
902066,5
902067,5
902068,4
902069,4
902070,4
902071,4
902072,4
902073,4
902074,4
902075,4
902076,4
902077,4
902078,4
902079,4
902080,5
902081,4
902082,4
902083,4
902084,4
902085,4
902086,1
902087,4
902088,4
902089,1
902090,1
902091,4
902092,1
902093,3
902094,4
902095,3
902096,4
902097,4
902098,4
902099,3
902100,3
902101,3
902102,4
902103,4
902104,1
902105,4
902106,4
902107,4
902108,1
902109,4
902110,4
902111,1
902112,4
902113,1
902114,4
902115,4
902116,1
902117,1
902118,4
902119,4
902120,4
902121,4
902122,4
902123,4
902124,4
902125,4
902126,4
902127,4
902128,5
902129,4
902130,4
902131,4
902132,4
902133,4
902134,4
902135,4
902136,4
902137,4
902138,4
902139,4
902140,1
902141,4
902142,4
902143,1
902144,4
902145,4
902146,4
902147,4
902148,4
902149,4
902150,4
902151,4
902152,4
902153,4
902154,4
902155,4
902156,4
902157,1
902158,4
902159,4
902160,4
902161,4
902162,4
902163,4
902164,4
902165,1
902166,4
902167,4
902168,4
902169,4
902170,4
902171,4
902172,4
902173,4
902174,4
902175,5
902176,4
902177,4
902178,4
902179,4
902180,4
902181,4
902182,4
902183,4
902184,4
902185,1
902186,4
902187,4
902188,4
902189,4
902190,4
902191,4
902192,4
902193,4
902194,4
902195,4
902196,5
902197,4
902198,4
902199,4
902200,4
902201,5
902202,4
902203,4
902204,4
902205,4
902206,1
902207,5
902208,4
902209,4
902210,4
902211,4
902212,4
902213,4
902214,4
902215,4
902216,4
902217,4
902218,4
902219,4
902220,1
902221,1
902222,4
902223,4
902224,4
902225,4
902226,4
902227,3
902228,4
902229,1
902230,4
902231,5
902232,4
902233,4
902234,1
902235,5
902236,4
902237,4
902238,4
902239,4
902240,4
902241,1
902242,4
902243,1
902244,4
902245,4
902246,4
902247,1
902248,4
902249,4
902250,4
902251,1
902252,4
902253,4
902254,4
902255,5
902256,4
902257,4
902258,4
902259,1
902260,4
902261,4
902262,4
902263,4
902264,4
902265,5
902266,5
902267,5
902268,4
902269,4
902270,4
902271,4
902272,4
902273,1
902274,4
902275,4
902276,4
902277,4
902278,4
902279,4
902280,4
902281,4
902282,4
902283,4
902284,4
902285,4
902286,4
902287,4
902288,1
902289,4
902290,4
902291,4
902292,5
902293,4
902294,4
902295,4
902296,4
902297,5
902298,4
902299,4
902300,4
902301,4
902302,5
902303,4
902304,4
902305,4
902306,4
902307,4
902308,4
902309,4
902310,4
902311,4
902312,4
902313,5
902314,5
902315,4
902316,5
902317,4
902318,5
902319,4
902320,4
902321,4
902322,5
902323,4
902324,4
902325,4
902326,4
902327,4
902328,4
902329,1
902330,5
902331,5
902332,4
902333,4
902334,4
902335,5
902336,4
902337,4
902338,4
902339,4
902340,5
902341,4
902342,5
902343,5
902344,4
902345,4
902346,4
902347,4
902348,4
902349,4
902350,5
902351,1
902352,1
902353,5
902354,4
902355,5
902356,4
902357,5
902358,4
902359,4
902360,4
902361,1
902362,4
902363,4
902364,4
902365,4
902366,4
902367,4
902368,4
902369,4
902370,4
902371,4
902372,4
902373,5
902374,5
902375,4
902376,4
902377,4
902378,4
902379,4
902380,4
902381,4
902382,1
902383,4
902384,4
902385,4
902386,4
902387,1
902388,4
902389,4
902390,4
902391,4
902392,4
902393,4
902394,4
902395,4
902396,4
902397,4
902398,4
902399,4
902400,4
902401,4
902402,4
902403,4
902404,5
902405,1
902406,4
902407,4
902408,4
902409,4
902410,4
902411,4
902412,4
902413,4
902414,5
902415,4
902416,4
902417,4
902418,4
902419,5
902420,4
902421,1
902422,4
902423,4
902424,4
902425,1
902426,4
902427,4
902428,5
902429,4
902430,4
902431,3
902432,4
902433,4
902434,4
902435,3
902436,4
902437,4
902438,4
902439,4
902440,5
902441,4
902442,4
902443,4
902444,4
902445,4
902446,4
902447,4
902448,4
902449,4
902450,4
902451,4
902452,5
902453,4
902454,1
902455,1
902456,4
902457,4
902458,1
902459,4
902460,4
902461,4
902462,1
902463,4
902464,4
902465,4
902466,4
902467,4
902468,4
902469,4
902470,1
902471,1
902472,4
902473,4
902474,4
902475,4
902476,4
902477,4
902478,4
902479,1
902480,4
902481,5
902482,4
902483,4
902484,4
902485,4
902486,4
902487,4
902488,4
902489,4
902490,4
902491,4
902492,4
902493,4
902494,4
902495,4
902496,4
902497,1
902498,4
902499,1
902500,4
902501,4
902502,4
902503,4
902504,4
902505,4
902506,4
902507,4
902508,4
902509,4
902510,4
902511,4
902512,4
902513,4
902514,4
902515,5
902516,4
902517,4
902518,4
902519,4
902520,4
902521,4
902522,4
902523,4
902524,4
902525,4
902526,1
902527,4
902528,4
902529,4
902530,4
902531,3
902532,3
902533,3
902534,3
902535,3
902536,3
902537,3
902538,3
902539,4
902540,3
902541,1
902542,3
902543,3
902544,3
902545,3
902546,3
902547,3
902548,3
902549,3
902550,3
902551,3
902552,4
902553,4
902554,1
902555,5
902556,4
902557,4
902558,4
902559,4
902560,4
902561,1
902562,4
902563,4
902564,4
902565,4
902566,4
902567,4
902568,4
902569,4
902570,4
902571,4
902572,4
902573,4
902574,4
902575,3
902576,4
902577,4
902578,4
902579,4
902580,4
902581,4
902582,4
902583,4
902584,4
902585,5
902586,5
902587,5
902588,4
902589,4
902590,4
902591,4
902592,4
902593,4
902594,4
902595,4
902596,4
902597,4
902598,4
902599,4
902600,1
902601,1
902602,4
902603,4
902604,4
902605,4
902606,4
902607,4
902608,4
902609,4
902610,4
902611,4
902612,4
902613,1
902614,4
902615,4
902616,4
902617,4
902618,4
902619,4
902620,4
902621,4
902622,5
902623,4
902624,4
902625,4
902626,4
902627,4
902628,4
902629,3
902630,4
902631,4
902632,4
902633,1
902634,4
902635,1
902636,4
902637,4
902638,5
902639,1
902640,4
902641,4
902642,4
902643,4
902644,5
902645,4
902646,1
902647,5
902648,4
902649,4
902650,5
902651,4
902652,4
902653,4
902654,4
902655,4
902656,5
902657,4
902658,4
902659,4
902660,5
902661,4
902662,4
902663,5
902664,4
902665,4
902666,4
902667,4
902668,4
902669,4
902670,4
902671,5
902672,5
902673,4
902674,4
902675,4
902676,1
902677,4
902678,4
902679,4
902680,4
902681,4
902682,4
902683,5
902684,4
902685,4
902686,1
902687,4
902688,1
902689,5
902690,4
902691,4
902692,1
902693,1
902694,1
902695,4
902696,4
902697,4
902698,1
902699,5
902700,1
902701,1
902702,4
902703,4
902704,4
902705,4
902706,4
902707,4
902708,1
902709,4
902710,1
902711,4
902712,4
902713,4
902714,4
902715,4
902716,4
902717,4
902718,4
902719,4
902720,4
902721,4
902722,4
902723,4
902724,4
902725,4
902726,4
902727,4
902728,4
902729,4
902730,4
902731,4
902732,4
902733,4
902734,4
902735,4
902736,1
902737,4
902738,4
902739,4
902740,1
902741,1
902742,4
902743,4
902744,4
902745,4
902746,4
902747,4
902748,4
902749,4
902750,1
902751,4
902752,4
902753,4
902754,4
902755,4
902756,4
902757,4
902758,4
902759,4
902760,4
902761,4
902762,4
902763,4
902764,4
902765,3
902766,4
902767,4
902768,4
902769,4
902770,4
902771,3
902772,3
902773,1
902774,4
902775,1
902776,4
902777,5
902778,4
902779,5
902780,5
902781,1
902782,4
902783,5
902784,4
902785,4
902786,1
902787,1
902788,4
902789,4
902790,4
902791,1
902792,4
902793,4
902794,4
902795,4
902796,1
902797,4
902798,4
902799,4
902800,3
902801,4
902802,4
902803,4
902804,4
902805,4
902806,4
902807,4
902808,4
902809,4
902810,4
902811,4
902812,4
902813,4
902814,4
902815,4
902816,5
902817,4
902818,4
902819,4
902820,4
902821,4
902822,4
902823,4
902824,4
902825,4
902826,4
902827,4
902828,4
902829,4
902830,4
902831,4
902832,4
902833,4
902834,4
902835,4
902836,4
902837,4
902838,4
902839,4
902840,1
902841,4
902842,4
902843,1
902844,4
902845,1
902846,4
902847,3
902848,1
902849,4
902850,1
902851,4
902852,4
902853,1
902854,4
902855,4
902856,1
902857,4
902858,4
902859,4
902860,4
902861,4
902862,4
902863,4
902864,4
902865,4
902866,4
902867,4
902868,4
902869,4
902870,4
902871,4
902872,4
902873,4
902874,4
902875,4
902876,4
902877,1
902878,4
902879,4
902880,4
902881,4
902882,4
902883,1
902884,4
902885,4
902886,4
902887,4
902888,1
902889,4
902890,1
902891,4
902892,4
902893,4
902894,4
902895,1
902896,4
902897,4
902898,4
902899,4
902900,4
902901,4
902902,4
902903,4
902904,4
902905,4
902906,4
902907,4
902908,4
902909,4
902910,4
902911,1
902912,4
902913,1
902914,5
902915,1
902916,4
902917,4
902918,4
902919,4
902920,4
902921,1
902922,5
902923,4
902924,4
902925,4
902926,4
902927,4
902928,4
902929,1
902930,4
902931,4
902932,4
902933,1
902934,4
902935,4
902936,5
902937,5
902938,4
902939,4
902940,4
902941,4
902942,4
902943,4
902944,4
902945,5
902946,5
902947,4
902948,5
902949,4
902950,4
902951,4
902952,4
902953,5
902954,4
902955,1
902956,4
902957,4
902958,4
902959,4
902960,4
902961,4
902962,1
902963,4
902964,4
902965,4
902966,4
902967,3
902968,4
902969,4
902970,4
902971,4
902972,4
902973,4
902974,4
902975,4
902976,4
902977,4
902978,4
902979,4
902980,4
902981,1
902982,4
902983,4
902984,4
902985,1
902986,4
902987,4
902988,4
902989,4
902990,4
902991,1
902992,4
902993,4
902994,4
902995,4
902996,4
902997,4
902998,4
902999,4
903000,4
903001,1
903002,4
903003,4
903004,4
903005,4
903006,4
903007,4
903008,4
903009,4
903010,1
903011,4
903012,4
903013,3
903014,4
903015,4
903016,4
903017,4
903018,4
903019,1
903020,4
903021,4
903022,4
903023,4
903024,4
903025,4
903026,4
903027,1
903028,3
903029,4
903030,4
903031,4
903032,4
903033,4
903034,4
903035,4
903036,4
903037,1
903038,4
903039,1
903040,4
903041,4
903042,4
903043,4
903044,1
903045,4
903046,4
903047,4
903048,4
903049,4
903050,4
903051,4
903052,4
903053,4
903054,4
903055,1
903056,4
903057,4
903058,4
903059,4
903060,4
903061,4
903062,4
903063,4
903064,4
903065,1
903066,4
903067,4
903068,1
903069,4
903070,4
903071,4
903072,4
903073,1
903074,4
903075,4
903076,4
903077,4
903078,4
903079,3
903080,1
903081,1
903082,1
903083,4
903084,4
903085,4
903086,4
903087,4
903088,4
903089,4
903090,4
903091,4
903092,4
903093,4
903094,4
903095,5
903096,4
903097,4
903098,1
903099,4
903100,4
903101,5
903102,4
903103,4
903104,4
903105,4
903106,4
903107,4
903108,4
903109,4
903110,4
903111,1
903112,1
903113,4
903114,4
903115,4
903116,4
903117,4
903118,1
903119,4
903120,4
903121,4
903122,4
903123,4
903124,1
903125,1
903126,4
903127,4
903128,4
903129,4
903130,4
903131,4
903132,4
903133,1
903134,5
903135,4
903136,4
903137,4
903138,4
903139,4
903140,1
903141,4
903142,4
903143,4
903144,4
903145,4
903146,4
903147,4
903148,4
903149,4
903150,4
903151,4
903152,4
903153,4
903154,4
903155,4
903156,4
903157,4
903158,1
903159,4
903160,4
903161,4
903162,4
903163,4
903164,4
903165,4
903166,4
903167,1
903168,4
903169,4
903170,4
903171,1
903172,4
903173,4
903174,4
903175,3
903176,1
903177,4
903178,4
903179,4
903180,4
903181,4
903182,1
903183,1
903184,4
903185,4
903186,4
903187,4
903188,4
903189,5
903190,4
903191,5
903192,4
903193,4
903194,4
903195,4
903196,4
903197,1
903198,1
903199,4
903200,4
903201,4
903202,4
903203,4
903204,5
903205,4
903206,1
903207,5
903208,4
903209,4
903210,4
903211,4
903212,1
903213,4
903214,5
903215,4
903216,4
903217,5
903218,5
903219,4
903220,5
903221,5
903222,4
903223,1
903224,4
903225,5
903226,4
903227,4
903228,4
903229,4
903230,4
903231,1
903232,4
903233,4
903234,4
903235,4
903236,4
903237,4
903238,4
903239,4
903240,4
903241,4
903242,4
903243,4
903244,5
903245,4
903246,4
903247,1
903248,5
903249,5
903250,4
903251,4
903252,4
903253,1
903254,5
903255,4
903256,4
903257,1
903258,5
903259,4
903260,4
903261,4
903262,4
903263,4
903264,4
903265,4
903266,4
903267,4
903268,4
903269,4
903270,4
903271,4
903272,4
903273,4
903274,4
903275,4
903276,4
903277,5
903278,4
903279,4
903280,1
903281,4
903282,4
903283,4
903284,5
903285,4
903286,4
903287,4
903288,4
903289,4
903290,4
903291,1
903292,1
903293,4
903294,4
903295,4
903296,4
903297,4
903298,4
903299,4
903300,4
903301,1
903302,4
903303,4
903304,1
903305,4
903306,1
903307,4
903308,4
903309,4
903310,4
903311,4
903312,4
903313,4
903314,1
903315,4
903316,4
903317,1
903318,4
903319,4
903320,4
903321,4
903322,1
903323,4
903324,4
903325,1
903326,4
903327,4
903328,1
903329,4
903330,4
903331,4
903332,4
903333,4
903334,1
903335,4
903336,4
903337,4
903338,4
903339,4
903340,1
903341,4
903342,4
903343,5
903344,4
903345,4
903346,4
903347,4
903348,1
903349,4
903350,4
903351,4
903352,5
903353,4
903354,4
903355,4
903356,4
903357,5
903358,4
903359,1
903360,1
903361,4
903362,4
903363,1
903364,4
903365,4
903366,4
903367,1
903368,1
903369,4
903370,1
903371,5
903372,4
903373,4
903374,4
903375,4
903376,4
903377,4
903378,1
903379,4
903380,4
903381,4
903382,4
903383,4
903384,4
903385,4
903386,4
903387,4
903388,4
903389,4
903390,4
903391,4
903392,1
903393,4
903394,4
903395,4
903396,4
903397,4
903398,4
903399,4
903400,4
903401,4
903402,4
903403,1
903404,1
903405,1
903406,4
903407,4
903408,4
903409,4
903410,1
903411,4
903412,4
903413,4
903414,4
903415,4
903416,4
903417,4
903418,4
903419,4
903420,4
903421,4
903422,4
903423,4
903424,4
903425,4
903426,4
903427,4
903428,4
903429,4
903430,4
903431,4
903432,4
903433,4
903434,4
903435,4
903436,4
903437,4
903438,1
903439,4
903440,4
903441,4
903442,4
903443,4
903444,4
903445,4
903446,4
903447,1
903448,4
903449,4
903450,1
903451,4
903452,4
903453,1
903454,4
903455,5
903456,4
903457,4
903458,4
903459,4
903460,4
903461,1
903462,4
903463,4
903464,4
903465,4
903466,4
903467,1
903468,4
903469,4
903470,1
903471,4
903472,4
903473,4
903474,4
903475,4
903476,4
903477,4
903478,4
903479,4
903480,1
903481,4
903482,4
903483,4
903484,4
903485,4
903486,4
903487,4
903488,4
903489,1
903490,4
903491,5
903492,4
903493,4
903494,4
903495,4
903496,4
903497,5
903498,4
903499,4
903500,4
903501,4
903502,1
903503,4
903504,1
903505,4
903506,5
903507,5
903508,4
903509,4
903510,4
903511,4
903512,4
903513,4
903514,4
903515,4
903516,4
903517,4
903518,1
903519,4
903520,5
903521,4
903522,4
903523,4
903524,1
903525,1
903526,1
903527,4
903528,4
903529,4
903530,4
903531,4
903532,4
903533,4
903534,4
903535,4
903536,4
903537,1
903538,4
903539,4
903540,4
903541,1
903542,4
903543,4
903544,4
903545,4
903546,1
903547,4
903548,5
903549,1
903550,4
903551,4
903552,4
903553,5
903554,4
903555,1
903556,4
903557,5
903558,4
903559,4
903560,4
903561,4
903562,4
903563,4
903564,4
903565,1
903566,4
903567,4
903568,4
903569,4
903570,4
903571,1
903572,5
903573,5
903574,1
903575,4
903576,1
903577,4
903578,5
903579,4
903580,4
903581,4
903582,4
903583,4
903584,4
903585,4
903586,4
903587,1
903588,1
903589,4
903590,4
903591,4
903592,1
903593,4
903594,4
903595,4
903596,1
903597,4
903598,4
903599,4
903600,1
903601,1
903602,1
903603,4
903604,4
903605,4
903606,4
903607,1
903608,4
903609,4
903610,4
903611,4
903612,4
903613,1
903614,4
903615,4
903616,1
903617,4
903618,4
903619,1
903620,4
903621,4
903622,4
903623,1
903624,4
903625,4
903626,4
903627,1
903628,4
903629,4
903630,4
903631,4
903632,1
903633,4
903634,4
903635,4
903636,4
903637,4
903638,4
903639,4
903640,4
903641,1
903642,4
903643,4
903644,4
903645,4
903646,4
903647,4
903648,4
903649,1
903650,4
903651,4
903652,1
903653,4
903654,4
903655,4
903656,4
903657,4
903658,4
903659,4
903660,4
903661,4
903662,4
903663,4
903664,4
903665,4
903666,4
903667,4
903668,4
903669,4
903670,4
903671,4
903672,4
903673,4
903674,4
903675,1
903676,4
903677,4
903678,4
903679,4
903680,1
903681,4
903682,4
903683,4
903684,4
903685,4
903686,4
903687,4
903688,4
903689,4
903690,4
903691,4
903692,4
903693,4
903694,4
903695,4
903696,1
903697,4
903698,4
903699,4
903700,4
903701,4
903702,4
903703,4
903704,4
903705,4
903706,4
903707,4
903708,4
903709,4
903710,4
903711,4
903712,4
903713,1
903714,4
903715,4
903716,4
903717,4
903718,1
903719,4
903720,1
903721,1
903722,1
903723,4
903724,4
903725,4
903726,4
903727,1
903728,4
903729,4
903730,4
903731,4
903732,1
903733,4
903734,4
903735,4
903736,4
903737,4
903738,4
903739,4
903740,4
903741,4
903742,4
903743,4
903744,4
903745,4
903746,4
903747,4
903748,4
903749,4
903750,1
903751,1
903752,4
903753,4
903754,4
903755,4
903756,4
903757,4
903758,4
903759,4
903760,4
903761,4
903762,4
903763,4
903764,4
903765,1
903766,4
903767,4
903768,1
903769,4
903770,4
903771,4
903772,4
903773,4
903774,4
903775,1
903776,4
903777,4
903778,4
903779,4
903780,5
903781,4
903782,5
903783,4
903784,4
903785,1
903786,4
903787,4
903788,4
903789,5
903790,5
903791,4
903792,4
903793,4
903794,4
903795,4
903796,5
903797,4
903798,4
903799,4
903800,4
903801,4
903802,4
903803,1
903804,4
903805,4
903806,4
903807,4
903808,4
903809,4
903810,4
903811,4
903812,4
903813,4
903814,4
903815,4
903816,4
903817,4
903818,4
903819,4
903820,5
903821,4
903822,4
903823,4
903824,4
903825,1
903826,4
903827,4
903828,4
903829,4
903830,4
903831,4
903832,4
903833,4
903834,4
903835,4
903836,4
903837,4
903838,4
903839,1
903840,4
903841,4
903842,4
903843,4
903844,4
903845,4
903846,4
903847,5
903848,4
903849,4
903850,4
903851,4
903852,4
903853,4
903854,4
903855,4
903856,5
903857,4
903858,4
903859,4
903860,4
903861,4
903862,4
903863,4
903864,4
903865,4
903866,5
903867,4
903868,4
903869,5
903870,4
903871,4
903872,4
903873,4
903874,4
903875,4
903876,4
903877,4
903878,4
903879,4
903880,1
903881,4
903882,4
903883,4
903884,4
903885,4
903886,4
903887,4
903888,4
903889,4
903890,4
903891,5
903892,4
903893,4
903894,4
903895,5
903896,4
903897,4
903898,4
903899,4
903900,4
903901,4
903902,4
903903,4
903904,4
903905,4
903906,4
903907,4
903908,4
903909,4
903910,5
903911,1
903912,4
903913,4
903914,4
903915,4
903916,4
903917,5
903918,4
903919,4
903920,4
903921,4
903922,4
903923,4
903924,4
903925,4
903926,4
903927,4
903928,4
903929,4
903930,4
903931,5
903932,4
903933,1
903934,4
903935,4
903936,4
903937,4
903938,4
903939,4
903940,4
903941,4
903942,4
903943,1
903944,4
903945,4
903946,4
903947,4
903948,4
903949,4
903950,5
903951,4
903952,4
903953,4
903954,4
903955,1
903956,4
903957,4
903958,4
903959,4
903960,4
903961,5
903962,4
903963,4
903964,4
903965,4
903966,4
903967,4
903968,4
903969,4
903970,1
903971,4
903972,4
903973,1
903974,4
903975,4
903976,4
903977,1
903978,4
903979,4
903980,4
903981,1
903982,4
903983,4
903984,4
903985,4
903986,1
903987,5
903988,4
903989,4
903990,4
903991,1
903992,4
903993,4
903994,4
903995,4
903996,4
903997,4
903998,4
903999,5
904000,3
904001,1
904002,4
904003,4
904004,4
904005,4
904006,4
904007,4
904008,1
904009,4
904010,4
904011,4
904012,4
904013,4
904014,4
904015,4
904016,4
904017,4
904018,4
904019,4
904020,1
904021,4
904022,1
904023,1
904024,4
904025,4
904026,1
904027,4
904028,1
904029,4
904030,1
904031,4
904032,5
904033,4
904034,4
904035,4
904036,4
904037,4
904038,4
904039,4
904040,4
904041,4
904042,4
904043,4
904044,1
904045,4
904046,4
904047,1
904048,4
904049,4
904050,5
904051,4
904052,5
904053,4
904054,4
904055,4
904056,1
904057,5
904058,5
904059,5
904060,4
904061,4
904062,5
904063,4
904064,1
904065,5
904066,4
904067,1
904068,4
904069,5
904070,4
904071,5
904072,5
904073,5
904074,5
904075,5
904076,5
904077,4
904078,1
904079,4
904080,4
904081,4
904082,4
904083,4
904084,4
904085,3
904086,4
904087,4
904088,4
904089,4
904090,4
904091,4
904092,1
904093,4
904094,4
904095,4
904096,5
904097,4
904098,4
904099,4
904100,4
904101,4
904102,4
904103,4
904104,4
904105,4
904106,4
904107,4
904108,4
904109,4
904110,5
904111,4
904112,5
904113,4
904114,4
904115,4
904116,4
904117,4
904118,4
904119,4
904120,4
904121,4
904122,4
904123,4
904124,4
904125,4
904126,4
904127,4
904128,1
904129,4
904130,4
904131,4
904132,4
904133,4
904134,4
904135,4
904136,4
904137,4
904138,4
904139,1
904140,4
904141,4
904142,4
904143,1
904144,4
904145,4
904146,4
904147,4
904148,4
904149,4
904150,4
904151,4
904152,4
904153,4
904154,4
904155,4
904156,4
904157,4
904158,4
904159,4
904160,4
904161,4
904162,4
904163,4
904164,4
904165,4
904166,4
904167,4
904168,3
904169,4
904170,4
904171,3
904172,3
904173,3
904174,5
904175,5
904176,1
904177,4
904178,5
904179,4
904180,3
904181,1
904182,4
904183,3
904184,4
904185,5
904186,3
904187,1
904188,5
904189,4
904190,4
904191,4
904192,3
904193,4
904194,1
904195,5
904196,3
904197,4
904198,5
904199,3
904200,4
904201,3
904202,4
904203,4
904204,4
904205,5
904206,3
904207,3
904208,4
904209,4
904210,4
904211,4
904212,4
904213,4
904214,4
904215,4
904216,4
904217,1
904218,4
904219,4
904220,4
904221,4
904222,4
904223,4
904224,4
904225,4
904226,4
904227,4
904228,4
904229,4
904230,4
904231,4
904232,4
904233,4
904234,4
904235,4
904236,4
904237,4
904238,4
904239,4
904240,4
904241,4
904242,1
904243,4
904244,4
904245,4
904246,4
904247,4
904248,4
904249,1
904250,4
904251,4
904252,4
904253,4
904254,5
904255,4
904256,4
904257,4
904258,4
904259,4
904260,4
904261,4
904262,4
904263,4
904264,4
904265,4
904266,4
904267,4
904268,1
904269,4
904270,4
904271,4
904272,4
904273,4
904274,4
904275,4
904276,4
904277,4
904278,4
904279,1
904280,4
904281,4
904282,4
904283,4
904284,4
904285,4
904286,4
904287,4
904288,4
904289,4
904290,4
904291,4
904292,4
904293,4
904294,4
904295,4
904296,4
904297,4
904298,4
904299,4
904300,4
904301,4
904302,4
904303,1
904304,4
904305,4
904306,4
904307,5
904308,4
904309,4
904310,4
904311,4
904312,4
904313,5
904314,5
904315,4
904316,4
904317,4
904318,4
904319,4
904320,4
904321,4
904322,1
904323,4
904324,4
904325,4
904326,1
904327,1
904328,4
904329,4
904330,4
904331,4
904332,1
904333,4
904334,4
904335,1
904336,4
904337,4
904338,4
904339,4
904340,4
904341,4
904342,1
904343,3
904344,4
904345,4
904346,4
904347,4
904348,4
904349,4
904350,4
904351,4
904352,4
904353,3
904354,4
904355,5
904356,4
904357,4
904358,4
904359,4
904360,4
904361,4
904362,4
904363,4
904364,4
904365,4
904366,4
904367,4
904368,4
904369,4
904370,4
904371,1
904372,4
904373,4
904374,4
904375,4
904376,4
904377,4
904378,4
904379,4
904380,4
904381,4
904382,4
904383,1
904384,1
904385,4
904386,4
904387,4
904388,4
904389,4
904390,4
904391,4
904392,1
904393,1
904394,4
904395,4
904396,4
904397,4
904398,4
904399,4
904400,4
904401,4
904402,4
904403,4
904404,1
904405,4
904406,4
904407,4
904408,4
904409,4
904410,4
904411,4
904412,4
904413,4
904414,4
904415,4
904416,5
904417,4
904418,4
904419,4
904420,4
904421,4
904422,4
904423,4
904424,4
904425,4
904426,4
904427,4
904428,4
904429,4
904430,4
904431,4
904432,4
904433,5
904434,4
904435,4
904436,4
904437,4
904438,4
904439,4
904440,4
904441,4
904442,5
904443,1
904444,4
904445,4
904446,5
904447,4
904448,5
904449,4
904450,1
904451,4
904452,4
904453,4
904454,5
904455,1
904456,4
904457,4
904458,4
904459,4
904460,4
904461,4
904462,4
904463,4
904464,1
904465,4
904466,1
904467,4
904468,4
904469,4
904470,4
904471,4
904472,4
904473,4
904474,4
904475,4
904476,4
904477,1
904478,4
904479,4
904480,4
904481,4
904482,5
904483,4
904484,4
904485,4
904486,4
904487,4
904488,1
904489,4
904490,4
904491,4
904492,4
904493,4
904494,4
904495,4
904496,4
904497,4
904498,4
904499,4
904500,1
904501,4
904502,4
904503,4
904504,4
904505,4
904506,5
904507,1
904508,4
904509,5
904510,4
904511,4
904512,5
904513,4
904514,5
904515,4
904516,5
904517,1
904518,1
904519,1
904520,4
904521,4
904522,1
904523,4
904524,4
904525,5
904526,4
904527,4
904528,4
904529,4
904530,4
904531,4
904532,4
904533,4
904534,4
904535,4
904536,4
904537,4
904538,4
904539,4
904540,4
904541,4
904542,4
904543,4
904544,4
904545,4
904546,1
904547,4
904548,1
904549,4
904550,4
904551,4
904552,4
