928553,4
928554,1
928555,4
928556,4
928557,4
928558,1
928559,4
928560,3
928561,4
928562,4
928563,4
928564,4
928565,4
928566,4
928567,4
928568,4
928569,4
928570,4
928571,3
928572,4
928573,4
928574,4
928575,1
928576,4
928577,5
928578,4
928579,4
928580,4
928581,5
928582,4
928583,4
928584,4
928585,4
928586,4
928587,1
928588,4
928589,1
928590,4
928591,3
928592,5
928593,4
928594,5
928595,4
928596,4
928597,4
928598,4
928599,4
928600,4
928601,3
928602,1
928603,1
928604,5
928605,3
928606,4
928607,4
928608,4
928609,4
928610,4
928611,5
928612,4
928613,5
928614,4
928615,4
928616,3
928617,4
928618,4
928619,4
928620,4
928621,4
928622,4
928623,4
928624,4
928625,3
928626,4
928627,4
928628,4
928629,4
928630,4
928631,3
928632,5
928633,1
928634,3
928635,4
928636,4
928637,4
928638,4
928639,3
928640,3
928641,4
928642,1
928643,4
928644,4
928645,4
928646,4
928647,4
928648,4
928649,4
928650,4
928651,4
928652,5
928653,4
928654,5
928655,3
928656,1
928657,4
928658,4
928659,3
928660,4
928661,4
928662,4
928663,4
928664,4
928665,4
928666,4
928667,4
928668,4
928669,4
928670,5
928671,4
928672,4
928673,1
928674,4
928675,5
928676,4
928677,4
928678,4
928679,4
928680,1
928681,4
928682,4
928683,4
928684,4
928685,5
928686,4
928687,1
928688,4
928689,4
928690,4
928691,4
928692,4
928693,4
928694,4
928695,4
928696,4
928697,4
928698,4
928699,4
928700,4
928701,4
928702,4
928703,4
928704,4
928705,4
928706,5
928707,4
928708,5
928709,4
928710,4
928711,4
928712,4
928713,4
928714,1
928715,3
928716,4
928717,4
928718,4
928719,4
928720,4
928721,4
928722,4
928723,4
928724,4
928725,5
928726,4
928727,5
928728,3
928729,3
928730,1
928731,4
928732,3
928733,4
928734,4
928735,4
928736,3
928737,5
928738,4
928739,4
928740,5
928741,3
928742,1
928743,4
928744,4
928745,4
928746,4
928747,4
928748,5
928749,4
928750,4
928751,4
928752,3
928753,1
928754,4
928755,4
928756,3
928757,1
928758,4
928759,3
928760,4
928761,1
928762,4
928763,4
928764,4
928765,4
928766,5
928767,4
928768,4
928769,1
928770,4
928771,4
928772,4
928773,1
928774,5
928775,5
928776,4
928777,5
928778,4
928779,4
928780,4
928781,4
928782,4
928783,4
928784,4
928785,1
928786,4
928787,5
928788,4
928789,4
928790,4
928791,4
928792,4
928793,4
928794,4
928795,4
928796,4
928797,4
928798,4
928799,4
928800,4
928801,4
928802,4
928803,4
928804,4
928805,4
928806,1
928807,4
928808,1
928809,4
928810,4
928811,4
928812,5
928813,1
928814,4
928815,4
928816,4
928817,4
928818,4
928819,4
928820,4
928821,1
928822,4
928823,4
928824,1
928825,5
928826,4
928827,4
928828,4
928829,5
928830,5
928831,4
928832,4
928833,4
928834,4
928835,5
928836,4
928837,1
928838,4
928839,4
928840,4
928841,4
928842,5
928843,4
928844,4
928845,4
928846,4
928847,4
928848,5
928849,4
928850,4
928851,4
928852,1
928853,4
928854,4
928855,4
928856,1
928857,4
928858,4
928859,4
928860,4
928861,4
928862,4
928863,4
928864,4
928865,4
928866,4
928867,5
928868,4
928869,4
928870,4
928871,1
928872,4
928873,1
928874,4
928875,1
928876,4
928877,4
928878,4
928879,4
928880,4
928881,5
928882,1
928883,1
928884,4
928885,4
928886,1
928887,4
928888,4
928889,4
928890,4
928891,4
928892,4
928893,4
928894,4
928895,4
928896,4
928897,1
928898,4
928899,4
928900,1
928901,4
928902,4
928903,4
928904,5
928905,5
928906,4
928907,4
928908,4
928909,4
928910,1
928911,4
928912,4
928913,4
928914,4
928915,4
928916,4
928917,4
928918,4
928919,4
928920,4
928921,5
928922,4
928923,1
928924,1
928925,4
928926,4
928927,4
928928,4
928929,1
928930,4
928931,3
928932,4
928933,4
928934,1
928935,4
928936,5
928937,4
928938,1
928939,3
928940,4
928941,4
928942,4
928943,4
928944,4
928945,3
928946,4
928947,1
928948,4
928949,4
928950,4
928951,1
928952,4
928953,3
928954,4
928955,4
928956,4
928957,4
928958,4
928959,4
928960,4
928961,4
928962,4
928963,4
928964,4
928965,4
928966,1
928967,4
928968,4
928969,4
928970,4
928971,4
928972,4
928973,4
928974,4
928975,4
928976,4
928977,4
928978,4
928979,4
928980,1
928981,4
928982,4
928983,1
928984,4
928985,4
928986,4
928987,4
928988,4
928989,4
928990,4
928991,1
928992,4
928993,4
928994,4
928995,4
928996,1
928997,4
928998,1
928999,4
929000,4
929001,4
929002,1
929003,4
929004,4
929005,4
929006,4
929007,4
929008,4
929009,4
929010,1
929011,4
929012,4
929013,4
929014,4
929015,4
929016,4
929017,4
929018,4
929019,4
929020,4
929021,4
929022,4
929023,4
929024,4
929025,4
929026,1
929027,4
929028,4
929029,4
929030,4
929031,1
929032,1
929033,4
929034,4
929035,4
929036,4
929037,4
929038,4
929039,4
929040,4
929041,4
929042,1
929043,4
929044,4
929045,4
929046,4
929047,4
929048,4
929049,4
929050,4
929051,4
929052,4
929053,4
929054,4
929055,4
929056,4
929057,1
929058,1
929059,3
929060,4
929061,4
929062,4
929063,4
929064,4
929065,1
929066,4
929067,1
929068,4
929069,4
929070,4
929071,4
929072,4
929073,4
929074,4
929075,4
929076,4
929077,4
929078,4
929079,4
929080,4
929081,4
929082,1
929083,4
929084,4
929085,1
929086,4
929087,4
929088,1
929089,5
929090,4
929091,4
929092,4
929093,4
929094,4
929095,4
929096,4
929097,4
929098,4
929099,4
929100,4
929101,1
929102,4
929103,4
929104,4
929105,4
929106,4
929107,4
929108,4
929109,4
929110,4
929111,4
929112,4
929113,4
929114,4
929115,4
929116,1
929117,4
929118,4
929119,4
929120,4
929121,4
929122,4
929123,4
929124,4
929125,4
929126,4
929127,4
929128,4
929129,1
929130,4
929131,4
929132,4
929133,4
929134,1
929135,4
929136,4
929137,4
929138,4
929139,4
929140,4
929141,4
929142,4
929143,4
929144,4
929145,4
929146,1
929147,4
929148,4
929149,4
929150,4
929151,4
929152,4
929153,4
929154,4
929155,4
929156,4
929157,4
929158,4
929159,4
929160,4
929161,4
929162,4
929163,1
929164,4
929165,4
929166,4
929167,4
929168,4
929169,4
929170,4
929171,4
929172,4
929173,1
929174,4
929175,4
929176,4
929177,4
929178,4
929179,4
929180,4
929181,4
929182,3
929183,1
929184,4
929185,4
929186,1
929187,4
929188,4
929189,4
929190,4
929191,5
929192,1
929193,5
929194,4
929195,4
929196,4
929197,4
929198,5
929199,4
929200,4
929201,5
929202,1
929203,4
929204,1
929205,4
929206,4
929207,4
929208,4
929209,1
929210,4
929211,4
929212,4
929213,4
929214,4
929215,4
929216,4
929217,1
929218,1
929219,4
929220,4
929221,4
929222,1
929223,4
929224,1
929225,4
929226,4
929227,4
929228,1
929229,4
929230,4
929231,4
929232,4
929233,4
929234,3
929235,4
929236,4
929237,4
929238,4
929239,4
929240,4
929241,4
929242,4
929243,4
929244,4
929245,4
929246,4
929247,4
929248,4
929249,4
929250,4
929251,4
929252,4
929253,4
929254,4
929255,4
929256,4
929257,4
929258,4
929259,4
929260,1
929261,4
929262,4
929263,4
929264,4
929265,4
929266,4
929267,4
929268,4
929269,4
929270,4
929271,4
929272,4
929273,4
929274,4
929275,4
929276,4
929277,4
929278,4
929279,4
929280,1
929281,4
929282,4
929283,4
929284,4
929285,4
929286,4
929287,4
929288,1
929289,4
929290,1
929291,4
929292,4
929293,4
929294,1
929295,4
929296,4
929297,4
929298,4
929299,4
929300,4
929301,4
929302,1
929303,4
929304,4
929305,4
929306,4
929307,4
929308,4
929309,1
929310,1
929311,4
929312,4
929313,4
929314,4
929315,4
929316,4
929317,4
929318,4
929319,4
929320,1
929321,5
929322,4
929323,4
929324,1
929325,4
929326,4
929327,4
929328,4
929329,4
929330,5
929331,5
929332,4
929333,4
929334,5
929335,4
929336,4
929337,4
929338,5
929339,4
929340,4
929341,4
929342,4
929343,4
929344,4
929345,4
929346,4
929347,4
929348,4
929349,1
929350,4
929351,4
929352,4
929353,4
929354,1
929355,4
929356,4
929357,3
929358,1
929359,4
929360,4
929361,1
929362,4
929363,4
929364,4
929365,4
929366,4
929367,1
929368,3
929369,4
929370,4
929371,4
929372,4
929373,1
929374,4
929375,4
929376,4
929377,4
929378,4
929379,4
929380,4
929381,4
929382,4
929383,4
929384,4
929385,4
929386,4
929387,4
929388,4
929389,4
929390,4
929391,4
929392,4
929393,4
929394,4
929395,4
929396,4
929397,4
929398,4
929399,4
929400,3
929401,4
929402,4
929403,4
929404,1
929405,4
929406,4
929407,4
929408,4
929409,4
929410,4
929411,4
929412,4
929413,4
929414,4
929415,4
929416,5
929417,4
929418,4
929419,4
929420,4
929421,4
929422,1
929423,4
929424,5
929425,1
929426,4
929427,4
929428,1
929429,4
929430,1
929431,4
929432,4
929433,3
929434,4
929435,4
929436,4
929437,4
929438,5
929439,5
929440,4
929441,4
929442,4
929443,1
929444,4
929445,4
929446,4
929447,4
929448,4
929449,4
929450,4
929451,4
929452,4
929453,4
929454,4
929455,4
929456,4
929457,4
929458,4
929459,4
929460,4
929461,4
929462,4
929463,1
929464,4
929465,5
929466,4
929467,4
929468,4
929469,4
929470,5
929471,4
929472,5
929473,4
929474,1
929475,5
929476,4
929477,4
929478,4
929479,4
929480,5
929481,5
929482,4
929483,4
929484,4
929485,5
929486,5
929487,5
929488,4
929489,1
929490,5
929491,4
929492,4
929493,5
929494,4
929495,4
929496,4
929497,4
929498,4
929499,5
929500,1
929501,5
929502,5
929503,4
929504,4
929505,4
929506,4
929507,4
929508,4
929509,4
929510,4
929511,1
929512,1
929513,4
929514,4
929515,4
929516,4
929517,4
929518,5
929519,4
929520,4
929521,4
929522,1
929523,4
929524,4
929525,4
929526,4
929527,4
929528,1
929529,5
929530,4
929531,4
929532,5
929533,4
929534,4
929535,4
929536,4
929537,4
929538,4
929539,1
929540,4
929541,4
929542,4
929543,4
929544,4
929545,4
929546,4
929547,4
929548,4
929549,4
929550,1
929551,4
929552,4
929553,4
929554,4
929555,4
929556,4
929557,4
929558,1
929559,4
929560,4
929561,4
929562,4
929563,4
929564,4
929565,4
929566,4
929567,4
929568,1
929569,1
929570,4
929571,4
929572,1
929573,4
929574,1
929575,1
929576,4
929577,4
929578,4
929579,1
929580,4
929581,4
929582,4
929583,4
929584,4
929585,1
929586,1
929587,4
929588,4
929589,4
929590,4
929591,4
929592,4
929593,4
929594,4
929595,4
929596,1
929597,4
929598,4
929599,4
929600,4
929601,4
929602,4
929603,4
929604,4
929605,4
929606,4
929607,4
929608,4
929609,4
929610,4
929611,4
929612,1
929613,4
929614,4
929615,4
929616,4
929617,4
929618,1
929619,4
929620,4
929621,5
929622,4
929623,4
929624,4
929625,4
929626,1
929627,4
929628,4
929629,1
929630,4
929631,4
929632,4
929633,1
929634,4
929635,4
929636,4
929637,4
929638,4
929639,4
929640,4
929641,4
929642,4
929643,4
929644,4
929645,1
929646,4
929647,4
929648,4
929649,4
929650,4
929651,4
929652,4
929653,4
929654,4
929655,1
929656,5
929657,4
929658,1
929659,4
929660,4
929661,4
929662,1
929663,4
929664,4
929665,4
929666,1
929667,4
929668,4
929669,4
929670,5
929671,4
929672,5
929673,4
929674,1
929675,4
929676,4
929677,4
929678,1
929679,4
929680,4
929681,1
929682,4
929683,3
929684,3
929685,4
929686,4
929687,1
929688,4
929689,4
929690,3
929691,4
929692,4
929693,1
929694,1
929695,5
929696,5
929697,1
929698,4
929699,4
929700,4
929701,4
929702,4
929703,4
929704,4
929705,4
929706,4
929707,4
929708,4
929709,4
929710,4
929711,4
929712,4
929713,4
929714,4
929715,4
929716,4
929717,4
929718,4
929719,4
929720,1
929721,4
929722,4
929723,4
929724,4
929725,4
929726,5
929727,1
929728,4
929729,4
929730,4
929731,5
929732,4
929733,4
929734,4
929735,4
929736,4
929737,4
929738,4
929739,4
929740,4
929741,4
929742,4
929743,4
929744,4
929745,4
929746,1
929747,4
929748,4
929749,4
929750,4
929751,1
929752,4
929753,4
929754,4
929755,4
929756,1
929757,4
929758,4
929759,1
929760,4
929761,4
929762,4
929763,4
929764,1
929765,4
929766,5
929767,1
929768,4
929769,4
929770,4
929771,4
929772,4
929773,4
929774,4
929775,4
929776,1
929777,4
929778,4
929779,1
929780,4
929781,4
929782,1
929783,4
929784,5
929785,4
929786,1
929787,4
929788,1
929789,4
929790,4
929791,4
929792,1
929793,4
929794,4
929795,4
929796,4
929797,4
929798,4
929799,4
929800,4
929801,4
929802,4
929803,4
929804,4
929805,4
929806,4
929807,4
929808,4
929809,4
929810,4
929811,4
929812,4
929813,4
929814,4
929815,1
929816,4
929817,4
929818,1
929819,4
929820,4
929821,4
929822,5
929823,1
929824,4
929825,4
929826,4
929827,4
929828,4
929829,4
929830,4
929831,4
929832,1
929833,1
929834,4
929835,1
929836,1
929837,4
929838,4
929839,4
929840,4
929841,4
929842,4
929843,4
929844,1
929845,4
929846,4
929847,4
929848,1
929849,4
929850,4
929851,1
929852,4
929853,4
929854,4
929855,4
929856,4
929857,4
929858,4
929859,4
929860,4
929861,4
929862,4
929863,4
929864,4
929865,5
929866,4
929867,4
929868,4
929869,4
929870,4
929871,4
929872,4
929873,4
929874,4
929875,1
929876,4
929877,4
929878,4
929879,1
929880,4
929881,4
929882,4
929883,4
929884,4
929885,4
929886,1
929887,4
929888,4
929889,4
929890,4
929891,1
929892,4
929893,4
929894,4
929895,4
929896,1
929897,4
929898,4
929899,4
929900,4
929901,4
929902,4
929903,4
929904,4
929905,4
929906,3
929907,1
929908,4
929909,4
929910,4
929911,4
929912,4
929913,4
929914,4
929915,4
929916,4
929917,4
929918,4
929919,4
929920,4
929921,4
929922,4
929923,4
929924,4
929925,4
929926,4
929927,4
929928,4
929929,4
929930,4
929931,4
929932,4
929933,1
929934,1
929935,1
929936,4
929937,4
929938,4
929939,5
929940,4
929941,4
929942,4
929943,4
929944,4
929945,4
929946,4
929947,4
929948,4
929949,1
929950,4
929951,4
929952,4
929953,1
929954,4
929955,5
929956,4
929957,4
929958,4
929959,4
929960,4
929961,4
929962,4
929963,4
929964,1
929965,4
929966,4
929967,4
929968,4
929969,4
929970,4
929971,4
929972,4
929973,4
929974,4
929975,4
929976,4
929977,4
929978,4
929979,1
929980,4
929981,4
929982,4
929983,4
929984,4
929985,4
929986,4
929987,4
929988,4
929989,4
929990,4
929991,4
929992,4
929993,4
929994,4
929995,5
929996,4
929997,4
929998,4
929999,4
930000,4
930001,4
930002,4
930003,4
930004,4
930005,4
930006,4
930007,4
930008,4
930009,1
930010,4
930011,4
930012,4
930013,5
930014,4
930015,4
930016,4
930017,4
930018,4
930019,4
930020,4
930021,4
930022,4
930023,4
930024,4
930025,4
930026,5
930027,4
930028,4
930029,1
930030,1
930031,4
930032,4
930033,4
930034,4
930035,4
930036,4
930037,5
930038,4
930039,4
930040,4
930041,4
930042,4
930043,4
930044,4
930045,4
930046,4
930047,4
930048,1
930049,4
930050,5
930051,4
930052,4
930053,4
930054,4
930055,5
930056,1
930057,4
930058,1
930059,4
930060,4
930061,4
930062,4
930063,1
930064,4
930065,5
930066,4
930067,4
930068,1
930069,1
930070,1
930071,4
930072,1
930073,4
930074,4
930075,4
930076,5
930077,4
930078,4
930079,4
930080,4
930081,4
930082,4
930083,5
930084,4
930085,4
930086,4
930087,1
930088,4
930089,4
930090,5
930091,5
930092,4
930093,4
930094,4
930095,4
930096,4
930097,4
930098,1
930099,4
930100,1
930101,5
930102,4
930103,1
930104,4
930105,4
930106,4
930107,5
930108,4
930109,4
930110,4
930111,1
930112,4
930113,4
930114,5
930115,4
930116,1
930117,4
930118,4
930119,4
930120,4
930121,4
930122,4
930123,1
930124,4
930125,4
930126,4
930127,4
930128,4
930129,4
930130,4
930131,4
930132,4
930133,1
930134,4
930135,4
930136,4
930137,4
930138,1
930139,4
930140,1
930141,4
930142,4
930143,4
930144,4
930145,4
930146,4
930147,4
930148,4
930149,4
930150,4
930151,4
930152,4
930153,4
930154,4
930155,4
930156,4
930157,4
930158,4
930159,4
930160,4
930161,5
930162,4
930163,5
930164,4
930165,4
930166,4
930167,1
930168,4
930169,4
930170,4
930171,4
930172,4
930173,1
930174,4
930175,4
930176,4
930177,4
930178,5
930179,4
930180,4
930181,4
930182,4
930183,4
930184,4
930185,4
930186,4
930187,4
930188,1
930189,1
930190,4
930191,4
930192,4
930193,4
930194,4
930195,4
930196,5
930197,4
930198,4
930199,4
930200,4
930201,4
930202,4
930203,4
930204,4
930205,4
930206,5
930207,4
930208,1
930209,4
930210,4
930211,4
930212,4
930213,5
930214,4
930215,4
930216,4
930217,5
930218,4
930219,4
930220,5
930221,5
930222,4
930223,4
930224,5
930225,4
930226,4
930227,4
930228,4
930229,4
930230,4
930231,4
930232,4
930233,4
930234,4
930235,4
930236,1
930237,4
930238,5
930239,4
930240,1
930241,1
930242,5
930243,4
930244,4
930245,4
930246,5
930247,5
930248,4
930249,5
930250,4
930251,5
930252,4
930253,5
930254,5
930255,5
930256,5
930257,5
930258,4
930259,5
930260,4
930261,4
930262,1
930263,4
930264,4
930265,4
930266,4
930267,1
930268,4
930269,4
930270,4
930271,4
930272,1
930273,4
930274,4
930275,4
930276,4
930277,5
930278,4
930279,4
930280,4
930281,4
930282,4
930283,5
930284,4
930285,1
930286,4
930287,4
930288,4
930289,4
930290,1
930291,4
930292,4
930293,4
930294,5
930295,4
930296,4
930297,4
930298,4
930299,4
930300,4
930301,4
930302,4
930303,4
930304,4
930305,4
930306,4
930307,4
930308,5
930309,1
930310,4
930311,4
930312,4
930313,3
930314,4
930315,4
930316,4
930317,4
930318,4
930319,4
930320,4
930321,4
930322,4
930323,5
930324,5
930325,4
930326,4
930327,4
930328,4
930329,4
930330,4
930331,4
930332,4
930333,4
930334,4
930335,5
930336,4
930337,1
930338,4
930339,4
930340,4
930341,4
930342,4
930343,5
930344,4
930345,4
930346,5
930347,5
930348,4
930349,1
930350,4
930351,1
930352,4
930353,4
930354,4
930355,4
930356,4
930357,4
930358,4
930359,4
930360,4
930361,4
930362,1
930363,4
930364,4
930365,4
930366,4
930367,4
930368,4
930369,4
930370,4
930371,1
930372,4
930373,4
930374,1
930375,4
930376,5
930377,4
930378,4
930379,4
930380,1
930381,4
930382,4
930383,4
930384,4
930385,1
930386,4
930387,4
930388,4
930389,4
930390,1
930391,4
930392,4
930393,1
930394,1
930395,4
930396,4
930397,4
930398,4
930399,4
930400,4
930401,4
930402,4
930403,4
930404,4
930405,4
930406,4
930407,4
930408,4
930409,4
930410,5
930411,4
930412,4
930413,4
930414,4
930415,4
930416,4
930417,4
930418,4
930419,4
930420,4
930421,1
930422,4
930423,4
930424,1
930425,4
930426,4
930427,5
930428,1
930429,4
930430,4
930431,4
930432,4
930433,4
930434,4
930435,4
930436,4
930437,4
930438,4
930439,4
930440,4
930441,4
930442,4
930443,4
930444,4
930445,4
930446,4
930447,4
930448,3
930449,4
930450,4
930451,4
930452,4
930453,1
930454,4
930455,4
930456,3
930457,4
930458,4
930459,1
930460,3
930461,1
930462,1
930463,4
930464,4
930465,4
930466,1
930467,4
930468,4
930469,3
930470,4
930471,4
930472,4
930473,4
930474,4
930475,4
930476,1
930477,5
930478,5
930479,4
930480,4
930481,4
930482,5
930483,5
930484,5
930485,1
930486,5
930487,5
930488,4
930489,5
930490,4
930491,4
930492,4
930493,4
930494,4
930495,5
930496,5
930497,4
930498,4
930499,4
930500,4
930501,4
930502,1
930503,5
930504,4
930505,4
930506,4
930507,4
930508,4
930509,4
930510,4
930511,4
930512,4
930513,1
930514,4
930515,4
930516,4
930517,4
930518,4
930519,4
930520,4
930521,4
930522,1
930523,5
930524,4
930525,4
930526,4
930527,4
930528,1
930529,4
930530,4
930531,4
930532,4
930533,4
930534,4
930535,4
930536,1
930537,4
930538,4
930539,4
930540,1
930541,4
930542,4
930543,4
930544,4
930545,4
930546,4
930547,4
930548,1
930549,1
930550,4
930551,1
930552,4
930553,4
930554,1
930555,4
930556,4
930557,4
930558,3
930559,4
930560,4
930561,4
930562,4
930563,4
930564,4
930565,4
930566,4
930567,4
930568,4
930569,4
930570,4
930571,4
930572,4
930573,4
930574,4
930575,4
930576,4
930577,4
930578,4
930579,4
930580,4
930581,4
930582,1
930583,1
930584,1
930585,4
930586,1
930587,4
930588,4
930589,4
930590,4
930591,1
930592,4
930593,4
930594,4
930595,4
930596,4
930597,4
930598,4
930599,4
930600,4
930601,4
930602,4
930603,3
930604,3
930605,1
930606,3
930607,3
930608,3
930609,3
930610,5
930611,4
930612,3
930613,4
930614,3
930615,3
930616,1
930617,4
930618,3
930619,3
930620,3
930621,3
930622,3
930623,4
930624,3
930625,4
930626,3
930627,4
930628,3
930629,3
930630,3
930631,3
930632,1
930633,1
930634,3
930635,3
930636,4
930637,4
930638,4
930639,4
930640,4
930641,4
930642,4
930643,4
930644,4
930645,4
930646,4
930647,4
930648,4
930649,4
930650,4
930651,4
930652,4
930653,4
930654,4
930655,4
930656,1
930657,4
930658,4
930659,4
930660,4
930661,4
930662,4
930663,4
930664,4
930665,4
930666,4
930667,4
930668,4
930669,4
930670,1
930671,4
930672,4
930673,5
930674,4
930675,4
930676,4
930677,4
930678,4
930679,4
930680,4
930681,4
930682,1
930683,4
930684,4
930685,4
930686,4
930687,4
930688,4
930689,4
930690,4
930691,4
930692,1
930693,1
930694,5
930695,4
930696,4
930697,4
930698,4
930699,4
930700,4
930701,4
930702,4
930703,4
930704,4
930705,4
930706,4
930707,4
930708,1
930709,4
930710,4
930711,4
930712,4
930713,4
930714,4
930715,4
930716,4
930717,4
930718,4
930719,4
930720,4
930721,4
930722,4
930723,4
930724,4
930725,4
930726,4
930727,4
930728,4
930729,4
930730,4
930731,4
930732,4
930733,4
930734,4
930735,4
930736,4
930737,4
930738,4
930739,1
930740,4
930741,4
930742,4
930743,4
930744,4
930745,4
930746,4
930747,4
930748,5
930749,4
930750,1
930751,4
930752,4
930753,4
930754,5
930755,3
930756,4
930757,4
930758,4
930759,4
930760,4
930761,4
930762,5
930763,1
930764,4
930765,4
930766,4
930767,1
930768,4
930769,4
930770,4
930771,4
930772,4
930773,4
930774,4
930775,1
930776,4
930777,4
930778,4
930779,4
930780,4
930781,5
930782,4
930783,4
930784,4
930785,4
930786,1
930787,1
930788,4
930789,4
930790,4
930791,4
930792,4
930793,4
930794,4
930795,4
930796,5
930797,5
930798,1
930799,4
930800,1
930801,4
930802,4
930803,4
930804,4
930805,4
930806,4
930807,4
930808,4
930809,4
930810,4
930811,5
930812,4
930813,1
930814,4
930815,4
930816,4
930817,4
930818,4
930819,4
930820,4
930821,4
930822,4
930823,4
930824,1
930825,4
930826,4
930827,4
930828,4
930829,4
930830,4
930831,4
930832,5
930833,5
930834,4
930835,4
930836,4
930837,4
930838,4
930839,4
930840,5
930841,4
930842,4
930843,4
930844,4
930845,4
930846,4
930847,4
930848,4
930849,4
930850,4
930851,4
930852,1
930853,4
930854,1
930855,4
930856,4
930857,4
930858,1
930859,4
930860,1
930861,1
930862,1
930863,1
930864,4
930865,4
930866,4
930867,4
930868,1
930869,4
930870,1
930871,4
930872,4
930873,3
930874,4
930875,4
930876,1
930877,4
930878,4
930879,4
930880,4
930881,4
930882,4
930883,4
930884,4
930885,4
930886,4
930887,1
930888,1
930889,4
930890,4
930891,4
930892,4
930893,4
930894,4
930895,4
930896,4
930897,4
930898,5
930899,4
930900,1
930901,4
930902,4
930903,4
930904,4
930905,4
930906,4
930907,1
930908,4
930909,4
930910,4
930911,4
930912,4
930913,4
930914,1
930915,4
930916,4
930917,4
930918,4
930919,4
930920,4
930921,4
930922,4
930923,4
930924,4
930925,4
930926,4
930927,4
930928,4
930929,1
930930,4
930931,4
930932,4
930933,4
930934,4
930935,4
930936,4
930937,4
930938,4
930939,4
930940,5
930941,4
930942,1
930943,4
930944,4
930945,4
930946,3
930947,4
930948,4
930949,4
930950,4
930951,4
930952,4
930953,4
930954,4
930955,4
930956,4
930957,4
930958,4
930959,4
930960,4
930961,4
930962,4
930963,1
930964,4
930965,4
930966,4
930967,4
930968,4
930969,4
930970,4
930971,4
930972,4
930973,4
930974,4
930975,1
930976,4
930977,4
930978,4
930979,4
930980,4
930981,4
930982,4
930983,1
930984,4
930985,4
930986,4
930987,4
930988,4
930989,4
930990,4
930991,4
930992,1
930993,4
930994,4
930995,4
930996,4
930997,4
930998,4
930999,4
931000,4
931001,4
931002,4
931003,4
931004,4
931005,4
931006,4
931007,1
931008,4
931009,4
931010,4
931011,3
931012,4
931013,1
931014,4
931015,4
931016,4
931017,4
931018,4
931019,4
931020,4
931021,4
931022,1
931023,4
931024,4
931025,4
931026,4
931027,4
931028,4
931029,4
931030,4
931031,4
931032,4
931033,4
931034,4
931035,3
931036,4
931037,4
931038,4
931039,4
931040,4
931041,1
931042,4
931043,4
931044,4
931045,1
931046,4
931047,1
931048,4
931049,4
931050,1
931051,4
931052,4
931053,1
931054,4
931055,1
931056,4
931057,4
931058,4
931059,4
931060,4
931061,1
931062,4
931063,4
931064,4
931065,4
931066,4
931067,4
931068,4
931069,4
931070,4
931071,4
931072,4
931073,4
931074,4
931075,4
931076,4
931077,4
931078,1
931079,1
931080,4
931081,4
931082,4
931083,4
931084,1
931085,4
931086,4
931087,4
931088,4
931089,4
931090,4
931091,4
931092,1
931093,4
931094,4
931095,4
931096,4
931097,4
931098,4
931099,4
931100,4
931101,4
931102,4
931103,4
931104,4
931105,4
931106,1
931107,4
931108,4
931109,4
931110,4
931111,4
931112,4
931113,4
931114,4
931115,4
931116,5
931117,4
931118,4
931119,4
931120,1
931121,4
931122,4
931123,4
931124,4
931125,4
931126,4
931127,4
931128,4
931129,4
931130,4
931131,4
931132,4
931133,4
931134,4
931135,1
931136,5
931137,4
931138,4
931139,4
931140,4
931141,4
931142,4
931143,4
931144,5
931145,4
931146,4
931147,5
931148,4
931149,4
931150,4
931151,4
931152,4
931153,4
931154,4
931155,4
931156,4
931157,4
931158,4
931159,4
931160,4
931161,4
931162,4
931163,4
931164,4
931165,4
931166,4
931167,3
931168,4
931169,4
931170,4
931171,4
931172,4
931173,4
931174,4
931175,3
931176,4
931177,1
931178,4
931179,1
931180,4
931181,4
931182,4
931183,4
931184,4
931185,4
931186,4
931187,4
931188,4
931189,4
931190,1
931191,4
931192,4
931193,4
931194,4
931195,4
931196,4
931197,4
931198,4
931199,4
931200,4
931201,4
931202,4
931203,4
931204,4
931205,4
931206,4
931207,4
931208,4
931209,4
931210,4
931211,4
931212,4
931213,4
931214,4
931215,1
931216,4
931217,4
931218,4
931219,4
931220,4
931221,4
931222,4
931223,3
931224,1
931225,4
931226,3
931227,4
931228,4
931229,4
931230,3
931231,4
931232,3
931233,3
931234,3
931235,3
931236,1
931237,3
931238,1
931239,3
931240,3
931241,3
931242,4
931243,1
931244,4
931245,3
931246,4
931247,1
931248,4
931249,1
931250,3
931251,1
931252,3
931253,3
931254,3
931255,3
931256,3
931257,4
931258,3
931259,5
931260,3
931261,4
931262,3
931263,3
931264,4
931265,3
931266,3
931267,3
931268,3
931269,3
931270,3
931271,1
931272,3
931273,4
931274,1
931275,3
931276,5
931277,3
931278,3
931279,3
931280,3
931281,4
931282,3
931283,3
931284,4
931285,3
931286,3
931287,1
931288,3
931289,3
931290,3
931291,3
931292,1
931293,3
931294,3
931295,4
931296,4
931297,1
931298,3
931299,3
931300,1
931301,4
931302,4
931303,3
931304,3
931305,4
931306,4
931307,3
931308,1
931309,3
931310,4
931311,5
931312,3
931313,1
931314,3
931315,4
931316,3
931317,3
931318,3
931319,3
931320,3
931321,3
931322,3
931323,3
931324,1
931325,3
931326,3
931327,3
931328,3
931329,3
931330,4
931331,4
931332,3
931333,1
931334,4
931335,3
931336,3
931337,3
931338,4
931339,3
931340,3
931341,4
931342,4
931343,5
931344,5
931345,5
931346,5
931347,5
931348,5
931349,4
931350,4
931351,5
931352,4
931353,5
931354,5
931355,5
931356,5
931357,5
931358,5
931359,1
931360,5
931361,4
931362,4
931363,4
931364,5
931365,4
931366,5
931367,5
931368,4
931369,5
931370,4
931371,5
931372,1
931373,5
931374,1
931375,4
931376,5
931377,4
931378,5
931379,4
931380,3
931381,4
931382,4
931383,3
931384,5
931385,3
931386,3
931387,3
931388,4
931389,3
931390,3
931391,3
931392,4
931393,3
931394,4
931395,3
931396,4
931397,3
931398,3
931399,3
931400,3
931401,3
931402,4
931403,3
931404,5
931405,1
931406,3
931407,3
931408,4
931409,4
931410,1
931411,3
931412,3
931413,4
931414,3
931415,3
931416,3
931417,3
931418,3
931419,3
931420,3
931421,4
931422,4
931423,3
931424,5
931425,4
931426,4
931427,1
931428,4
931429,4
931430,4
931431,4
931432,4
931433,4
931434,4
931435,4
931436,4
931437,4
931438,4
931439,4
931440,4
931441,1
931442,4
931443,4
931444,4
931445,4
931446,4
931447,4
931448,3
931449,1
931450,4
931451,4
931452,4
931453,1
931454,4
931455,4
931456,4
931457,5
931458,4
931459,4
931460,4
931461,4
931462,4
931463,4
931464,4
931465,4
931466,3
931467,4
931468,1
931469,4
931470,4
931471,4
931472,4
931473,4
931474,1
931475,4
931476,4
931477,4
931478,3
931479,4
931480,4
931481,4
931482,4
931483,4
931484,4
931485,4
931486,4
931487,4
931488,4
931489,4
931490,4
931491,1
931492,4
931493,3
931494,3
931495,4
931496,4
931497,1
931498,4
931499,4
931500,4
931501,4
931502,4
931503,4
931504,4
931505,4
931506,4
931507,4
931508,4
931509,4
931510,4
931511,4
931512,4
931513,4
931514,4
931515,4
931516,4
931517,4
931518,4
931519,1
931520,4
931521,1
931522,3
931523,4
931524,4
931525,4
931526,4
931527,1
931528,4
931529,3
931530,4
931531,4
931532,4
931533,4
931534,1
931535,3
931536,4
931537,4
931538,4
931539,1
931540,5
931541,4
931542,4
931543,4
931544,1
931545,4
931546,4
931547,4
931548,4
931549,1
931550,4
931551,4
931552,4
931553,1
931554,4
931555,4
931556,4
931557,3
931558,5
931559,4
931560,4
931561,4
931562,4
931563,4
931564,1
931565,4
931566,4
931567,4
931568,4
931569,4
931570,4
931571,3
931572,4
931573,1
931574,4
931575,4
931576,4
931577,4
931578,1
931579,4
931580,4
931581,4
931582,4
931583,4
931584,4
931585,4
931586,4
931587,4
931588,4
931589,4
931590,1
931591,1
931592,4
931593,4
931594,4
931595,1
931596,4
931597,4
931598,4
931599,4
931600,4
931601,4
931602,4
931603,4
931604,4
931605,4
931606,4
931607,1
931608,4
931609,4
931610,4
931611,4
931612,4
931613,4
931614,4
931615,1
931616,4
931617,1
931618,4
931619,4
931620,4
931621,4
931622,4
931623,4
931624,4
931625,4
931626,4
931627,4
931628,4
931629,4
931630,4
931631,4
931632,4
931633,4
931634,4
931635,4
931636,4
931637,4
931638,4
931639,4
931640,4
931641,4
931642,4
931643,3
931644,4
931645,1
931646,4
931647,4
931648,4
931649,4
931650,4
931651,4
931652,4
931653,4
931654,4
931655,4
931656,4
931657,4
931658,4
931659,4
931660,4
931661,4
931662,4
931663,4
931664,4
931665,4
931666,4
931667,1
931668,4
931669,4
931670,4
931671,4
931672,4
931673,4
931674,4
931675,4
931676,4
931677,4
931678,1
931679,4
931680,4
931681,1
931682,4
931683,4
931684,4
931685,4
931686,4
931687,4
931688,4
931689,4
931690,4
931691,4
931692,4
931693,4
931694,4
931695,4
931696,4
931697,4
931698,4
931699,4
931700,4
931701,4
931702,4
931703,4
931704,4
931705,4
931706,4
931707,4
931708,1
931709,4
931710,4
931711,4
931712,4
931713,4
931714,4
931715,4
931716,4
931717,4
931718,4
931719,4
931720,4
931721,4
931722,4
931723,1
931724,4
931725,4
931726,4
931727,4
931728,4
931729,4
931730,4
931731,1
931732,4
931733,4
931734,4
931735,4
931736,4
931737,4
931738,4
931739,4
931740,4
931741,4
931742,4
931743,4
931744,4
931745,4
931746,4
931747,4
931748,3
931749,4
931750,4
931751,4
931752,4
931753,4
931754,4
931755,1
931756,4
931757,1
931758,1
931759,4
931760,4
931761,4
931762,5
931763,4
931764,4
931765,4
931766,4
931767,4
931768,4
931769,4
931770,4
931771,1
931772,4
931773,4
931774,4
931775,4
931776,5
931777,4
931778,4
931779,4
931780,4
931781,1
931782,4
931783,4
931784,4
931785,4
931786,5
931787,4
931788,4
931789,5
931790,4
931791,4
931792,1
931793,3
931794,4
931795,5
931796,4
931797,1
931798,4
931799,4
931800,5
931801,4
931802,4
931803,4
931804,4
931805,4
931806,3
931807,4
931808,4
931809,4
931810,1
931811,4
931812,4
931813,4
931814,4
931815,4
931816,4
931817,4
931818,4
931819,5
931820,1
931821,4
931822,1
931823,4
931824,4
931825,4
931826,1
931827,3
931828,1
931829,4
931830,3
931831,4
931832,4
931833,4
931834,4
931835,4
931836,4
931837,5
931838,4
931839,1
931840,4
931841,5
931842,4
931843,4
931844,4
931845,3
931846,4
931847,1
931848,4
931849,4
931850,3
931851,4
931852,3
931853,4
931854,4
931855,1
931856,4
931857,4
931858,1
931859,4
931860,5
931861,4
931862,4
931863,4
931864,4
931865,4
931866,4
931867,4
931868,4
931869,4
931870,4
931871,5
931872,4
931873,5
931874,5
931875,4
931876,4
931877,4
931878,3
931879,1
931880,4
931881,4
931882,4
931883,4
931884,4
931885,4
931886,4
931887,4
931888,4
931889,4
931890,4
931891,4
931892,1
931893,4
931894,4
931895,4
931896,4
931897,1
931898,4
931899,4
931900,4
931901,4
931902,4
931903,4
931904,1
931905,4
931906,4
931907,4
931908,5
931909,4
931910,4
931911,4
931912,4
931913,4
931914,1
931915,5
931916,4
931917,4
931918,4
931919,4
931920,4
931921,4
931922,4
931923,4
931924,1
931925,5
931926,4
931927,4
931928,4
931929,4
931930,4
931931,4
931932,4
931933,4
931934,4
931935,4
931936,4
931937,4
931938,4
931939,4
931940,4
931941,1
931942,4
931943,4
931944,4
931945,4
931946,4
931947,4
931948,4
931949,4
931950,4
931951,4
931952,4
931953,4
931954,4
931955,4
931956,4
931957,4
931958,4
931959,4
931960,4
931961,5
931962,4
931963,4
931964,4
931965,4
931966,4
931967,4
931968,4
931969,4
931970,5
931971,1
931972,4
931973,5
931974,4
931975,4
931976,4
931977,4
931978,4
931979,4
931980,4
931981,4
931982,4
931983,4
931984,1
931985,4
931986,4
931987,4
931988,1
931989,4
931990,4
931991,4
931992,5
931993,4
931994,1
931995,4
931996,4
931997,4
931998,5
931999,4
932000,4
932001,4
932002,4
932003,4
932004,4
932005,4
932006,4
932007,4
932008,4
932009,4
932010,4
932011,4
932012,4
932013,4
932014,4
932015,4
932016,4
932017,4
932018,4
932019,4
932020,4
932021,4
932022,4
932023,1
932024,4
932025,4
932026,4
932027,1
932028,4
932029,4
932030,4
932031,4
932032,4
932033,4
932034,4
932035,4
932036,4
932037,4
932038,4
932039,1
932040,4
932041,4
932042,4
932043,4
932044,4
932045,4
932046,4
932047,4
932048,1
932049,4
932050,4
932051,4
932052,4
932053,4
932054,4
932055,4
932056,4
932057,4
932058,4
932059,4
932060,4
932061,4
932062,5
932063,4
932064,4
932065,4
932066,4
932067,4
932068,4
932069,4
932070,1
932071,3
932072,4
932073,4
932074,4
932075,4
932076,4
932077,5
932078,4
932079,5
932080,1
932081,4
932082,1
932083,4
932084,4
932085,4
932086,4
932087,5
932088,4
932089,4
932090,4
932091,5
932092,1
932093,5
932094,4
932095,4
932096,4
932097,5
932098,4
932099,4
932100,4
932101,4
932102,4
932103,4
932104,4
932105,4
932106,4
932107,5
932108,5
932109,5
932110,1
932111,4
932112,4
932113,4
932114,4
932115,4
932116,4
932117,4
932118,4
932119,4
932120,4
932121,4
932122,4
932123,4
932124,4
932125,4
932126,4
932127,4
932128,4
932129,4
932130,1
932131,4
932132,4
932133,4
932134,4
932135,1
932136,4
932137,4
932138,1
932139,4
932140,4
932141,4
932142,4
932143,4
932144,1
932145,4
932146,4
932147,4
932148,4
932149,4
932150,4
932151,4
932152,4
932153,4
932154,4
932155,4
932156,4
932157,4
932158,1
932159,4
932160,4
932161,4
932162,4
932163,4
932164,4
932165,4
932166,1
932167,4
932168,4
932169,4
932170,1
932171,4
932172,5
932173,1
932174,4
932175,4
932176,4
932177,4
932178,1
932179,4
932180,1
932181,4
932182,4
932183,4
932184,1
932185,4
932186,4
932187,4
932188,4
932189,4
932190,4
932191,4
932192,4
932193,4
932194,4
932195,4
932196,4
932197,4
932198,4
932199,4
932200,4
932201,4
932202,4
932203,4
932204,4
932205,5
932206,4
932207,4
932208,4
932209,4
932210,4
932211,4
932212,4
932213,4
932214,4
932215,4
932216,4
932217,4
932218,4
932219,5
932220,4
932221,4
932222,4
932223,4
932224,4
932225,5
932226,4
932227,4
932228,4
932229,4
932230,4
932231,4
932232,4
932233,4
932234,4
932235,4
932236,4
932237,4
932238,1
932239,4
932240,4
932241,4
932242,4
932243,5
932244,5
932245,4
932246,4
932247,4
932248,4
932249,4
932250,1
932251,1
932252,4
932253,4
932254,4
932255,4
932256,4
932257,4
932258,4
932259,4
932260,4
932261,4
932262,4
932263,4
932264,4
932265,1
932266,4
932267,4
932268,4
932269,4
932270,4
932271,4
932272,4
932273,5
932274,4
932275,4
932276,4
932277,4
932278,4
932279,4
932280,4
932281,5
932282,1
932283,4
932284,4
932285,4
932286,4
932287,4
932288,4
932289,5
932290,4
932291,4
932292,4
932293,4
932294,5
932295,4
932296,5
932297,1
932298,4
932299,4
932300,4
932301,5
932302,4
932303,4
932304,1
932305,4
932306,4
932307,1
932308,4
932309,4
932310,4
932311,5
932312,4
932313,4
932314,5
932315,4
932316,5
932317,1
932318,4
932319,4
932320,4
932321,1
932322,4
932323,4
932324,4
932325,1
932326,4
932327,1
932328,4
932329,4
932330,4
932331,5
932332,1
932333,4
932334,4
932335,4
932336,1
932337,4
932338,4
932339,4
932340,4
932341,5
932342,4
932343,4
932344,4
932345,4
932346,4
932347,4
932348,4
932349,4
932350,4
932351,4
932352,4
932353,4
932354,4
932355,4
932356,4
932357,4
932358,4
932359,4
932360,4
932361,4
932362,4
932363,4
932364,4
932365,4
932366,4
932367,4
932368,4
932369,4
932370,4
932371,4
932372,4
932373,4
932374,4
932375,1
932376,4
932377,4
932378,1
932379,4
932380,4
932381,4
932382,5
932383,5
932384,4
932385,4
932386,4
932387,5
932388,4
932389,4
932390,4
932391,3
932392,4
932393,4
932394,4
932395,4
932396,4
932397,4
932398,4
932399,4
932400,4
932401,4
932402,3
932403,4
932404,5
932405,4
932406,4
932407,4
932408,4
932409,4
932410,4
932411,4
932412,4
932413,4
932414,4
932415,5
932416,4
932417,3
932418,4
932419,4
932420,4
932421,4
932422,4
932423,4
932424,1
932425,4
932426,4
932427,4
932428,4
932429,4
932430,4
932431,4
932432,4
932433,1
932434,4
932435,4
932436,1
932437,4
932438,4
932439,4
932440,1
932441,1
932442,4
932443,4
932444,4
932445,5
932446,1
932447,4
932448,5
932449,5
932450,4
932451,4
932452,5
932453,5
932454,4
932455,4
932456,4
932457,5
932458,4
932459,5
932460,5
932461,1
932462,5
932463,4
932464,4
932465,4
932466,4
932467,5
932468,4
932469,4
932470,4
932471,4
932472,5
932473,4
932474,4
932475,5
932476,5
932477,4
932478,1
932479,4
932480,1
932481,5
932482,5
932483,5
932484,1
932485,4
932486,4
932487,4
932488,4
932489,4
932490,4
932491,4
932492,1
932493,4
932494,5
932495,4
932496,5
932497,4
932498,1
932499,4
932500,5
932501,4
932502,5
932503,1
932504,4
932505,5
932506,4
932507,4
932508,4
932509,4
932510,1
932511,4
932512,1
932513,4
932514,4
932515,1
932516,4
932517,4
932518,4
932519,4
932520,4
932521,1
932522,4
932523,1
932524,4
932525,4
932526,4
932527,5
932528,5
932529,4
932530,5
932531,1
932532,4
932533,5
932534,4
932535,1
932536,1
932537,4
932538,4
932539,4
932540,4
932541,4
932542,4
932543,4
932544,1
932545,4
932546,4
932547,4
932548,4
932549,4
932550,4
932551,4
932552,4
932553,4
932554,4
932555,4
932556,4
932557,4
932558,4
932559,4
932560,4
932561,4
932562,4
932563,4
932564,4
932565,4
932566,5
932567,4
932568,4
932569,4
932570,4
932571,4
932572,4
932573,4
932574,4
932575,4
932576,4
932577,4
932578,4
932579,4
932580,1
932581,4
932582,1
932583,4
932584,4
932585,4
932586,4
932587,4
932588,4
932589,4
932590,4
932591,4
932592,4
932593,4
932594,5
932595,1
932596,4
932597,1
932598,4
932599,4
932600,4
932601,4
932602,4
932603,4
932604,1
932605,4
932606,4
932607,4
932608,4
932609,4
932610,1
932611,4
932612,4
932613,4
932614,4
932615,5
932616,4
932617,1
932618,4
932619,4
932620,4
932621,4
932622,4
932623,4
932624,4
932625,4
932626,1
932627,4
932628,4
932629,4
932630,4
932631,4
932632,1
932633,4
932634,4
932635,4
932636,5
932637,1
932638,4
932639,4
932640,4
932641,1
932642,4
932643,1
932644,4
932645,4
932646,5
932647,4
932648,4
932649,1
932650,5
932651,4
932652,4
932653,4
932654,4
932655,4
932656,5
932657,4
932658,4
932659,4
932660,4
932661,1
932662,4
932663,4
932664,4
932665,4
932666,4
932667,5
932668,1
932669,4
932670,1
932671,1
932672,4
932673,4
932674,4
932675,4
932676,4
932677,4
932678,4
932679,4
932680,4
932681,4
932682,4
932683,4
932684,4
932685,4
932686,4
932687,4
932688,4
932689,4
932690,4
932691,4
932692,4
932693,4
932694,4
932695,4
932696,4
932697,4
932698,4
932699,4
932700,1
932701,4
932702,4
932703,4
932704,1
932705,4
932706,4
932707,4
932708,4
932709,4
932710,4
932711,4
932712,1
932713,1
932714,4
932715,4
932716,4
932717,4
932718,4
932719,4
932720,4
932721,1
932722,4
932723,4
932724,4
932725,1
932726,4
932727,4
932728,4
932729,5
932730,4
932731,4
932732,1
932733,4
932734,4
932735,1
932736,4
932737,4
932738,4
932739,4
932740,4
932741,4
932742,5
932743,4
932744,4
932745,4
932746,4
932747,4
932748,4
932749,4
932750,1
932751,4
932752,4
932753,4
932754,1
932755,4
932756,4
932757,4
932758,1
932759,4
932760,4
932761,4
932762,4
932763,1
932764,4
932765,4
932766,4
932767,4
932768,4
932769,4
932770,4
932771,4
932772,1
932773,1
932774,1
932775,1
932776,4
932777,4
932778,4
932779,4
932780,4
932781,4
932782,4
932783,4
932784,4
932785,4
932786,4
932787,4
932788,4
932789,4
932790,3
932791,4
932792,4
932793,4
932794,4
932795,4
932796,4
932797,4
932798,4
932799,4
932800,4
932801,4
932802,4
932803,4
932804,4
932805,4
932806,4
932807,4
932808,4
932809,4
932810,4
932811,1
932812,4
932813,4
932814,3
932815,4
932816,4
932817,4
932818,4
932819,4
932820,4
932821,4
932822,4
932823,4
932824,4
932825,4
932826,4
932827,4
932828,4
932829,4
932830,4
932831,1
932832,4
932833,4
932834,4
932835,1
932836,1
932837,4
932838,4
932839,4
932840,4
932841,4
932842,4
932843,4
932844,4
932845,4
932846,4
932847,4
932848,4
932849,4
932850,4
932851,4
932852,4
932853,4
932854,4
932855,4
932856,4
932857,4
932858,4
932859,4
932860,4
932861,4
932862,4
932863,1
932864,4
932865,4
932866,4
932867,4
932868,4
932869,4
932870,4
932871,1
932872,4
932873,4
932874,4
932875,4
932876,4
932877,4
932878,4
932879,4
932880,4
932881,3
932882,4
932883,1
932884,1
932885,4
932886,4
932887,1
932888,4
932889,4
932890,4
932891,3
932892,5
932893,3
932894,4
932895,3
932896,1
932897,4
932898,4
932899,5
932900,3
932901,3
932902,5
932903,3
932904,4
932905,4
932906,4
932907,3
932908,3
932909,4
932910,1
932911,4
932912,4
932913,4
932914,4
932915,4
932916,4
932917,4
932918,4
932919,4
932920,5
932921,4
932922,4
932923,4
932924,1
932925,5
932926,4
932927,4
932928,4
932929,4
932930,1
932931,4
932932,4
932933,4
932934,4
932935,4
932936,5
932937,5
932938,4
932939,4
932940,4
932941,4
932942,4
932943,4
932944,4
932945,4
932946,4
932947,4
932948,4
932949,1
932950,4
932951,4
932952,4
932953,4
932954,4
932955,4
932956,4
932957,4
932958,1
932959,4
932960,4
932961,1
932962,4
932963,4
932964,1
932965,4
932966,4
932967,4
932968,4
932969,4
932970,4
932971,1
932972,4
932973,4
932974,5
932975,4
932976,4
932977,4
932978,4
932979,4
932980,1
932981,4
932982,4
932983,4
932984,4
932985,4
932986,4
932987,4
932988,4
932989,4
932990,4
932991,4
932992,4
932993,4
932994,1
932995,4
932996,4
932997,4
932998,4
932999,4
933000,4
933001,4
933002,4
933003,4
933004,5
933005,4
933006,4
933007,4
933008,4
933009,5
933010,4
933011,5
933012,4
933013,4
933014,4
933015,4
933016,4
933017,1
933018,4
933019,4
933020,4
933021,4
933022,4
933023,4
933024,4
933025,4
933026,4
933027,4
933028,4
933029,5
933030,5
933031,1
933032,4
933033,5
933034,4
933035,4
933036,4
933037,4
933038,5
933039,4
933040,4
933041,4
933042,4
933043,4
933044,5
933045,4
933046,5
933047,5
933048,5
933049,5
933050,1
933051,4
933052,4
933053,4
933054,5
933055,4
933056,4
933057,1
933058,4
933059,5
933060,5
933061,5
933062,5
933063,4
933064,4
933065,5
933066,5
933067,4
933068,4
933069,4
933070,5
933071,5
933072,4
933073,5
933074,4
933075,5
933076,1
933077,4
933078,5
933079,4
933080,4
933081,5
933082,1
933083,4
933084,4
933085,4
933086,4
933087,4
933088,4
933089,4
933090,1
933091,4
933092,4
933093,1
933094,1
933095,4
933096,4
933097,4
933098,4
933099,1
933100,4
933101,4
933102,4
933103,4
933104,4
933105,4
933106,5
933107,4
933108,4
933109,1
933110,4
933111,4
933112,5
933113,1
933114,4
933115,4
933116,4
933117,4
933118,4
933119,4
933120,1
933121,4
933122,4
933123,4
933124,4
933125,1
933126,4
933127,4
933128,4
933129,4
933130,1
933131,4
933132,4
933133,4
933134,4
933135,4
933136,4
933137,4
933138,4
933139,4
933140,4
933141,4
933142,4
933143,4
933144,4
933145,4
933146,4
933147,4
933148,4
933149,4
933150,4
933151,4
933152,4
933153,4
933154,4
933155,4
933156,4
933157,4
933158,4
933159,4
933160,4
933161,4
933162,4
933163,4
933164,4
933165,4
933166,4
933167,1
933168,4
933169,1
933170,4
933171,4
933172,5
933173,4
933174,4
933175,4
933176,4
933177,4
933178,4
933179,4
933180,4
933181,4
933182,4
933183,4
933184,4
933185,4
933186,4
933187,4
933188,4
933189,4
933190,4
933191,4
933192,4
933193,4
933194,4
933195,1
933196,4
933197,4
933198,4
933199,1
933200,4
933201,1
933202,4
933203,4
933204,5
933205,4
933206,4
933207,4
933208,1
933209,1
933210,4
933211,4
933212,1
933213,4
933214,4
933215,1
933216,4
933217,4
933218,4
933219,4
933220,4
933221,4
933222,4
933223,4
933224,4
933225,4
933226,4
933227,4
933228,4
933229,4
933230,4
933231,4
933232,4
933233,4
933234,4
933235,4
933236,4
933237,4
933238,4
933239,4
933240,4
933241,4
933242,4
933243,4
933244,4
933245,4
933246,1
933247,4
933248,4
933249,4
933250,4
933251,4
933252,4
933253,4
933254,4
933255,4
933256,4
933257,4
933258,1
933259,4
933260,4
933261,4
933262,4
933263,4
933264,4
933265,4
933266,4
933267,4
933268,4
933269,4
933270,4
933271,4
933272,4
933273,4
933274,4
933275,4
933276,4
933277,4
933278,4
933279,4
933280,4
933281,4
933282,4
933283,4
933284,4
933285,4
933286,4
933287,4
933288,4
933289,4
933290,4
933291,4
933292,1
933293,4
933294,4
933295,4
933296,1
933297,4
933298,4
933299,4
933300,4
933301,4
933302,4
933303,4
933304,4
933305,4
933306,4
933307,4
933308,4
933309,1
933310,4
933311,4
933312,4
933313,4
933314,4
933315,4
933316,4
933317,1
933318,4
933319,4
933320,4
933321,1
933322,4
933323,4
933324,4
933325,4
933326,4
933327,4
933328,4
933329,4
933330,4
933331,4
933332,1
933333,4
933334,4
933335,1
933336,1
933337,4
933338,1
933339,4
933340,4
933341,4
933342,1
933343,4
933344,4
933345,4
933346,5
933347,1
933348,4
933349,4
933350,4
933351,4
933352,4
933353,5
933354,4
933355,4
933356,4
933357,4
933358,4
933359,4
933360,4
933361,4
933362,4
933363,4
933364,4
933365,4
933366,1
933367,4
933368,4
933369,4
933370,4
933371,4
933372,4
933373,3
933374,4
933375,4
933376,4
933377,1
933378,4
933379,4
933380,1
933381,4
933382,4
933383,4
933384,4
933385,1
933386,1
933387,4
933388,4
933389,4
933390,4
933391,4
933392,4
933393,4
933394,5
933395,4
933396,4
933397,4
933398,4
933399,4
933400,1
933401,4
933402,4
933403,4
933404,1
933405,4
933406,4
933407,4
933408,4
933409,4
933410,4
933411,4
933412,1
933413,4
933414,3
933415,5
933416,4
933417,4
933418,4
933419,1
933420,4
933421,4
933422,4
933423,4
933424,4
933425,4
933426,4
933427,4
933428,1
933429,4
933430,3
933431,4
933432,4
933433,4
933434,3
933435,4
933436,4
933437,4
933438,5
933439,4
933440,4
933441,4
933442,4
933443,1
933444,4
933445,4
933446,4
933447,1
933448,4
933449,4
933450,1
933451,4
933452,4
933453,4
933454,4
933455,4
933456,4
933457,4
933458,4
933459,1
933460,4
933461,4
933462,4
933463,4
933464,1
933465,1
933466,3
933467,3
933468,1
933469,4
933470,4
933471,4
933472,4
933473,4
933474,4
933475,4
933476,4
933477,4
933478,4
933479,3
933480,1
933481,1
933482,4
933483,1
933484,4
933485,4
933486,4
933487,4
933488,4
933489,4
933490,4
933491,4
933492,1
933493,4
933494,4
933495,4
933496,4
933497,4
933498,4
933499,4
933500,4
933501,4
933502,4
933503,4
933504,4
933505,4
933506,4
933507,4
933508,1
933509,4
933510,4
933511,4
933512,4
933513,1
933514,5
933515,4
933516,4
933517,4
933518,4
933519,1
933520,4
933521,1
933522,1
933523,4
933524,4
933525,1
933526,4
933527,4
933528,4
933529,4
933530,4
933531,4
933532,1
933533,4
933534,4
933535,4
933536,4
933537,4
933538,4
933539,4
933540,4
933541,4
933542,4
933543,4
933544,4
933545,4
933546,4
933547,4
933548,4
933549,4
933550,4
933551,4
933552,4
933553,4
933554,4
933555,4
933556,1
933557,1
933558,4
933559,1
933560,1
933561,4
933562,4
933563,4
933564,4
933565,4
933566,4
933567,1
933568,4
933569,1
933570,4
933571,4
933572,4
933573,4
933574,4
933575,4
933576,4
933577,1
933578,1
933579,4
933580,4
933581,4
933582,4
933583,4
933584,1
933585,4
933586,4
933587,4
933588,4
933589,4
933590,4
933591,4
933592,4
933593,4
933594,4
933595,4
933596,1
933597,4
933598,4
933599,4
933600,4
933601,4
933602,4
933603,1
933604,4
933605,4
933606,4
933607,1
933608,4
933609,1
933610,4
933611,4
933612,4
933613,4
933614,4
933615,4
933616,4
933617,4
933618,4
933619,4
933620,4
933621,4
933622,1
933623,4
933624,4
933625,4
933626,4
933627,4
933628,4
933629,1
933630,4
933631,1
933632,5
933633,4
933634,4
933635,3
933636,4
933637,1
933638,4
933639,4
933640,3
933641,4
933642,4
933643,4
933644,4
933645,3
933646,4
933647,1
933648,5
933649,3
933650,3
933651,3
933652,4
933653,4
933654,4
933655,3
933656,5
933657,4
933658,5
933659,1
933660,5
933661,4
933662,3
933663,5
933664,4
933665,5
933666,3
933667,4
933668,5
933669,4
933670,4
933671,4
933672,5
933673,1
933674,3
933675,4
933676,3
933677,4
933678,4
933679,5
933680,5
933681,3
933682,3
933683,4
933684,4
933685,3
933686,5
933687,4
933688,1
933689,4
933690,1
933691,4
933692,4
933693,1
933694,4
933695,3
933696,3
933697,3
933698,4
933699,4
933700,4
933701,4
933702,4
933703,4
933704,4
933705,4
933706,4
933707,4
933708,3
933709,4
933710,4
933711,4
933712,4
933713,4
933714,4
933715,1
933716,4
933717,4
933718,4
933719,4
933720,1
933721,1
933722,1
933723,4
933724,4
933725,4
933726,4
933727,4
933728,4
933729,4
933730,4
933731,4
933732,4
933733,4
933734,4
933735,4
933736,4
933737,4
933738,4
933739,4
933740,4
933741,4
933742,4
933743,4
933744,1
933745,4
933746,4
933747,4
933748,4
933749,4
933750,3
933751,4
933752,4
933753,4
933754,4
933755,4
933756,4
933757,4
933758,4
933759,4
933760,4
933761,4
933762,4
933763,4
933764,4
933765,4
933766,4
933767,4
933768,4
933769,4
933770,4
933771,1
933772,5
933773,4
933774,4
933775,1
933776,4
933777,4
933778,4
933779,4
933780,4
933781,4
933782,4
933783,4
933784,1
933785,1
933786,4
933787,5
933788,4
933789,4
933790,4
933791,4
933792,1
933793,4
933794,1
933795,4
933796,4
933797,4
933798,4
933799,3
933800,3
933801,4
933802,1
933803,4
933804,1
933805,4
933806,4
933807,4
933808,1
933809,4
933810,4
933811,4
933812,4
933813,4
933814,4
933815,4
933816,4
933817,4
933818,1
933819,4
933820,4
933821,4
933822,4
933823,4
933824,4
933825,1
933826,4
933827,4
933828,4
933829,4
933830,4
933831,4
933832,4
933833,4
933834,1
933835,4
933836,4
933837,4
933838,4
933839,4
933840,4
933841,4
933842,4
933843,4
933844,4
933845,5
933846,5
933847,4
933848,4
933849,4
933850,4
933851,3
933852,1
933853,3
933854,4
933855,4
933856,4
933857,1
933858,1
933859,4
933860,4
933861,4
933862,4
933863,4
933864,4
933865,4
933866,4
933867,4
933868,4
933869,4
933870,4
933871,4
933872,4
933873,4
933874,4
933875,4
933876,4
933877,1
933878,4
933879,4
933880,4
933881,1
933882,4
933883,4
933884,4
933885,4
933886,4
933887,4
933888,4
933889,4
933890,4
933891,1
933892,4
933893,4
933894,4
933895,4
933896,4
933897,4
933898,4
933899,4
933900,4
933901,4
933902,4
933903,4
933904,4
933905,4
933906,4
933907,4
933908,4
933909,1
933910,4
933911,1
933912,4
933913,4
933914,4
933915,4
933916,4
933917,4
933918,4
933919,4
933920,4
933921,4
933922,4
933923,4
933924,4
933925,1
933926,4
933927,4
933928,4
933929,4
933930,1
933931,4
933932,4
933933,4
933934,4
933935,4
933936,4
933937,4
933938,4
933939,4
933940,4
933941,4
933942,4
933943,4
933944,4
933945,4
933946,4
933947,4
933948,5
933949,4
933950,4
933951,4
933952,4
933953,4
933954,4
933955,1
933956,5
933957,5
933958,5
933959,4
933960,5
933961,4
933962,4
933963,4
933964,4
933965,4
933966,4
933967,4
933968,4
933969,4
933970,4
933971,4
933972,4
933973,4
933974,4
933975,4
933976,4
933977,1
933978,4
933979,1
933980,1
933981,4
933982,4
933983,1
933984,4
933985,1
933986,1
933987,4
933988,4
933989,4
933990,4
933991,4
933992,4
933993,4
933994,4
933995,4
933996,4
933997,4
933998,1
933999,4
934000,4
934001,4
934002,1
934003,1
934004,4
934005,4
934006,1
934007,4
934008,4
934009,1
934010,4
934011,4
934012,4
934013,4
934014,4
934015,4
934016,4
934017,1
934018,1
934019,4
934020,4
934021,4
934022,4
934023,4
934024,4
934025,4
934026,4
934027,4
934028,4
934029,4
934030,4
934031,1
934032,4
934033,4
934034,4
934035,4
934036,4
934037,4
934038,4
934039,5
934040,4
934041,4
934042,4
934043,4
934044,4
934045,4
934046,4
934047,4
934048,4
934049,4
934050,4
934051,1
934052,4
934053,4
934054,4
934055,4
934056,4
934057,4
934058,4
934059,4
934060,4
934061,4
934062,4
934063,4
934064,4
934065,4
934066,4
934067,4
934068,1
934069,4
934070,4
934071,4
934072,4
934073,4
934074,4
934075,1
934076,4
934077,4
934078,4
934079,4
934080,4
934081,1
934082,4
934083,4
934084,4
934085,4
934086,4
934087,4
934088,1
934089,4
934090,4
934091,4
934092,4
934093,4
934094,4
934095,4
934096,4
934097,4
934098,4
934099,1
934100,4
934101,4
934102,4
934103,1
934104,4
934105,4
934106,4
934107,4
934108,1
934109,4
934110,4
934111,4
934112,4
934113,1
934114,4
934115,4
934116,4
934117,4
934118,4
934119,4
934120,1
934121,4
934122,4
934123,4
934124,4
934125,4
934126,4
934127,4
934128,4
934129,4
934130,1
934131,4
934132,4
934133,4
934134,4
934135,4
934136,1
934137,4
934138,4
934139,4
934140,4
934141,4
934142,4
934143,4
934144,4
934145,4
934146,4
934147,4
934148,4
934149,1
934150,1
934151,4
934152,1
934153,4
934154,4
934155,1
934156,5
934157,4
934158,5
934159,4
934160,4
934161,4
934162,4
934163,4
934164,4
934165,4
934166,4
934167,4
934168,5
934169,4
934170,4
934171,4
934172,4
934173,4
934174,5
934175,4
934176,4
934177,4
934178,4
934179,1
934180,4
934181,4
934182,4
934183,4
934184,4
934185,4
934186,4
934187,4
934188,4
934189,4
934190,4
934191,4
934192,4
934193,4
934194,4
934195,4
934196,3
934197,3
934198,4
934199,3
934200,4
934201,4
934202,4
934203,4
934204,4
934205,4
934206,4
934207,3
934208,4
934209,4
934210,4
934211,1
934212,4
934213,4
934214,4
934215,4
934216,4
934217,4
934218,4
934219,4
934220,1
934221,4
934222,1
934223,4
934224,4
934225,4
934226,3
934227,4
934228,4
934229,4
934230,4
934231,3
934232,1
934233,4
934234,4
934235,4
934236,4
934237,3
934238,4
934239,4
934240,4
934241,3
934242,1
934243,4
934244,5
934245,4
934246,4
934247,4
934248,4
934249,4
934250,4
934251,4
934252,4
934253,4
934254,1
934255,4
934256,5
934257,4
934258,4
934259,3
934260,1
934261,4
934262,1
934263,1
934264,3
934265,4
934266,4
934267,1
934268,4
934269,4
934270,4
934271,1
934272,1
934273,4
934274,4
934275,4
934276,4
934277,4
934278,4
934279,4
934280,4
934281,4
934282,4
934283,4
934284,4
934285,4
934286,4
934287,4
934288,1
934289,4
934290,4
934291,4
934292,4
934293,4
934294,4
934295,1
934296,1
934297,4
934298,4
934299,4
934300,4
934301,4
934302,4
934303,4
934304,4
934305,1
934306,4
934307,4
934308,4
934309,4
934310,4
934311,4
934312,4
934313,4
934314,4
934315,4
934316,4
934317,5
934318,4
934319,4
934320,4
934321,4
934322,4
934323,4
934324,4
934325,4
934326,4
934327,1
934328,4
934329,1
934330,4
934331,4
934332,3
934333,4
934334,4
934335,1
934336,1
934337,4
934338,3
934339,4
934340,4
934341,4
934342,4
934343,4
934344,1
934345,4
934346,3
934347,4
934348,1
934349,3
934350,4
934351,4
934352,1
934353,4
934354,4
934355,4
934356,4
934357,4
934358,4
934359,1
934360,4
934361,4
934362,1
934363,4
934364,1
934365,4
934366,5
934367,4
934368,4
934369,5
934370,4
934371,4
934372,4
934373,5
934374,4
934375,4
934376,1
934377,4
934378,4
934379,4
934380,5
934381,4
934382,5
934383,5
934384,5
934385,4
934386,4
934387,5
934388,4
934389,4
934390,1
934391,4
934392,4
934393,4
934394,4
934395,5
934396,5
934397,1
934398,5
934399,4
934400,5
934401,4
934402,5
934403,5
934404,4
934405,1
934406,4
934407,4
934408,4
934409,4
934410,5
934411,4
934412,4
934413,4
934414,4
934415,4
934416,4
934417,4
934418,1
934419,4
934420,1
934421,4
934422,4
934423,4
934424,5
934425,4
934426,4
934427,4
934428,4
934429,4
934430,4
934431,4
934432,5
934433,4
934434,4
934435,4
934436,4
934437,4
934438,4
934439,5
934440,4
934441,4
934442,4
934443,4
934444,4
934445,4
934446,4
934447,3
934448,1
934449,1
934450,5
934451,4
934452,4
934453,4
934454,5
934455,4
934456,4
934457,4
934458,5
934459,4
934460,1
934461,4
934462,4
934463,4
934464,5
934465,4
934466,4
934467,4
934468,4
934469,4
934470,4
934471,4
934472,4
934473,4
934474,4
934475,4
934476,5
934477,5
934478,4
934479,5
934480,4
934481,5
934482,4
934483,4
934484,1
934485,4
934486,5
934487,4
934488,4
934489,4
934490,4
934491,1
934492,4
934493,4
934494,4
934495,4
934496,4
934497,4
934498,4
934499,4
934500,1
934501,4
934502,4
934503,4
934504,4
934505,4
934506,4
934507,4
934508,4
934509,4
934510,5
934511,1
934512,4
934513,4
934514,4
934515,4
934516,4
934517,4
934518,4
934519,4
934520,4
934521,4
934522,4
934523,4
934524,4
934525,4
934526,4
934527,4
934528,4
934529,4
934530,4
934531,4
934532,4
934533,4
934534,1
934535,4
934536,4
934537,4
934538,4
934539,4
934540,1
934541,1
934542,4
934543,1
934544,4
934545,4
934546,4
934547,4
934548,4
934549,1
934550,1
934551,5
934552,4
