814553,4
814554,4
814555,4
814556,1
814557,4
814558,4
814559,4
814560,4
814561,4
814562,4
814563,4
814564,4
814565,4
814566,4
814567,5
814568,4
814569,4
814570,4
814571,4
814572,4
814573,4
814574,4
814575,5
814576,1
814577,4
814578,4
814579,1
814580,1
814581,4
814582,4
814583,4
814584,4
814585,4
814586,1
814587,4
814588,4
814589,4
814590,1
814591,4
814592,4
814593,1
814594,4
814595,4
814596,4
814597,5
814598,4
814599,4
814600,4
814601,4
814602,4
814603,4
814604,4
814605,4
814606,5
814607,5
814608,4
814609,4
814610,5
814611,4
814612,4
814613,4
814614,5
814615,4
814616,4
814617,4
814618,1
814619,4
814620,1
814621,4
814622,4
814623,4
814624,1
814625,1
814626,4
814627,4
814628,1
814629,4
814630,4
814631,1
814632,4
814633,4
814634,4
814635,4
814636,4
814637,4
814638,4
814639,1
814640,4
814641,4
814642,4
814643,4
814644,4
814645,4
814646,4
814647,4
814648,4
814649,4
814650,1
814651,5
814652,4
814653,1
814654,4
814655,4
814656,4
814657,1
814658,4
814659,4
814660,4
814661,4
814662,4
814663,4
814664,4
814665,4
814666,4
814667,4
814668,1
814669,4
814670,4
814671,4
814672,4
814673,4
814674,4
814675,4
814676,1
814677,4
814678,4
814679,4
814680,5
814681,4
814682,1
814683,4
814684,4
814685,1
814686,1
814687,4
814688,1
814689,4
814690,4
814691,4
814692,4
814693,4
814694,4
814695,4
814696,4
814697,1
814698,4
814699,4
814700,4
814701,4
814702,5
814703,4
814704,4
814705,4
814706,4
814707,4
814708,4
814709,4
814710,5
814711,5
814712,4
814713,4
814714,4
814715,5
814716,5
814717,4
814718,4
814719,5
814720,4
814721,4
814722,4
814723,4
814724,5
814725,5
814726,1
814727,4
814728,1
814729,5
814730,4
814731,4
814732,5
814733,4
814734,4
814735,4
814736,5
814737,4
814738,4
814739,4
814740,4
814741,1
814742,4
814743,4
814744,1
814745,4
814746,4
814747,4
814748,4
814749,4
814750,5
814751,4
814752,5
814753,4
814754,4
814755,4
814756,1
814757,4
814758,4
814759,1
814760,5
814761,4
814762,4
814763,4
814764,4
814765,4
814766,4
814767,4
814768,4
814769,5
814770,4
814771,5
814772,1
814773,4
814774,4
814775,4
814776,4
814777,4
814778,4
814779,4
814780,4
814781,4
814782,4
814783,4
814784,4
814785,4
814786,4
814787,4
814788,4
814789,4
814790,1
814791,4
814792,4
814793,5
814794,1
814795,5
814796,4
814797,4
814798,4
814799,4
814800,5
814801,4
814802,4
814803,5
814804,4
814805,4
814806,5
814807,4
814808,4
814809,4
814810,4
814811,4
814812,4
814813,4
814814,5
814815,4
814816,5
814817,4
814818,5
814819,4
814820,4
814821,4
814822,1
814823,4
814824,5
814825,4
814826,4
814827,4
814828,4
814829,4
814830,4
814831,5
814832,4
814833,4
814834,4
814835,4
814836,4
814837,1
814838,4
814839,4
814840,4
814841,4
814842,4
814843,4
814844,5
814845,4
814846,4
814847,3
814848,4
814849,4
814850,1
814851,4
814852,1
814853,1
814854,1
814855,4
814856,4
814857,4
814858,4
814859,1
814860,4
814861,5
814862,4
814863,1
814864,1
814865,3
814866,1
814867,4
814868,4
814869,4
814870,4
814871,4
814872,4
814873,1
814874,4
814875,1
814876,4
814877,4
814878,4
814879,4
814880,4
814881,4
814882,4
814883,1
814884,4
814885,4
814886,4
814887,4
814888,1
814889,5
814890,4
814891,3
814892,5
814893,3
814894,5
814895,4
814896,3
814897,5
814898,4
814899,5
814900,4
814901,4
814902,1
814903,1
814904,4
814905,4
814906,4
814907,4
814908,1
814909,4
814910,4
814911,4
814912,5
814913,5
814914,4
814915,4
814916,4
814917,4
814918,4
814919,1
814920,4
814921,4
814922,5
814923,4
814924,4
814925,4
814926,4
814927,4
814928,4
814929,4
814930,4
814931,4
814932,5
814933,4
814934,4
814935,4
814936,5
814937,5
814938,1
814939,4
814940,3
814941,4
814942,4
814943,5
814944,1
814945,4
814946,4
814947,4
814948,4
814949,4
814950,4
814951,4
814952,4
814953,5
814954,4
814955,4
814956,4
814957,4
814958,5
814959,4
814960,4
814961,4
814962,1
814963,1
814964,4
814965,4
814966,4
814967,4
814968,4
814969,4
814970,1
814971,4
814972,3
814973,4
814974,1
814975,4
814976,5
814977,4
814978,4
814979,4
814980,3
814981,4
814982,4
814983,4
814984,3
814985,4
814986,5
814987,4
814988,1
814989,4
814990,4
814991,4
814992,4
814993,4
814994,4
814995,4
814996,4
814997,4
814998,4
814999,4
815000,4
815001,4
815002,4
815003,4
815004,4
815005,4
815006,5
815007,4
815008,4
815009,4
815010,4
815011,4
815012,4
815013,4
815014,4
815015,3
815016,4
815017,4
815018,4
815019,4
815020,4
815021,4
815022,4
815023,3
815024,4
815025,1
815026,5
815027,4
815028,5
815029,4
815030,4
815031,4
815032,4
815033,4
815034,4
815035,5
815036,1
815037,4
815038,3
815039,5
815040,3
815041,4
815042,1
815043,4
815044,4
815045,5
815046,5
815047,4
815048,1
815049,4
815050,4
815051,1
815052,4
815053,4
815054,4
815055,4
815056,5
815057,5
815058,4
815059,4
815060,4
815061,4
815062,4
815063,4
815064,4
815065,4
815066,4
815067,4
815068,3
815069,5
815070,3
815071,4
815072,4
815073,4
815074,3
815075,4
815076,5
815077,4
815078,1
815079,4
815080,4
815081,4
815082,4
815083,4
815084,4
815085,4
815086,5
815087,4
815088,4
815089,4
815090,3
815091,4
815092,4
815093,4
815094,4
815095,1
815096,4
815097,4
815098,4
815099,1
815100,5
815101,4
815102,4
815103,1
815104,1
815105,4
815106,4
815107,4
815108,4
815109,4
815110,4
815111,4
815112,4
815113,4
815114,4
815115,4
815116,1
815117,4
815118,4
815119,4
815120,4
815121,4
815122,4
815123,1
815124,1
815125,4
815126,4
815127,1
815128,4
815129,4
815130,4
815131,4
815132,4
815133,1
815134,4
815135,1
815136,4
815137,4
815138,4
815139,4
815140,4
815141,4
815142,4
815143,4
815144,4
815145,1
815146,4
815147,4
815148,4
815149,4
815150,4
815151,4
815152,1
815153,4
815154,4
815155,4
815156,4
815157,4
815158,1
815159,4
815160,4
815161,4
815162,4
815163,4
815164,4
815165,1
815166,1
815167,4
815168,4
815169,4
815170,4
815171,5
815172,4
815173,4
815174,4
815175,4
815176,4
815177,4
815178,4
815179,4
815180,4
815181,4
815182,4
815183,4
815184,4
815185,4
815186,1
815187,4
815188,4
815189,4
815190,4
815191,4
815192,4
815193,4
815194,4
815195,1
815196,1
815197,4
815198,1
815199,5
815200,4
815201,4
815202,4
815203,4
815204,4
815205,4
815206,4
815207,4
815208,4
815209,4
815210,4
815211,4
815212,4
815213,4
815214,1
815215,4
815216,4
815217,4
815218,4
815219,4
815220,4
815221,1
815222,4
815223,4
815224,4
815225,4
815226,4
815227,4
815228,1
815229,1
815230,4
815231,4
815232,4
815233,1
815234,4
815235,4
815236,1
815237,4
815238,4
815239,4
815240,4
815241,4
815242,4
815243,4
815244,4
815245,4
815246,4
815247,4
815248,4
815249,4
815250,4
815251,4
815252,4
815253,4
815254,4
815255,4
815256,4
815257,4
815258,4
815259,4
815260,4
815261,4
815262,4
815263,4
815264,4
815265,4
815266,1
815267,4
815268,4
815269,4
815270,4
815271,4
815272,4
815273,4
815274,4
815275,4
815276,4
815277,4
815278,4
815279,4
815280,4
815281,4
815282,4
815283,4
815284,1
815285,1
815286,4
815287,4
815288,4
815289,4
815290,4
815291,4
815292,4
815293,4
815294,4
815295,1
815296,4
815297,4
815298,4
815299,1
815300,4
815301,4
815302,4
815303,4
815304,4
815305,4
815306,4
815307,1
815308,4
815309,4
815310,4
815311,4
815312,4
815313,4
815314,4
815315,4
815316,4
815317,1
815318,1
815319,4
815320,4
815321,4
815322,4
815323,4
815324,5
815325,5
815326,4
815327,5
815328,4
815329,5
815330,4
815331,4
815332,4
815333,1
815334,4
815335,1
815336,4
815337,4
815338,4
815339,4
815340,4
815341,4
815342,4
815343,4
815344,4
815345,1
815346,4
815347,4
815348,4
815349,4
815350,4
815351,4
815352,4
815353,4
815354,4
815355,4
815356,4
815357,4
815358,4
815359,4
815360,4
815361,4
815362,4
815363,4
815364,4
815365,4
815366,1
815367,4
815368,4
815369,4
815370,4
815371,4
815372,4
815373,1
815374,4
815375,1
815376,4
815377,1
815378,4
815379,4
815380,4
815381,1
815382,4
815383,4
815384,4
815385,1
815386,4
815387,4
815388,4
815389,5
815390,5
815391,1
815392,4
815393,4
815394,4
815395,4
815396,4
815397,4
815398,4
815399,5
815400,4
815401,4
815402,4
815403,1
815404,4
815405,4
815406,4
815407,1
815408,4
815409,4
815410,4
815411,4
815412,4
815413,4
815414,4
815415,4
815416,4
815417,4
815418,4
815419,4
815420,4
815421,4
815422,4
815423,5
815424,4
815425,4
815426,4
815427,1
815428,4
815429,4
815430,4
815431,4
815432,4
815433,4
815434,4
815435,4
815436,4
815437,4
815438,4
815439,4
815440,1
815441,4
815442,4
815443,4
815444,4
815445,4
815446,1
815447,4
815448,1
815449,4
815450,4
815451,4
815452,4
815453,4
815454,4
815455,4
815456,4
815457,4
815458,4
815459,4
815460,4
815461,4
815462,4
815463,4
815464,4
815465,4
815466,4
815467,4
815468,4
815469,4
815470,4
815471,1
815472,4
815473,4
815474,4
815475,4
815476,4
815477,4
815478,4
815479,4
815480,4
815481,4
815482,1
815483,1
815484,4
815485,5
815486,1
815487,4
815488,4
815489,5
815490,4
815491,4
815492,4
815493,4
815494,4
815495,4
815496,4
815497,4
815498,4
815499,4
815500,4
815501,4
815502,5
815503,4
815504,4
815505,4
815506,4
815507,4
815508,4
815509,1
815510,4
815511,4
815512,4
815513,4
815514,4
815515,4
815516,4
815517,4
815518,4
815519,4
815520,4
815521,4
815522,4
815523,4
815524,4
815525,4
815526,1
815527,4
815528,4
815529,4
815530,4
815531,4
815532,4
815533,4
815534,4
815535,4
815536,4
815537,4
815538,4
815539,4
815540,4
815541,4
815542,4
815543,1
815544,4
815545,4
815546,5
815547,4
815548,1
815549,5
815550,1
815551,4
815552,4
815553,4
815554,1
815555,4
815556,4
815557,1
815558,4
815559,1
815560,1
815561,4
815562,4
815563,4
815564,4
815565,4
815566,4
815567,4
815568,4
815569,4
815570,4
815571,4
815572,1
815573,4
815574,4
815575,1
815576,4
815577,5
815578,1
815579,4
815580,4
815581,4
815582,4
815583,4
815584,4
815585,4
815586,4
815587,1
815588,4
815589,4
815590,4
815591,4
815592,4
815593,4
815594,4
815595,4
815596,4
815597,4
815598,4
815599,4
815600,4
815601,4
815602,4
815603,4
815604,4
815605,4
815606,4
815607,4
815608,4
815609,4
815610,4
815611,4
815612,4
815613,4
815614,4
815615,4
815616,4
815617,4
815618,4
815619,4
815620,4
815621,4
815622,4
815623,4
815624,4
815625,1
815626,4
815627,4
815628,4
815629,4
815630,4
815631,4
815632,5
815633,4
815634,4
815635,4
815636,4
815637,4
815638,4
815639,4
815640,4
815641,5
815642,4
815643,4
815644,5
815645,5
815646,4
815647,5
815648,4
815649,4
815650,5
815651,5
815652,5
815653,4
815654,4
815655,4
815656,4
815657,4
815658,4
815659,4
815660,4
815661,4
815662,4
815663,4
815664,4
815665,4
815666,4
815667,1
815668,4
815669,1
815670,4
815671,4
815672,4
815673,4
815674,4
815675,4
815676,4
815677,1
815678,4
815679,5
815680,4
815681,1
815682,4
815683,4
815684,4
815685,1
815686,4
815687,4
815688,4
815689,4
815690,4
815691,4
815692,4
815693,4
815694,4
815695,5
815696,1
815697,4
815698,4
815699,4
815700,5
815701,4
815702,4
815703,4
815704,4
815705,4
815706,5
815707,4
815708,5
815709,4
815710,4
815711,4
815712,4
815713,1
815714,4
815715,4
815716,4
815717,5
815718,4
815719,5
815720,4
815721,4
815722,4
815723,4
815724,4
815725,4
815726,1
815727,4
815728,4
815729,1
815730,4
815731,4
815732,4
815733,4
815734,4
815735,4
815736,4
815737,4
815738,4
815739,4
815740,3
815741,4
815742,4
815743,4
815744,4
815745,4
815746,4
815747,4
815748,4
815749,4
815750,4
815751,4
815752,4
815753,4
815754,4
815755,4
815756,4
815757,4
815758,4
815759,5
815760,4
815761,4
815762,4
815763,5
815764,4
815765,4
815766,5
815767,4
815768,4
815769,4
815770,4
815771,4
815772,1
815773,5
815774,4
815775,4
815776,4
815777,4
815778,5
815779,5
815780,4
815781,5
815782,5
815783,5
815784,4
815785,4
815786,5
815787,1
815788,5
815789,4
815790,4
815791,5
815792,4
815793,5
815794,5
815795,1
815796,4
815797,4
815798,5
815799,4
815800,4
815801,4
815802,1
815803,1
815804,3
815805,4
815806,4
815807,4
815808,5
815809,4
815810,4
815811,4
815812,4
815813,4
815814,4
815815,4
815816,1
815817,4
815818,4
815819,4
815820,4
815821,4
815822,1
815823,5
815824,4
815825,4
815826,5
815827,4
815828,4
815829,4
815830,1
815831,4
815832,4
815833,4
815834,4
815835,4
815836,4
815837,1
815838,4
815839,4
815840,1
815841,4
815842,4
815843,4
815844,4
815845,4
815846,4
815847,4
815848,4
815849,4
815850,4
815851,4
815852,4
815853,4
815854,4
815855,4
815856,4
815857,5
815858,4
815859,4
815860,4
815861,4
815862,4
815863,4
815864,4
815865,4
815866,4
815867,4
815868,4
815869,4
815870,4
815871,4
815872,4
815873,4
815874,4
815875,1
815876,5
815877,4
815878,1
815879,4
815880,4
815881,4
815882,1
815883,4
815884,1
815885,4
815886,4
815887,4
815888,4
815889,4
815890,4
815891,4
815892,1
815893,4
815894,4
815895,1
815896,4
815897,4
815898,4
815899,4
815900,4
815901,4
815902,4
815903,4
815904,4
815905,4
815906,4
815907,4
815908,4
815909,4
815910,4
815911,4
815912,4
815913,4
815914,4
815915,4
815916,4
815917,1
815918,4
815919,4
815920,1
815921,4
815922,4
815923,4
815924,4
815925,4
815926,5
815927,4
815928,4
815929,3
815930,4
815931,4
815932,4
815933,4
815934,4
815935,4
815936,4
815937,4
815938,4
815939,4
815940,1
815941,4
815942,4
815943,1
815944,4
815945,4
815946,4
815947,4
815948,4
815949,4
815950,4
815951,4
815952,4
815953,4
815954,4
815955,4
815956,4
815957,4
815958,4
815959,4
815960,1
815961,4
815962,1
815963,4
815964,4
815965,4
815966,4
815967,4
815968,4
815969,4
815970,5
815971,4
815972,1
815973,4
815974,1
815975,4
815976,4
815977,4
815978,4
815979,4
815980,4
815981,4
815982,4
815983,4
815984,4
815985,4
815986,4
815987,4
815988,4
815989,4
815990,4
815991,4
815992,1
815993,4
815994,4
815995,1
815996,4
815997,4
815998,4
815999,4
816000,4
816001,4
816002,1
816003,4
816004,4
816005,4
816006,4
816007,4
816008,4
816009,4
816010,4
816011,4
816012,4
816013,4
816014,4
816015,4
816016,4
816017,4
816018,4
816019,4
816020,4
816021,4
816022,4
816023,4
816024,4
816025,4
816026,4
816027,4
816028,4
816029,4
816030,4
816031,4
816032,4
816033,4
816034,1
816035,4
816036,4
816037,5
816038,4
816039,1
816040,4
816041,5
816042,4
816043,4
816044,5
816045,4
816046,1
816047,4
816048,4
816049,4
816050,4
816051,4
816052,4
816053,4
816054,4
816055,4
816056,4
816057,4
816058,4
816059,4
816060,4
816061,4
816062,5
816063,5
816064,4
816065,4
816066,4
816067,1
816068,4
816069,4
816070,4
816071,4
816072,4
816073,5
816074,4
816075,4
816076,4
816077,1
816078,4
816079,4
816080,4
816081,4
816082,4
816083,4
816084,4
816085,4
816086,4
816087,4
816088,4
816089,5
816090,5
816091,4
816092,4
816093,4
816094,1
816095,4
816096,4
816097,4
816098,4
816099,1
816100,4
816101,4
816102,4
816103,4
816104,4
816105,4
816106,4
816107,4
816108,4
816109,4
816110,4
816111,4
816112,4
816113,1
816114,4
816115,4
816116,1
816117,4
816118,4
816119,4
816120,4
816121,4
816122,4
816123,4
816124,5
816125,4
816126,4
816127,4
816128,4
816129,4
816130,4
816131,4
816132,4
816133,4
816134,4
816135,5
816136,4
816137,4
816138,4
816139,4
816140,4
816141,4
816142,4
816143,4
816144,4
816145,4
816146,4
816147,4
816148,4
816149,4
816150,4
816151,4
816152,4
816153,1
816154,4
816155,1
816156,4
816157,4
816158,4
816159,5
816160,4
816161,4
816162,5
816163,4
816164,4
816165,4
816166,4
816167,4
816168,4
816169,1
816170,4
816171,4
816172,4
816173,4
816174,4
816175,4
816176,4
816177,4
816178,4
816179,4
816180,4
816181,1
816182,4
816183,4
816184,4
816185,1
816186,4
816187,4
816188,4
816189,4
816190,4
816191,4
816192,4
816193,4
816194,1
816195,4
816196,4
816197,4
816198,4
816199,4
816200,4
816201,4
816202,4
816203,4
816204,1
816205,4
816206,4
816207,4
816208,4
816209,4
816210,4
816211,4
816212,4
816213,4
816214,5
816215,1
816216,1
816217,4
816218,4
816219,4
816220,4
816221,1
816222,4
816223,4
816224,1
816225,4
816226,4
816227,4
816228,4
816229,4
816230,4
816231,5
816232,4
816233,4
816234,4
816235,4
816236,4
816237,4
816238,4
816239,4
816240,4
816241,1
816242,4
816243,4
816244,5
816245,5
816246,3
816247,3
816248,5
816249,4
816250,5
816251,4
816252,4
816253,3
816254,4
816255,4
816256,5
816257,1
816258,4
816259,5
816260,3
816261,4
816262,3
816263,3
816264,5
816265,3
816266,3
816267,4
816268,3
816269,3
816270,5
816271,3
816272,1
816273,3
816274,3
816275,5
816276,3
816277,4
816278,4
816279,1
816280,4
816281,3
816282,3
816283,4
816284,4
816285,4
816286,4
816287,1
816288,4
816289,4
816290,4
816291,4
816292,4
816293,4
816294,4
816295,4
816296,4
816297,4
816298,4
816299,5
816300,4
816301,4
816302,4
816303,4
816304,5
816305,4
816306,4
816307,5
816308,4
816309,4
816310,5
816311,5
816312,4
816313,4
816314,5
816315,4
816316,1
816317,5
816318,4
816319,4
816320,4
816321,1
816322,4
816323,4
816324,4
816325,4
816326,4
816327,4
816328,4
816329,5
816330,4
816331,5
816332,4
816333,4
816334,4
816335,1
816336,4
816337,4
816338,4
816339,4
816340,4
816341,4
816342,1
816343,1
816344,4
816345,4
816346,4
816347,4
816348,4
816349,4
816350,4
816351,4
816352,5
816353,5
816354,5
816355,5
816356,4
816357,5
816358,1
816359,5
816360,5
816361,5
816362,4
816363,4
816364,4
816365,4
816366,4
816367,4
816368,4
816369,4
816370,1
816371,4
816372,4
816373,4
816374,4
816375,4
816376,4
816377,1
816378,4
816379,4
816380,1
816381,4
816382,4
816383,4
816384,4
816385,4
816386,4
816387,4
816388,4
816389,4
816390,4
816391,4
816392,1
816393,4
816394,3
816395,4
816396,1
816397,4
816398,4
816399,1
816400,4
816401,4
816402,4
816403,4
816404,4
816405,4
816406,4
816407,4
816408,4
816409,4
816410,4
816411,4
816412,4
816413,4
816414,4
816415,4
816416,4
816417,4
816418,1
816419,4
816420,1
816421,3
816422,4
816423,4
816424,4
816425,4
816426,4
816427,4
816428,4
816429,4
816430,4
816431,4
816432,4
816433,1
816434,4
816435,1
816436,4
816437,4
816438,1
816439,4
816440,4
816441,4
816442,4
816443,4
816444,4
816445,4
816446,4
816447,4
816448,4
816449,4
816450,4
816451,4
816452,4
816453,1
816454,1
816455,4
816456,4
816457,4
816458,4
816459,4
816460,4
816461,4
816462,4
816463,4
816464,4
816465,4
816466,4
816467,4
816468,4
816469,4
816470,4
816471,4
816472,1
816473,4
816474,4
816475,4
816476,4
816477,4
816478,4
816479,4
816480,4
816481,4
816482,4
816483,4
816484,4
816485,4
816486,4
816487,5
816488,4
816489,4
816490,4
816491,4
816492,5
816493,4
816494,4
816495,4
816496,4
816497,1
816498,4
816499,4
816500,4
816501,4
816502,4
816503,4
816504,5
816505,4
816506,5
816507,4
816508,4
816509,3
816510,4
816511,4
816512,4
816513,4
816514,4
816515,4
816516,1
816517,4
816518,4
816519,4
816520,4
816521,5
816522,4
816523,4
816524,4
816525,4
816526,4
816527,4
816528,4
816529,3
816530,4
816531,4
816532,4
816533,3
816534,4
816535,4
816536,4
816537,4
816538,4
816539,4
816540,4
816541,4
816542,4
816543,4
816544,4
816545,4
816546,4
816547,1
816548,4
816549,4
816550,4
816551,4
816552,4
816553,4
816554,1
816555,1
816556,4
816557,5
816558,4
816559,4
816560,4
816561,4
816562,4
816563,4
816564,4
816565,4
816566,4
816567,4
816568,4
816569,4
816570,4
816571,4
816572,4
816573,4
816574,4
816575,1
816576,4
816577,5
816578,4
816579,4
816580,4
816581,5
816582,4
816583,4
816584,4
816585,4
816586,1
816587,1
816588,4
816589,4
816590,4
816591,4
816592,4
816593,4
816594,4
816595,4
816596,4
816597,1
816598,4
816599,4
816600,4
816601,4
816602,4
816603,4
816604,4
816605,4
816606,4
816607,4
816608,4
816609,4
816610,4
816611,4
816612,4
816613,4
816614,1
816615,4
816616,4
816617,4
816618,1
816619,4
816620,4
816621,4
816622,4
816623,4
816624,4
816625,4
816626,4
816627,4
816628,4
816629,4
816630,4
816631,4
816632,1
816633,4
816634,4
816635,4
816636,4
816637,4
816638,4
816639,4
816640,5
816641,4
816642,4
816643,4
816644,4
816645,4
816646,4
816647,5
816648,4
816649,4
816650,4
816651,4
816652,1
816653,4
816654,4
816655,4
816656,4
816657,1
816658,4
816659,4
816660,4
816661,5
816662,4
816663,4
816664,4
816665,4
816666,4
816667,4
816668,1
816669,1
816670,4
816671,4
816672,4
816673,4
816674,4
816675,4
816676,4
816677,4
816678,5
816679,4
816680,4
816681,4
816682,4
816683,4
816684,4
816685,4
816686,4
816687,4
816688,4
816689,4
816690,4
816691,4
816692,4
816693,4
816694,4
816695,1
816696,4
816697,1
816698,4
816699,4
816700,4
816701,1
816702,4
816703,4
816704,1
816705,4
816706,4
816707,4
816708,4
816709,4
816710,4
816711,1
816712,4
816713,1
816714,4
816715,4
816716,4
816717,4
816718,5
816719,4
816720,5
816721,4
816722,4
816723,4
816724,4
816725,1
816726,4
816727,1
816728,4
816729,1
816730,4
816731,1
816732,4
816733,1
816734,4
816735,4
816736,4
816737,4
816738,4
816739,4
816740,4
816741,4
816742,4
816743,4
816744,4
816745,4
816746,4
816747,4
816748,4
816749,4
816750,4
816751,4
816752,4
816753,4
816754,4
816755,4
816756,4
816757,4
816758,5
816759,4
816760,4
816761,4
816762,4
816763,4
816764,4
816765,4
816766,4
816767,4
816768,4
816769,4
816770,4
816771,4
816772,4
816773,4
816774,1
816775,4
816776,1
816777,4
816778,1
816779,1
816780,1
816781,5
816782,4
816783,4
816784,4
816785,4
816786,4
816787,4
816788,4
816789,1
816790,1
816791,4
816792,4
816793,4
816794,4
816795,4
816796,4
816797,5
816798,4
816799,4
816800,4
816801,4
816802,4
816803,4
816804,4
816805,1
816806,4
816807,4
816808,4
816809,4
816810,4
816811,4
816812,1
816813,4
816814,4
816815,5
816816,4
816817,4
816818,5
816819,4
816820,4
816821,4
816822,4
816823,4
816824,4
816825,4
816826,4
816827,4
816828,4
816829,4
816830,4
816831,1
816832,4
816833,4
816834,4
816835,4
816836,1
816837,4
816838,4
816839,4
816840,4
816841,4
816842,4
816843,4
816844,4
816845,4
816846,4
816847,4
816848,4
816849,4
816850,4
816851,4
816852,4
816853,4
816854,4
816855,4
816856,4
816857,4
816858,4
816859,4
816860,5
816861,4
816862,4
816863,4
816864,4
816865,4
816866,1
816867,4
816868,4
816869,4
816870,4
816871,4
816872,1
816873,4
816874,4
816875,4
816876,4
816877,4
816878,4
816879,4
816880,4
816881,4
816882,4
816883,1
816884,4
816885,4
816886,4
816887,1
816888,4
816889,4
816890,4
816891,4
816892,4
816893,4
816894,4
816895,4
816896,4
816897,4
816898,4
816899,4
816900,1
816901,4
816902,5
816903,5
816904,5
816905,5
816906,4
816907,4
816908,4
816909,4
816910,4
816911,4
816912,1
816913,5
816914,5
816915,4
816916,4
816917,4
816918,4
816919,4
816920,4
816921,4
816922,4
816923,3
816924,4
816925,4
816926,4
816927,4
816928,4
816929,4
816930,4
816931,4
816932,4
816933,4
816934,4
816935,4
816936,4
816937,4
816938,4
816939,4
816940,4
816941,4
816942,4
816943,4
816944,4
816945,4
816946,4
816947,4
816948,4
816949,4
816950,4
816951,4
816952,4
816953,4
816954,4
816955,4
816956,4
816957,4
816958,4
816959,4
816960,4
816961,4
816962,4
816963,4
816964,4
816965,4
816966,4
816967,4
816968,4
816969,4
816970,4
816971,4
816972,4
816973,1
816974,1
816975,1
816976,4
816977,5
816978,4
816979,4
816980,5
816981,4
816982,4
816983,1
816984,4
816985,4
816986,4
816987,4
816988,4
816989,4
816990,4
816991,1
816992,1
816993,4
816994,4
816995,4
816996,4
816997,4
816998,4
816999,4
817000,4
817001,1
817002,4
817003,1
817004,4
817005,4
817006,4
817007,1
817008,4
817009,1
817010,1
817011,1
817012,1
817013,4
817014,4
817015,4
817016,4
817017,1
817018,4
817019,4
817020,4
817021,4
817022,4
817023,4
817024,4
817025,4
817026,4
817027,4
817028,4
817029,4
817030,4
817031,4
817032,4
817033,4
817034,4
817035,4
817036,1
817037,5
817038,1
817039,4
817040,4
817041,4
817042,4
817043,4
817044,4
817045,5
817046,4
817047,4
817048,5
817049,4
817050,4
817051,1
817052,4
817053,5
817054,4
817055,4
817056,5
817057,4
817058,5
817059,5
817060,4
817061,4
817062,4
817063,4
817064,4
817065,4
817066,4
817067,4
817068,4
817069,4
817070,4
817071,4
817072,4
817073,1
817074,4
817075,4
817076,4
817077,4
817078,4
817079,5
817080,4
817081,4
817082,4
817083,1
817084,4
817085,4
817086,4
817087,4
817088,4
817089,4
817090,4
817091,4
817092,4
817093,5
817094,4
817095,4
817096,4
817097,4
817098,4
817099,4
817100,4
817101,4
817102,4
817103,5
817104,1
817105,4
817106,4
817107,4
817108,4
817109,4
817110,4
817111,4
817112,4
817113,4
817114,4
817115,4
817116,4
817117,5
817118,4
817119,4
817120,1
817121,5
817122,4
817123,4
817124,4
817125,3
817126,3
817127,5
817128,4
817129,4
817130,3
817131,3
817132,4
817133,4
817134,3
817135,4
817136,4
817137,4
817138,4
817139,4
817140,4
817141,4
817142,5
817143,5
817144,4
817145,4
817146,4
817147,5
817148,3
817149,1
817150,4
817151,4
817152,4
817153,4
817154,5
817155,4
817156,4
817157,3
817158,4
817159,4
817160,4
817161,4
817162,5
817163,4
817164,4
817165,5
817166,4
817167,4
817168,4
817169,4
817170,4
817171,4
817172,4
817173,4
817174,5
817175,4
817176,4
817177,4
817178,4
817179,4
817180,1
817181,4
817182,4
817183,4
817184,1
817185,4
817186,4
817187,4
817188,4
817189,1
817190,4
817191,4
817192,4
817193,4
817194,4
817195,4
817196,4
817197,4
817198,4
817199,4
817200,4
817201,4
817202,4
817203,5
817204,4
817205,4
817206,4
817207,5
817208,4
817209,4
817210,4
817211,4
817212,4
817213,4
817214,4
817215,4
817216,4
817217,4
817218,4
817219,4
817220,4
817221,4
817222,4
817223,4
817224,4
817225,4
817226,4
817227,4
817228,4
817229,4
817230,4
817231,4
817232,1
817233,4
817234,4
817235,1
817236,4
817237,4
817238,4
817239,1
817240,4
817241,4
817242,4
817243,4
817244,4
817245,4
817246,4
817247,4
817248,4
817249,4
817250,4
817251,1
817252,1
817253,4
817254,4
817255,4
817256,4
817257,1
817258,4
817259,4
817260,4
817261,4
817262,4
817263,1
817264,1
817265,5
817266,4
817267,1
817268,5
817269,4
817270,4
817271,4
817272,4
817273,4
817274,4
817275,4
817276,4
817277,1
817278,4
817279,4
817280,1
817281,4
817282,4
817283,4
817284,4
817285,4
817286,4
817287,4
817288,4
817289,1
817290,5
817291,4
817292,4
817293,4
817294,4
817295,4
817296,4
817297,4
817298,4
817299,4
817300,3
817301,4
817302,5
817303,4
817304,4
817305,4
817306,4
817307,4
817308,4
817309,4
817310,1
817311,4
817312,3
817313,4
817314,4
817315,4
817316,1
817317,4
817318,4
817319,4
817320,4
817321,4
817322,4
817323,4
817324,1
817325,4
817326,4
817327,4
817328,3
817329,4
817330,4
817331,4
817332,1
817333,1
817334,4
817335,4
817336,1
817337,4
817338,4
817339,4
817340,3
817341,4
817342,4
817343,4
817344,1
817345,1
817346,4
817347,4
817348,4
817349,3
817350,4
817351,4
817352,4
817353,4
817354,4
817355,1
817356,4
817357,4
817358,4
817359,4
817360,4
817361,4
817362,4
817363,3
817364,4
817365,4
817366,4
817367,4
817368,4
817369,4
817370,4
817371,4
817372,4
817373,4
817374,4
817375,4
817376,4
817377,4
817378,4
817379,4
817380,4
817381,4
817382,4
817383,4
817384,4
817385,4
817386,4
817387,4
817388,4
817389,1
817390,4
817391,4
817392,4
817393,4
817394,4
817395,4
817396,4
817397,4
817398,4
817399,4
817400,4
817401,4
817402,1
817403,1
817404,4
817405,4
817406,5
817407,4
817408,5
817409,4
817410,4
817411,1
817412,4
817413,4
817414,4
817415,4
817416,4
817417,1
817418,4
817419,1
817420,4
817421,4
817422,4
817423,4
817424,4
817425,5
817426,4
817427,4
817428,4
817429,4
817430,4
817431,3
817432,4
817433,4
817434,4
817435,4
817436,4
817437,4
817438,4
817439,4
817440,4
817441,4
817442,4
817443,4
817444,4
817445,4
817446,4
817447,3
817448,4
817449,4
817450,4
817451,4
817452,4
817453,4
817454,4
817455,4
817456,4
817457,1
817458,4
817459,4
817460,4
817461,4
817462,4
817463,4
817464,4
817465,4
817466,4
817467,5
817468,4
817469,4
817470,4
817471,4
817472,4
817473,4
817474,4
817475,1
817476,4
817477,4
817478,4
817479,4
817480,4
817481,4
817482,4
817483,4
817484,5
817485,4
817486,4
817487,4
817488,4
817489,4
817490,4
817491,4
817492,4
817493,4
817494,4
817495,4
817496,4
817497,4
817498,4
817499,4
817500,5
817501,1
817502,5
817503,4
817504,4
817505,4
817506,4
817507,1
817508,4
817509,4
817510,4
817511,4
817512,4
817513,4
817514,4
817515,4
817516,5
817517,4
817518,1
817519,4
817520,4
817521,4
817522,4
817523,1
817524,4
817525,4
817526,4
817527,4
817528,5
817529,5
817530,4
817531,4
817532,4
817533,1
817534,1
817535,4
817536,5
817537,5
817538,4
817539,4
817540,4
817541,1
817542,4
817543,4
817544,4
817545,4
817546,4
817547,1
817548,4
817549,1
817550,4
817551,4
817552,4
817553,4
817554,4
817555,4
817556,1
817557,1
817558,4
817559,4
817560,4
817561,4
817562,4
817563,4
817564,1
817565,4
817566,1
817567,4
817568,1
817569,4
817570,4
817571,4
817572,1
817573,4
817574,4
817575,4
817576,4
817577,4
817578,4
817579,4
817580,4
817581,5
817582,4
817583,4
817584,1
817585,4
817586,4
817587,4
817588,4
817589,4
817590,4
817591,5
817592,4
817593,4
817594,4
817595,4
817596,4
817597,4
817598,4
817599,5
817600,4
817601,4
817602,4
817603,4
817604,4
817605,4
817606,4
817607,4
817608,4
817609,4
817610,4
817611,5
817612,4
817613,4
817614,4
817615,4
817616,1
817617,4
817618,5
817619,1
817620,4
817621,4
817622,1
817623,5
817624,4
817625,4
817626,1
817627,4
817628,4
817629,4
817630,4
817631,4
817632,4
817633,4
817634,4
817635,5
817636,1
817637,4
817638,5
817639,4
817640,4
817641,4
817642,4
817643,4
817644,4
817645,5
817646,4
817647,4
817648,4
817649,1
817650,4
817651,5
817652,4
817653,1
817654,4
817655,4
817656,1
817657,4
817658,5
817659,4
817660,4
817661,4
817662,4
817663,1
817664,4
817665,4
817666,4
817667,4
817668,4
817669,4
817670,4
817671,4
817672,4
817673,4
817674,5
817675,4
817676,4
817677,4
817678,4
817679,4
817680,4
817681,4
817682,4
817683,5
817684,4
817685,4
817686,4
817687,4
817688,1
817689,4
817690,5
817691,4
817692,4
817693,4
817694,4
817695,4
817696,4
817697,4
817698,4
817699,1
817700,4
817701,4
817702,4
817703,4
817704,4
817705,1
817706,4
817707,5
817708,5
817709,4
817710,4
817711,4
817712,4
817713,4
817714,5
817715,4
817716,4
817717,4
817718,4
817719,4
817720,4
817721,4
817722,4
817723,4
817724,4
817725,4
817726,1
817727,1
817728,5
817729,5
817730,4
817731,4
817732,1
817733,4
817734,4
817735,4
817736,4
817737,4
817738,4
817739,4
817740,4
817741,4
817742,4
817743,4
817744,4
817745,4
817746,4
817747,4
817748,4
817749,4
817750,4
817751,1
817752,4
817753,4
817754,1
817755,4
817756,4
817757,4
817758,4
817759,4
817760,4
817761,4
817762,4
817763,4
817764,4
817765,4
817766,4
817767,4
817768,1
817769,4
817770,4
817771,4
817772,4
817773,4
817774,3
817775,4
817776,4
817777,4
817778,4
817779,4
817780,1
817781,4
817782,5
817783,4
817784,4
817785,4
817786,4
817787,1
817788,4
817789,1
817790,4
817791,4
817792,4
817793,4
817794,4
817795,4
817796,4
817797,4
817798,4
817799,5
817800,4
817801,4
817802,4
817803,4
817804,4
817805,4
817806,4
817807,1
817808,4
817809,4
817810,4
817811,4
817812,4
817813,1
817814,4
817815,1
817816,4
817817,4
817818,4
817819,4
817820,4
817821,4
817822,4
817823,3
817824,4
817825,4
817826,1
817827,4
817828,4
817829,4
817830,4
817831,4
817832,4
817833,4
817834,4
817835,4
817836,4
817837,4
817838,4
817839,4
817840,4
817841,4
817842,4
817843,4
817844,3
817845,4
817846,4
817847,4
817848,4
817849,4
817850,4
817851,4
817852,4
817853,4
817854,4
817855,4
817856,4
817857,4
817858,5
817859,4
817860,4
817861,4
817862,4
817863,4
817864,4
817865,4
817866,4
817867,4
817868,4
817869,4
817870,4
817871,4
817872,1
817873,1
817874,4
817875,4
817876,1
817877,4
817878,5
817879,1
817880,4
817881,4
817882,1
817883,4
817884,4
817885,1
817886,4
817887,1
817888,4
817889,4
817890,4
817891,4
817892,4
817893,4
817894,4
817895,4
817896,4
817897,4
817898,4
817899,4
817900,4
817901,4
817902,1
817903,4
817904,4
817905,4
817906,4
817907,4
817908,4
817909,4
817910,1
817911,4
817912,4
817913,4
817914,4
817915,4
817916,4
817917,4
817918,4
817919,4
817920,1
817921,5
817922,4
817923,4
817924,1
817925,5
817926,4
817927,4
817928,4
817929,1
817930,4
817931,4
817932,4
817933,4
817934,4
817935,4
817936,3
817937,4
817938,4
817939,4
817940,4
817941,4
817942,4
817943,4
817944,4
817945,4
817946,4
817947,4
817948,4
817949,4
817950,4
817951,4
817952,4
817953,5
817954,4
817955,4
817956,4
817957,5
817958,4
817959,4
817960,4
817961,4
817962,4
817963,4
817964,4
817965,4
817966,4
817967,1
817968,4
817969,4
817970,4
817971,4
817972,4
817973,4
817974,4
817975,1
817976,4
817977,4
817978,1
817979,4
817980,4
817981,4
817982,4
817983,4
817984,4
817985,4
817986,4
817987,4
817988,1
817989,4
817990,4
817991,4
817992,4
817993,4
817994,4
817995,4
817996,4
817997,4
817998,4
817999,4
818000,4
818001,4
818002,4
818003,4
818004,4
818005,4
818006,4
818007,4
818008,4
818009,4
818010,4
818011,4
818012,4
818013,4
818014,4
818015,4
818016,4
818017,4
818018,4
818019,4
818020,4
818021,4
818022,4
818023,4
818024,4
818025,4
818026,4
818027,4
818028,4
818029,4
818030,4
818031,4
818032,4
818033,4
818034,4
818035,4
818036,4
818037,4
818038,4
818039,4
818040,4
818041,4
818042,4
818043,4
818044,4
818045,4
818046,5
818047,1
818048,4
818049,4
818050,4
818051,4
818052,4
818053,4
818054,4
818055,4
818056,5
818057,4
818058,4
818059,4
818060,4
818061,4
818062,4
818063,4
818064,4
818065,4
818066,4
818067,4
818068,4
818069,4
818070,4
818071,4
818072,4
818073,4
818074,1
818075,1
818076,4
818077,4
818078,1
818079,1
818080,4
818081,1
818082,4
818083,4
818084,4
818085,4
818086,4
818087,4
818088,1
818089,4
818090,4
818091,4
818092,4
818093,4
818094,5
818095,4
818096,4
818097,4
818098,4
818099,4
818100,4
818101,4
818102,4
818103,4
818104,5
818105,4
818106,4
818107,4
818108,4
818109,4
818110,4
818111,4
818112,5
818113,4
818114,4
818115,4
818116,5
818117,1
818118,1
818119,4
818120,4
818121,4
818122,4
818123,4
818124,4
818125,4
818126,4
818127,4
818128,1
818129,4
818130,4
818131,4
818132,4
818133,4
818134,4
818135,4
818136,4
818137,4
818138,4
818139,4
818140,4
818141,4
818142,4
818143,4
818144,4
818145,4
818146,4
818147,1
818148,4
818149,4
818150,4
818151,4
818152,4
818153,4
818154,4
818155,4
818156,1
818157,3
818158,4
818159,4
818160,4
818161,4
818162,4
818163,4
818164,4
818165,4
818166,4
818167,4
818168,4
818169,4
818170,4
818171,4
818172,4
818173,4
818174,4
818175,4
818176,4
818177,4
818178,1
818179,4
818180,4
818181,1
818182,4
818183,4
818184,4
818185,4
818186,4
818187,1
818188,4
818189,4
818190,4
818191,1
818192,1
818193,4
818194,4
818195,4
818196,4
818197,4
818198,4
818199,4
818200,4
818201,4
818202,1
818203,1
818204,5
818205,4
818206,1
818207,4
818208,4
818209,4
818210,4
818211,4
818212,5
818213,4
818214,4
818215,4
818216,4
818217,4
818218,4
818219,4
818220,1
818221,4
818222,4
818223,4
818224,4
818225,1
818226,4
818227,4
818228,4
818229,4
818230,4
818231,4
818232,1
818233,4
818234,4
818235,4
818236,4
818237,4
818238,4
818239,4
818240,1
818241,4
818242,4
818243,4
818244,4
818245,4
818246,4
818247,4
818248,4
818249,4
818250,4
818251,4
818252,4
818253,1
818254,4
818255,4
818256,4
818257,4
818258,1
818259,4
818260,4
818261,4
818262,4
818263,4
818264,4
818265,1
818266,4
818267,5
818268,4
818269,5
818270,4
818271,4
818272,5
818273,4
818274,4
818275,4
818276,4
818277,4
818278,4
818279,4
818280,4
818281,1
818282,4
818283,4
818284,4
818285,4
818286,4
818287,4
818288,4
818289,4
818290,4
818291,4
818292,4
818293,4
818294,1
818295,4
818296,4
818297,4
818298,4
818299,4
818300,4
818301,4
818302,1
818303,4
818304,1
818305,4
818306,1
818307,4
818308,4
818309,4
818310,1
818311,4
818312,4
818313,4
818314,4
818315,4
818316,4
818317,4
818318,4
818319,4
818320,4
818321,4
818322,4
818323,4
818324,5
818325,3
818326,4
818327,4
818328,1
818329,4
818330,4
818331,4
818332,4
818333,4
818334,4
818335,4
818336,5
818337,4
818338,4
818339,5
818340,1
818341,4
818342,5
818343,4
818344,4
818345,4
818346,4
818347,3
818348,4
818349,4
818350,4
818351,4
818352,4
818353,4
818354,4
818355,4
818356,4
818357,4
818358,1
818359,4
818360,1
818361,4
818362,4
818363,4
818364,4
818365,4
818366,4
818367,4
818368,4
818369,4
818370,1
818371,4
818372,4
818373,4
818374,4
818375,4
818376,4
818377,4
818378,4
818379,4
818380,4
818381,4
818382,4
818383,4
818384,4
818385,4
818386,4
818387,4
818388,4
818389,4
818390,1
818391,4
818392,4
818393,4
818394,4
818395,4
818396,1
818397,4
818398,4
818399,4
818400,4
818401,1
818402,4
818403,4
818404,4
818405,4
818406,4
818407,1
818408,4
818409,4
818410,1
818411,4
818412,4
818413,4
818414,4
818415,4
818416,4
818417,4
818418,4
818419,4
818420,1
818421,4
818422,1
818423,4
818424,4
818425,1
818426,4
818427,5
818428,4
818429,4
818430,4
818431,4
818432,4
818433,4
818434,4
818435,4
818436,4
818437,4
818438,4
818439,4
818440,4
818441,4
818442,4
818443,4
818444,4
818445,4
818446,4
818447,4
818448,4
818449,4
818450,5
818451,4
818452,4
818453,5
818454,4
818455,4
818456,4
818457,4
818458,4
818459,4
818460,4
818461,4
818462,4
818463,1
818464,4
818465,1
818466,1
818467,4
818468,3
818469,1
818470,4
818471,5
818472,1
818473,3
818474,4
818475,4
818476,4
818477,4
818478,1
818479,4
818480,4
818481,4
818482,4
818483,4
818484,4
818485,4
818486,4
818487,4
818488,1
818489,5
818490,4
818491,4
818492,4
818493,4
818494,4
818495,4
818496,4
818497,4
818498,4
818499,4
818500,4
818501,4
818502,4
818503,4
818504,4
818505,5
818506,4
818507,5
818508,4
818509,4
818510,5
818511,4
818512,4
818513,4
818514,4
818515,4
818516,5
818517,4
818518,4
818519,4
818520,4
818521,4
818522,4
818523,4
818524,4
818525,4
818526,4
818527,4
818528,5
818529,4
818530,4
818531,4
818532,4
818533,1
818534,4
818535,4
818536,4
818537,4
818538,4
818539,1
818540,4
818541,4
818542,1
818543,4
818544,4
818545,4
818546,1
818547,4
818548,5
818549,4
818550,4
818551,5
818552,4
818553,4
818554,4
818555,4
818556,4
818557,4
818558,4
818559,4
818560,4
818561,4
818562,4
818563,4
818564,4
818565,1
818566,4
818567,4
818568,4
818569,4
818570,4
818571,4
818572,4
818573,1
818574,5
818575,4
818576,4
818577,1
818578,4
818579,4
818580,5
818581,4
818582,5
818583,4
818584,4
818585,4
818586,4
818587,1
818588,4
818589,4
818590,1
818591,5
818592,5
818593,4
818594,4
818595,4
818596,1
818597,4
818598,4
818599,5
818600,1
818601,4
818602,4
818603,4
818604,1
818605,4
818606,4
818607,3
818608,4
818609,3
818610,3
818611,4
818612,3
818613,3
818614,4
818615,3
818616,3
818617,4
818618,3
818619,4
818620,3
818621,3
818622,4
818623,3
818624,3
818625,3
818626,4
818627,1
818628,3
818629,3
818630,3
818631,3
818632,3
818633,1
818634,3
818635,3
818636,3
818637,3
818638,4
818639,4
818640,4
818641,3
818642,1
818643,3
818644,3
818645,4
818646,4
818647,1
818648,3
818649,3
818650,1
818651,4
818652,3
818653,3
818654,4
818655,1
818656,3
818657,3
818658,3
818659,3
818660,3
818661,3
818662,3
818663,3
818664,3
818665,3
818666,3
818667,3
818668,3
818669,5
818670,4
818671,4
818672,3
818673,3
818674,3
818675,1
818676,3
818677,4
818678,3
818679,3
818680,3
818681,3
818682,3
818683,3
818684,3
818685,4
818686,4
818687,3
818688,3
818689,3
818690,3
818691,4
818692,3
818693,4
818694,3
818695,3
818696,3
818697,4
818698,3
818699,3
818700,3
818701,3
818702,3
818703,3
818704,3
818705,4
818706,4
818707,3
818708,3
818709,3
818710,4
818711,4
818712,1
818713,1
818714,3
818715,3
818716,3
818717,3
818718,1
818719,4
818720,3
818721,5
818722,3
818723,3
818724,1
818725,3
818726,4
818727,1
818728,1
818729,3
818730,3
818731,4
818732,3
818733,3
818734,4
818735,3
818736,3
818737,3
818738,3
818739,3
818740,4
818741,4
818742,4
818743,4
818744,5
818745,4
818746,4
818747,4
818748,5
818749,4
818750,4
818751,4
818752,4
818753,4
818754,5
818755,4
818756,4
818757,1
818758,4
818759,4
818760,4
818761,4
818762,3
818763,3
818764,1
818765,5
818766,4
818767,4
818768,4
818769,4
818770,4
818771,1
818772,4
818773,4
818774,4
818775,4
818776,4
818777,4
818778,4
818779,4
818780,4
818781,5
818782,5
818783,5
818784,5
818785,5
818786,4
818787,5
818788,3
818789,3
818790,3
818791,4
818792,4
818793,4
818794,4
818795,4
818796,4
818797,1
818798,4
818799,4
818800,1
818801,4
818802,4
818803,1
818804,3
818805,4
818806,1
818807,4
818808,4
818809,4
818810,4
818811,4
818812,4
818813,4
818814,4
818815,1
818816,4
818817,4
818818,1
818819,4
818820,4
818821,4
818822,4
818823,4
818824,4
818825,4
818826,1
818827,4
818828,4
818829,4
818830,1
818831,4
818832,4
818833,4
818834,4
818835,4
818836,1
818837,1
818838,4
818839,4
818840,4
818841,4
818842,4
818843,4
818844,4
818845,4
818846,4
818847,4
818848,4
818849,4
818850,5
818851,4
818852,4
818853,4
818854,4
818855,4
818856,4
818857,4
818858,4
818859,4
818860,4
818861,4
818862,4
818863,4
818864,4
818865,4
818866,4
818867,4
818868,4
818869,4
818870,4
818871,4
818872,4
818873,4
818874,4
818875,4
818876,5
818877,4
818878,4
818879,4
818880,4
818881,4
818882,4
818883,4
818884,5
818885,4
818886,4
818887,4
818888,4
818889,1
818890,4
818891,4
818892,4
818893,4
818894,5
818895,4
818896,4
818897,4
818898,4
818899,4
818900,1
818901,4
818902,4
818903,5
818904,4
818905,4
818906,4
818907,1
818908,4
818909,4
818910,5
818911,4
818912,4
818913,4
818914,4
818915,1
818916,4
818917,1
818918,4
818919,4
818920,4
818921,4
818922,5
818923,4
818924,4
818925,4
818926,4
818927,4
818928,4
818929,4
818930,5
818931,4
818932,4
818933,4
818934,4
818935,4
818936,1
818937,1
818938,5
818939,4
818940,4
818941,4
818942,1
818943,4
818944,5
818945,4
818946,4
818947,4
818948,1
818949,4
818950,4
818951,1
818952,4
818953,4
818954,4
818955,4
818956,4
818957,4
818958,4
818959,4
818960,4
818961,4
818962,4
818963,5
818964,4
818965,4
818966,4
818967,4
818968,5
818969,4
818970,4
818971,4
818972,4
818973,4
818974,1
818975,4
818976,4
818977,4
818978,5
818979,1
818980,4
818981,4
818982,4
818983,4
818984,4
818985,3
818986,4
818987,4
818988,5
818989,4
818990,4
818991,4
818992,4
818993,4
818994,1
818995,1
818996,4
818997,5
818998,1
818999,4
819000,4
819001,1
819002,1
819003,1
819004,5
819005,1
819006,4
819007,4
819008,4
819009,4
819010,4
819011,4
819012,4
819013,4
819014,4
819015,4
819016,4
819017,4
819018,4
819019,4
819020,5
819021,4
819022,4
819023,4
819024,4
819025,4
819026,4
819027,4
819028,4
819029,4
819030,4
819031,4
819032,4
819033,4
819034,4
819035,4
819036,4
819037,4
819038,4
819039,1
819040,4
819041,4
819042,4
819043,4
819044,4
819045,4
819046,4
819047,4
819048,1
819049,4
819050,4
819051,4
819052,4
819053,4
819054,4
819055,4
819056,4
819057,4
819058,4
819059,4
819060,4
819061,1
819062,5
819063,5
819064,4
819065,4
819066,5
819067,4
819068,4
819069,4
819070,5
819071,4
819072,4
819073,4
819074,4
819075,3
819076,3
819077,4
819078,1
819079,4
819080,1
819081,4
819082,4
819083,5
819084,4
819085,4
819086,4
819087,4
819088,1
819089,4
819090,1
819091,4
819092,4
819093,1
819094,4
819095,1
819096,4
819097,4
819098,4
819099,4
819100,4
819101,4
819102,4
819103,4
819104,1
819105,4
819106,4
819107,1
819108,4
819109,4
819110,4
819111,4
819112,4
819113,4
819114,4
819115,4
819116,4
819117,4
819118,4
819119,3
819120,4
819121,4
819122,4
819123,4
819124,1
819125,4
819126,4
819127,1
819128,4
819129,4
819130,5
819131,4
819132,4
819133,4
819134,4
819135,4
819136,3
819137,1
819138,4
819139,4
819140,4
819141,4
819142,4
819143,4
819144,5
819145,4
819146,4
819147,4
819148,4
819149,4
819150,1
819151,4
819152,1
819153,4
819154,1
819155,4
819156,4
819157,3
819158,1
819159,4
819160,4
819161,4
819162,1
819163,4
819164,4
819165,4
819166,4
819167,4
819168,4
819169,4
819170,4
819171,4
819172,4
819173,4
819174,4
819175,4
819176,4
819177,3
819178,4
819179,4
819180,4
819181,4
819182,4
819183,4
819184,4
819185,4
819186,4
819187,5
819188,4
819189,4
819190,1
819191,4
819192,4
819193,1
819194,4
819195,1
819196,4
819197,4
819198,4
819199,5
819200,4
819201,4
819202,4
819203,4
819204,5
819205,4
819206,4
819207,5
819208,4
819209,4
819210,4
819211,4
819212,4
819213,1
819214,4
819215,4
819216,4
819217,4
819218,4
819219,1
819220,4
819221,3
819222,4
819223,4
819224,4
819225,5
819226,1
819227,4
819228,4
819229,4
819230,4
819231,4
819232,4
819233,4
819234,4
819235,4
819236,3
819237,4
819238,4
819239,4
819240,4
819241,4
819242,1
819243,4
819244,3
819245,4
819246,4
819247,4
819248,4
819249,4
819250,1
819251,4
819252,4
819253,4
819254,4
819255,5
819256,5
819257,4
819258,4
819259,5
819260,1
819261,5
819262,4
819263,4
819264,4
819265,4
819266,4
819267,4
819268,4
819269,4
819270,1
819271,4
819272,4
819273,4
819274,4
819275,4
819276,4
819277,4
819278,4
819279,4
819280,4
819281,4
819282,4
819283,1
819284,4
819285,4
819286,4
819287,4
819288,4
819289,4
819290,1
819291,5
819292,4
819293,4
819294,4
819295,4
819296,4
819297,4
819298,4
819299,4
819300,4
819301,4
819302,4
819303,4
819304,4
819305,4
819306,4
819307,4
819308,4
819309,4
819310,4
819311,1
819312,4
819313,1
819314,4
819315,4
819316,4
819317,4
819318,4
819319,4
819320,4
819321,1
819322,5
819323,4
819324,4
819325,4
819326,4
819327,4
819328,4
819329,4
819330,4
819331,4
819332,4
819333,4
819334,4
819335,4
819336,4
819337,4
819338,4
819339,4
819340,4
819341,4
819342,4
819343,4
819344,4
819345,4
819346,4
819347,4
819348,4
819349,1
819350,4
819351,1
819352,4
819353,4
819354,1
819355,4
819356,1
819357,4
819358,4
819359,4
819360,4
819361,4
819362,4
819363,4
819364,4
819365,4
819366,5
819367,4
819368,4
819369,4
819370,4
819371,4
819372,5
819373,4
819374,4
819375,4
819376,4
819377,4
819378,4
819379,4
819380,4
819381,4
819382,4
819383,5
819384,4
819385,4
819386,4
819387,1
819388,4
819389,1
819390,4
819391,5
819392,4
819393,4
819394,4
819395,4
819396,1
819397,1
819398,5
819399,4
819400,4
819401,4
819402,4
819403,4
819404,4
819405,4
819406,4
819407,4
819408,4
819409,4
819410,4
819411,4
819412,4
819413,4
819414,4
819415,4
819416,1
819417,4
819418,4
819419,4
819420,4
819421,4
819422,4
819423,4
819424,4
819425,4
819426,5
819427,4
819428,4
819429,4
819430,1
819431,4
819432,4
819433,4
819434,4
819435,5
819436,4
819437,1
819438,4
819439,4
819440,4
819441,4
819442,4
819443,4
819444,4
819445,4
819446,4
819447,4
819448,4
819449,4
819450,4
819451,4
819452,4
819453,4
819454,4
819455,4
819456,4
819457,4
819458,4
819459,4
819460,4
819461,4
819462,4
819463,1
819464,4
819465,5
819466,4
819467,4
819468,4
819469,4
819470,5
819471,4
819472,4
819473,4
819474,1
819475,4
819476,4
819477,5
819478,4
819479,4
819480,4
819481,4
819482,4
819483,4
819484,4
819485,1
819486,4
819487,4
819488,4
819489,4
819490,4
819491,4
819492,1
819493,5
819494,4
819495,4
819496,4
819497,4
819498,4
819499,1
819500,4
819501,4
819502,4
819503,4
819504,4
819505,4
819506,4
819507,4
819508,4
819509,4
819510,4
819511,1
819512,4
819513,1
819514,4
819515,4
819516,4
819517,4
819518,4
819519,4
819520,4
819521,4
819522,4
819523,4
819524,4
819525,4
819526,4
819527,5
819528,4
819529,4
819530,4
819531,4
819532,4
819533,4
819534,4
819535,4
819536,5
819537,4
819538,4
819539,4
819540,4
819541,4
819542,4
819543,4
819544,4
819545,4
819546,4
819547,4
819548,4
819549,4
819550,4
819551,4
819552,4
819553,4
819554,4
819555,4
819556,5
819557,4
819558,4
819559,4
819560,4
819561,4
819562,4
819563,4
819564,4
819565,4
819566,4
819567,4
819568,4
819569,4
819570,4
819571,4
819572,4
819573,4
819574,4
819575,4
819576,4
819577,5
819578,4
819579,4
819580,5
819581,4
819582,4
819583,4
819584,4
819585,4
819586,4
819587,5
819588,4
819589,4
819590,5
819591,5
819592,4
819593,4
819594,4
819595,5
819596,4
819597,3
819598,1
819599,4
819600,1
819601,1
819602,1
819603,4
819604,4
819605,4
819606,4
819607,4
819608,4
819609,4
819610,4
819611,1
819612,1
819613,4
819614,4
819615,4
819616,4
819617,5
819618,4
819619,4
819620,4
819621,4
819622,4
819623,1
819624,4
819625,4
819626,4
819627,4
819628,4
819629,1
819630,1
819631,4
819632,1
819633,4
819634,4
819635,4
819636,4
819637,1
819638,4
819639,4
819640,4
819641,4
819642,4
819643,1
819644,4
819645,4
819646,1
819647,5
819648,4
819649,4
819650,4
819651,1
819652,4
819653,4
819654,4
819655,4
819656,4
819657,4
819658,4
819659,1
819660,4
819661,5
819662,4
819663,4
819664,4
819665,4
819666,4
819667,4
819668,1
819669,4
819670,5
819671,1
819672,4
819673,4
819674,4
819675,4
819676,4
819677,4
819678,4
819679,4
819680,4
819681,4
819682,4
819683,5
819684,1
819685,4
819686,4
819687,4
819688,1
819689,4
819690,4
819691,4
819692,4
819693,4
819694,4
819695,4
819696,4
819697,4
819698,1
819699,4
819700,4
819701,4
819702,4
819703,4
819704,1
819705,4
819706,4
819707,1
819708,4
819709,4
819710,4
819711,4
819712,4
819713,4
819714,4
819715,4
819716,4
819717,1
819718,4
819719,1
819720,4
819721,4
819722,1
819723,4
819724,5
819725,4
819726,4
819727,1
819728,4
819729,4
819730,4
819731,4
819732,1
819733,4
819734,4
819735,4
819736,4
819737,4
819738,4
819739,4
819740,4
819741,4
819742,4
819743,4
819744,4
819745,4
819746,4
819747,4
819748,4
819749,5
819750,4
819751,4
819752,4
819753,4
819754,4
819755,4
819756,4
819757,4
819758,4
819759,4
819760,4
819761,5
819762,4
819763,4
819764,4
819765,4
819766,4
819767,4
819768,4
819769,4
819770,4
819771,4
819772,1
819773,4
819774,4
819775,4
819776,4
819777,4
819778,4
819779,4
819780,4
819781,4
819782,4
819783,4
819784,4
819785,5
819786,4
819787,4
819788,4
819789,4
819790,4
819791,4
819792,4
819793,4
819794,4
819795,4
819796,4
819797,4
819798,3
819799,1
819800,4
819801,3
819802,1
819803,1
819804,1
819805,4
819806,4
819807,4
819808,4
819809,4
819810,3
819811,3
819812,3
819813,3
819814,4
819815,4
819816,4
819817,4
819818,3
819819,4
819820,4
819821,1
819822,4
819823,3
819824,4
819825,4
819826,3
819827,1
819828,4
819829,1
819830,4
819831,4
819832,4
819833,4
819834,1
819835,4
819836,4
819837,4
819838,4
819839,4
819840,3
819841,3
819842,4
819843,4
819844,4
819845,4
819846,4
819847,4
819848,4
819849,1
819850,4
819851,4
819852,4
819853,4
819854,4
819855,1
819856,4
819857,4
819858,4
819859,4
819860,1
819861,1
819862,4
819863,4
819864,4
819865,4
819866,4
819867,4
819868,4
819869,1
819870,4
819871,4
819872,4
819873,4
819874,1
819875,1
819876,5
819877,4
819878,4
819879,4
819880,4
819881,4
819882,4
819883,4
819884,4
819885,1
819886,4
819887,4
819888,4
819889,4
819890,4
819891,4
819892,4
819893,1
819894,4
819895,4
819896,4
819897,4
819898,1
819899,4
819900,4
819901,4
819902,4
819903,4
819904,4
819905,4
819906,4
819907,4
819908,4
819909,4
819910,4
819911,1
819912,4
819913,4
819914,4
819915,4
819916,4
819917,4
819918,4
819919,1
819920,4
819921,1
819922,4
819923,3
819924,1
819925,3
819926,4
819927,3
819928,1
819929,1
819930,4
819931,3
819932,3
819933,5
819934,4
819935,4
819936,5
819937,4
819938,4
819939,4
819940,5
819941,5
819942,4
819943,4
819944,4
819945,4
819946,4
819947,4
819948,4
819949,4
819950,4
819951,4
819952,4
819953,4
819954,4
819955,1
819956,1
819957,4
819958,4
819959,4
819960,4
819961,4
819962,4
819963,4
819964,4
819965,4
819966,4
819967,4
819968,4
819969,4
819970,4
819971,5
819972,5
819973,4
819974,4
819975,4
819976,4
819977,4
819978,4
819979,1
819980,4
819981,4
819982,4
819983,4
819984,4
819985,4
819986,4
819987,4
819988,4
819989,4
819990,4
819991,5
819992,1
819993,4
819994,1
819995,4
819996,5
819997,4
819998,4
819999,1
820000,4
820001,1
820002,4
820003,4
820004,4
820005,4
820006,4
820007,4
820008,4
820009,4
820010,4
820011,4
820012,4
820013,4
820014,4
820015,4
820016,4
820017,4
820018,5
820019,4
820020,1
820021,4
820022,4
820023,4
820024,4
820025,4
820026,4
820027,4
820028,4
820029,4
820030,1
820031,4
820032,4
820033,1
820034,4
820035,4
820036,4
820037,4
820038,4
820039,5
820040,5
820041,4
820042,4
820043,4
820044,4
820045,1
820046,4
820047,4
820048,4
820049,4
820050,1
820051,4
820052,4
820053,4
820054,3
820055,4
820056,4
820057,4
820058,4
820059,4
820060,4
820061,4
820062,4
820063,4
820064,4
820065,1
820066,4
820067,4
820068,4
820069,4
820070,4
820071,4
820072,4
820073,4
820074,4
820075,4
820076,1
820077,1
820078,4
820079,4
820080,4
820081,4
820082,4
820083,1
820084,4
820085,4
820086,4
820087,4
820088,4
820089,5
820090,4
820091,4
820092,4
820093,4
820094,4
820095,4
820096,4
820097,4
820098,4
820099,4
820100,4
820101,4
820102,4
820103,1
820104,4
820105,4
820106,4
820107,4
820108,4
820109,4
820110,4
820111,4
820112,4
820113,4
820114,4
820115,4
820116,5
820117,5
820118,1
820119,1
820120,4
820121,4
820122,4
820123,4
820124,4
820125,4
820126,5
820127,4
820128,5
820129,4
820130,1
820131,4
820132,5
820133,4
820134,1
820135,5
820136,4
820137,4
820138,4
820139,4
820140,1
820141,4
820142,4
820143,4
820144,4
820145,4
820146,1
820147,4
820148,4
820149,4
820150,5
820151,5
820152,4
820153,4
820154,4
820155,1
820156,4
820157,4
820158,1
820159,4
820160,1
820161,4
820162,4
820163,4
820164,1
820165,4
820166,4
820167,5
820168,5
820169,4
820170,4
820171,4
820172,4
820173,4
820174,4
820175,4
820176,4
820177,4
820178,4
820179,4
820180,4
820181,4
820182,4
820183,4
820184,1
820185,5
820186,4
820187,1
820188,4
820189,4
820190,1
820191,4
820192,4
820193,4
820194,4
820195,4
820196,5
820197,4
820198,5
820199,1
820200,4
820201,4
820202,4
820203,4
820204,1
820205,4
820206,4
820207,4
820208,1
820209,4
820210,5
820211,1
820212,4
820213,4
820214,1
820215,4
820216,4
820217,4
820218,4
820219,4
820220,4
820221,1
820222,3
820223,4
820224,4
820225,4
820226,4
820227,1
820228,4
820229,4
820230,4
820231,1
820232,4
820233,4
820234,4
820235,4
820236,4
820237,4
820238,4
820239,4
820240,1
820241,4
820242,4
820243,1
820244,4
820245,4
820246,4
820247,4
820248,4
820249,4
820250,4
820251,4
820252,4
820253,4
820254,5
820255,4
820256,4
820257,4
820258,4
820259,4
820260,4
820261,5
820262,5
820263,4
820264,4
820265,4
820266,4
820267,1
820268,4
820269,1
820270,4
820271,4
820272,4
820273,4
820274,1
820275,1
820276,4
820277,4
820278,4
820279,4
820280,4
820281,4
820282,5
820283,4
820284,4
820285,4
820286,4
820287,1
820288,4
820289,4
820290,4
820291,1
820292,1
820293,4
820294,4
820295,4
820296,4
820297,4
820298,4
820299,4
820300,4
820301,4
820302,4
820303,4
820304,4
820305,4
820306,4
820307,4
820308,4
820309,1
820310,1
820311,4
820312,1
820313,4
820314,4
820315,4
820316,4
820317,4
820318,4
820319,4
820320,4
820321,4
820322,4
820323,4
820324,5
820325,4
820326,4
820327,1
820328,4
820329,5
820330,5
820331,4
820332,4
820333,4
820334,4
820335,5
820336,4
820337,4
820338,4
820339,1
820340,4
820341,4
820342,4
820343,5
820344,4
820345,4
820346,5
820347,4
820348,4
820349,4
820350,4
820351,4
820352,4
820353,4
820354,4
820355,4
820356,4
820357,5
820358,4
820359,4
820360,4
820361,1
820362,4
820363,4
820364,4
820365,4
820366,4
820367,4
820368,4
820369,4
820370,4
820371,4
820372,1
820373,4
820374,4
820375,5
820376,4
820377,5
820378,4
820379,4
820380,1
820381,1
820382,4
820383,4
820384,4
820385,4
820386,4
820387,4
820388,4
820389,4
820390,4
820391,4
820392,1
820393,4
820394,1
820395,4
820396,4
820397,4
820398,1
820399,5
820400,4
820401,4
820402,4
820403,5
820404,4
820405,4
820406,4
820407,4
820408,4
820409,4
820410,4
820411,5
820412,4
820413,4
820414,5
820415,4
820416,4
820417,4
820418,4
820419,4
820420,4
820421,4
820422,4
820423,4
820424,4
820425,4
820426,4
820427,4
820428,4
820429,4
820430,4
820431,5
820432,4
820433,4
820434,5
820435,4
820436,4
820437,4
820438,4
820439,4
820440,4
820441,4
820442,4
820443,5
820444,1
820445,4
820446,1
820447,1
820448,4
820449,3
820450,4
820451,1
820452,4
820453,1
820454,3
820455,4
820456,4
820457,4
820458,4
820459,4
820460,4
820461,3
820462,4
820463,4
820464,4
820465,1
820466,4
820467,4
820468,4
820469,4
820470,4
820471,3
820472,4
820473,4
820474,4
820475,4
820476,4
820477,1
820478,4
820479,4
820480,4
820481,4
820482,4
820483,1
820484,4
820485,4
820486,5
820487,4
820488,4
820489,4
820490,4
820491,4
820492,4
820493,4
820494,4
820495,4
820496,4
820497,1
820498,4
820499,4
820500,4
820501,4
820502,1
820503,1
820504,4
820505,4
820506,1
820507,4
820508,1
820509,1
820510,4
820511,1
820512,4
820513,4
820514,4
820515,4
820516,4
820517,4
820518,4
820519,4
820520,4
820521,4
820522,4
820523,4
820524,4
820525,4
820526,4
820527,4
820528,4
820529,4
820530,4
820531,4
820532,4
820533,4
820534,4
820535,4
820536,1
820537,4
820538,4
820539,4
820540,4
820541,4
820542,4
820543,4
820544,4
820545,4
820546,4
820547,4
820548,4
820549,4
820550,4
820551,1
820552,4
