916553,4
916554,4
916555,4
916556,4
916557,4
916558,4
916559,4
916560,4
916561,4
916562,4
916563,4
916564,1
916565,4
916566,4
916567,4
916568,4
916569,4
916570,5
916571,4
916572,4
916573,1
916574,4
916575,4
916576,4
916577,5
916578,4
916579,4
916580,4
916581,4
916582,4
916583,4
916584,4
916585,4
916586,4
916587,4
916588,4
916589,4
916590,4
916591,4
916592,4
916593,4
916594,4
916595,4
916596,4
916597,4
916598,4
916599,4
916600,4
916601,4
916602,4
916603,4
916604,4
916605,4
916606,4
916607,4
916608,4
916609,1
916610,4
916611,4
916612,4
916613,1
916614,4
916615,1
916616,4
916617,4
916618,4
916619,4
916620,4
916621,4
916622,4
916623,4
916624,4
916625,1
916626,1
916627,1
916628,4
916629,5
916630,1
916631,1
916632,4
916633,4
916634,4
916635,4
916636,4
916637,4
916638,4
916639,4
916640,5
916641,4
916642,4
916643,4
916644,4
916645,5
916646,4
916647,4
916648,1
916649,4
916650,4
916651,4
916652,1
916653,4
916654,4
916655,4
916656,4
916657,4
916658,5
916659,4
916660,4
916661,4
916662,4
916663,4
916664,4
916665,4
916666,4
916667,4
916668,4
916669,4
916670,4
916671,4
916672,4
916673,4
916674,4
916675,4
916676,4
916677,4
916678,4
916679,4
916680,4
916681,4
916682,4
916683,4
916684,4
916685,4
916686,4
916687,1
916688,4
916689,4
916690,3
916691,3
916692,3
916693,4
916694,3
916695,3
916696,1
916697,3
916698,3
916699,3
916700,4
916701,5
916702,3
916703,3
916704,5
916705,3
916706,4
916707,3
916708,3
916709,5
916710,4
916711,1
916712,4
916713,4
916714,4
916715,4
916716,4
916717,4
916718,4
916719,4
916720,4
916721,4
916722,1
916723,4
916724,4
916725,4
916726,4
916727,4
916728,4
916729,4
916730,4
916731,4
916732,4
916733,4
916734,4
916735,1
916736,4
916737,1
916738,1
916739,4
916740,4
916741,4
916742,4
916743,4
916744,4
916745,4
916746,4
916747,5
916748,5
916749,4
916750,4
916751,4
916752,1
916753,4
916754,4
916755,4
916756,4
916757,4
916758,4
916759,4
916760,1
916761,4
916762,4
916763,4
916764,4
916765,5
916766,4
916767,4
916768,4
916769,4
916770,4
916771,4
916772,4
916773,1
916774,4
916775,4
916776,1
916777,4
916778,1
916779,4
916780,4
916781,4
916782,4
916783,4
916784,4
916785,4
916786,1
916787,1
916788,1
916789,4
916790,4
916791,4
916792,4
916793,4
916794,4
916795,4
916796,4
916797,4
916798,4
916799,4
916800,4
916801,4
916802,1
916803,4
916804,4
916805,4
916806,1
916807,4
916808,4
916809,4
916810,4
916811,4
916812,4
916813,4
916814,4
916815,4
916816,4
916817,1
916818,4
916819,4
916820,4
916821,4
916822,4
916823,4
916824,4
916825,4
916826,4
916827,4
916828,4
916829,4
916830,4
916831,4
916832,4
916833,4
916834,4
916835,4
916836,4
916837,1
916838,4
916839,1
916840,3
916841,4
916842,1
916843,4
916844,4
916845,4
916846,4
916847,4
916848,5
916849,4
916850,4
916851,4
916852,4
916853,4
916854,1
916855,4
916856,5
916857,4
916858,4
916859,4
916860,4
916861,4
916862,5
916863,4
916864,4
916865,4
916866,4
916867,4
916868,4
916869,4
916870,4
916871,4
916872,4
916873,4
916874,4
916875,1
916876,4
916877,4
916878,4
916879,4
916880,4
916881,4
916882,4
916883,4
916884,4
916885,4
916886,1
916887,4
916888,4
916889,4
916890,4
916891,4
916892,4
916893,4
916894,4
916895,1
916896,4
916897,4
916898,4
916899,4
916900,4
916901,4
916902,4
916903,4
916904,4
916905,1
916906,4
916907,4
916908,4
916909,4
916910,4
916911,4
916912,4
916913,4
916914,4
916915,4
916916,4
916917,4
916918,4
916919,4
916920,4
916921,4
916922,4
916923,4
916924,4
916925,4
916926,5
916927,4
916928,4
916929,4
916930,4
916931,4
916932,4
916933,4
916934,4
916935,4
916936,5
916937,4
916938,4
916939,4
916940,4
916941,4
916942,4
916943,4
916944,4
916945,4
916946,4
916947,4
916948,4
916949,4
916950,4
916951,1
916952,4
916953,1
916954,1
916955,1
916956,4
916957,4
916958,4
916959,4
916960,5
916961,1
916962,4
916963,4
916964,4
916965,4
916966,4
916967,4
916968,4
916969,4
916970,3
916971,1
916972,4
916973,4
916974,4
916975,4
916976,4
916977,4
916978,4
916979,4
916980,5
916981,4
916982,4
916983,4
916984,4
916985,4
916986,4
916987,3
916988,4
916989,4
916990,4
916991,4
916992,4
916993,4
916994,4
916995,4
916996,5
916997,4
916998,4
916999,4
917000,4
917001,4
917002,4
917003,1
917004,5
917005,4
917006,4
917007,3
917008,4
917009,5
917010,4
917011,4
917012,4
917013,1
917014,1
917015,4
917016,1
917017,4
917018,1
917019,4
917020,5
917021,1
917022,4
917023,1
917024,4
917025,3
917026,4
917027,4
917028,1
917029,4
917030,4
917031,4
917032,4
917033,4
917034,4
917035,4
917036,4
917037,4
917038,4
917039,1
917040,4
917041,5
917042,4
917043,4
917044,4
917045,4
917046,4
917047,4
917048,5
917049,4
917050,4
917051,4
917052,4
917053,4
917054,4
917055,4
917056,4
917057,4
917058,4
917059,4
917060,5
917061,1
917062,4
917063,4
917064,4
917065,4
917066,4
917067,4
917068,4
917069,4
917070,4
917071,4
917072,4
917073,4
917074,4
917075,4
917076,4
917077,4
917078,4
917079,4
917080,4
917081,1
917082,4
917083,1
917084,4
917085,4
917086,5
917087,1
917088,4
917089,4
917090,4
917091,1
917092,4
917093,4
917094,4
917095,4
917096,4
917097,5
917098,1
917099,5
917100,4
917101,1
917102,4
917103,4
917104,1
917105,4
917106,4
917107,4
917108,4
917109,5
917110,4
917111,4
917112,4
917113,4
917114,4
917115,4
917116,5
917117,4
917118,1
917119,4
917120,5
917121,4
917122,4
917123,4
917124,4
917125,4
917126,4
917127,4
917128,1
917129,4
917130,4
917131,4
917132,4
917133,1
917134,4
917135,4
917136,4
917137,4
917138,4
917139,4
917140,4
917141,4
917142,4
917143,4
917144,4
917145,3
917146,3
917147,4
917148,4
917149,4
917150,4
917151,4
917152,4
917153,4
917154,4
917155,4
917156,4
917157,4
917158,4
917159,4
917160,1
917161,1
917162,4
917163,4
917164,4
917165,4
917166,4
917167,4
917168,4
917169,4
917170,4
917171,4
917172,4
917173,4
917174,4
917175,4
917176,1
917177,4
917178,4
917179,5
917180,5
917181,4
917182,4
917183,3
917184,4
917185,5
917186,5
917187,5
917188,4
917189,4
917190,4
917191,5
917192,4
917193,4
917194,1
917195,4
917196,4
917197,4
917198,1
917199,4
917200,4
917201,4
917202,4
917203,4
917204,4
917205,4
917206,4
917207,4
917208,1
917209,1
917210,4
917211,1
917212,4
917213,4
917214,4
917215,4
917216,1
917217,1
917218,4
917219,4
917220,5
917221,4
917222,4
917223,4
917224,4
917225,1
917226,4
917227,4
917228,4
917229,4
917230,4
917231,5
917232,4
917233,4
917234,1
917235,1
917236,1
917237,4
917238,4
917239,4
917240,5
917241,4
917242,4
917243,4
917244,5
917245,5
917246,4
917247,4
917248,4
917249,3
917250,4
917251,5
917252,1
917253,5
917254,4
917255,4
917256,4
917257,4
917258,4
917259,5
917260,1
917261,4
917262,4
917263,4
917264,4
917265,4
917266,4
917267,4
917268,4
917269,4
917270,5
917271,4
917272,5
917273,4
917274,4
917275,4
917276,4
917277,4
917278,4
917279,4
917280,4
917281,5
917282,1
917283,4
917284,5
917285,4
917286,5
917287,4
917288,4
917289,4
917290,4
917291,4
917292,4
917293,4
917294,4
917295,4
917296,4
917297,4
917298,4
917299,4
917300,5
917301,4
917302,4
917303,4
917304,1
917305,1
917306,4
917307,4
917308,4
917309,4
917310,4
917311,4
917312,4
917313,4
917314,4
917315,4
917316,4
917317,4
917318,5
917319,4
917320,4
917321,4
917322,4
917323,4
917324,4
917325,4
917326,5
917327,1
917328,4
917329,4
917330,5
917331,4
917332,4
917333,4
917334,4
917335,4
917336,4
917337,4
917338,4
917339,4
917340,4
917341,1
917342,5
917343,4
917344,4
917345,4
917346,4
917347,4
917348,1
917349,4
917350,4
917351,4
917352,4
917353,4
917354,4
917355,1
917356,5
917357,4
917358,4
917359,4
917360,1
917361,4
917362,4
917363,4
917364,4
917365,5
917366,4
917367,4
917368,4
917369,4
917370,4
917371,4
917372,4
917373,3
917374,3
917375,4
917376,4
917377,3
917378,3
917379,4
917380,3
917381,4
917382,3
917383,3
917384,4
917385,4
917386,3
917387,3
917388,3
917389,3
917390,4
917391,1
917392,3
917393,4
917394,3
917395,3
917396,4
917397,3
917398,1
917399,1
917400,4
917401,3
917402,4
917403,3
917404,3
917405,3
917406,4
917407,1
917408,3
917409,3
917410,1
917411,3
917412,3
917413,3
917414,3
917415,3
917416,1
917417,4
917418,3
917419,4
917420,3
917421,4
917422,4
917423,5
917424,4
917425,3
917426,3
917427,3
917428,3
917429,4
917430,4
917431,1
917432,3
917433,4
917434,3
917435,3
917436,3
917437,3
917438,3
917439,4
917440,4
917441,3
917442,4
917443,4
917444,4
917445,4
917446,4
917447,4
917448,4
917449,4
917450,4
917451,4
917452,4
917453,4
917454,4
917455,4
917456,4
917457,4
917458,4
917459,1
917460,4
917461,4
917462,1
917463,4
917464,4
917465,4
917466,4
917467,1
917468,4
917469,4
917470,1
917471,4
917472,4
917473,4
917474,4
917475,4
917476,4
917477,4
917478,4
917479,1
917480,4
917481,1
917482,1
917483,4
917484,4
917485,4
917486,4
917487,4
917488,4
917489,4
917490,1
917491,4
917492,1
917493,4
917494,1
917495,4
917496,4
917497,4
917498,4
917499,4
917500,1
917501,4
917502,4
917503,4
917504,4
917505,4
917506,4
917507,4
917508,4
917509,4
917510,4
917511,4
917512,4
917513,1
917514,4
917515,4
917516,4
917517,4
917518,1
917519,1
917520,4
917521,4
917522,4
917523,4
917524,4
917525,4
917526,4
917527,4
917528,4
917529,4
917530,4
917531,4
917532,1
917533,4
917534,4
917535,4
917536,1
917537,1
917538,1
917539,4
917540,4
917541,4
917542,4
917543,4
917544,4
917545,4
917546,4
917547,4
917548,4
917549,4
917550,4
917551,4
917552,1
917553,4
917554,4
917555,4
917556,4
917557,4
917558,4
917559,4
917560,4
917561,4
917562,4
917563,4
917564,4
917565,4
917566,4
917567,1
917568,4
917569,1
917570,4
917571,4
917572,4
917573,4
917574,4
917575,4
917576,4
917577,1
917578,4
917579,1
917580,4
917581,4
917582,4
917583,4
917584,1
917585,4
917586,1
917587,1
917588,4
917589,4
917590,4
917591,1
917592,4
917593,4
917594,4
917595,4
917596,4
917597,4
917598,4
917599,4
917600,1
917601,4
917602,1
917603,4
917604,4
917605,4
917606,4
917607,1
917608,4
917609,4
917610,4
917611,4
917612,4
917613,1
917614,4
917615,4
917616,4
917617,4
917618,4
917619,4
917620,4
917621,5
917622,1
917623,4
917624,4
917625,4
917626,4
917627,4
917628,4
917629,1
917630,4
917631,1
917632,4
917633,4
917634,5
917635,4
917636,4
917637,4
917638,4
917639,4
917640,1
917641,1
917642,4
917643,4
917644,4
917645,4
917646,4
917647,4
917648,4
917649,1
917650,4
917651,4
917652,1
917653,4
917654,4
917655,4
917656,1
917657,4
917658,4
917659,4
917660,4
917661,4
917662,4
917663,4
917664,4
917665,4
917666,4
917667,4
917668,4
917669,4
917670,4
917671,4
917672,4
917673,4
917674,4
917675,4
917676,4
917677,4
917678,4
917679,1
917680,4
917681,4
917682,1
917683,1
917684,4
917685,4
917686,4
917687,4
917688,1
917689,5
917690,4
917691,1
917692,4
917693,4
917694,4
917695,4
917696,4
917697,4
917698,4
917699,4
917700,5
917701,4
917702,4
917703,4
917704,4
917705,4
917706,4
917707,4
917708,4
917709,4
917710,4
917711,4
917712,5
917713,4
917714,4
917715,4
917716,4
917717,4
917718,4
917719,4
917720,1
917721,4
917722,4
917723,1
917724,4
917725,4
917726,4
917727,4
917728,4
917729,4
917730,4
917731,4
917732,1
917733,4
917734,4
917735,4
917736,4
917737,4
917738,4
917739,4
917740,4
917741,4
917742,4
917743,4
917744,4
917745,4
917746,4
917747,4
917748,1
917749,4
917750,4
917751,4
917752,4
917753,4
917754,4
917755,4
917756,4
917757,4
917758,4
917759,1
917760,4
917761,4
917762,1
917763,4
917764,4
917765,4
917766,4
917767,4
917768,4
917769,4
917770,4
917771,4
917772,1
917773,4
917774,4
917775,1
917776,5
917777,4
917778,4
917779,4
917780,4
917781,4
917782,4
917783,4
917784,1
917785,4
917786,4
917787,4
917788,4
917789,4
917790,4
917791,4
917792,4
917793,4
917794,1
917795,1
917796,4
917797,4
917798,4
917799,4
917800,4
917801,4
917802,4
917803,4
917804,1
917805,4
917806,4
917807,4
917808,1
917809,4
917810,1
917811,4
917812,4
917813,1
917814,4
917815,4
917816,4
917817,4
917818,4
917819,4
917820,4
917821,4
917822,4
917823,4
917824,4
917825,4
917826,4
917827,4
917828,4
917829,4
917830,4
917831,1
917832,4
917833,4
917834,4
917835,4
917836,1
917837,4
917838,4
917839,4
917840,4
917841,4
917842,4
917843,4
917844,4
917845,4
917846,4
917847,4
917848,4
917849,4
917850,4
917851,4
917852,4
917853,4
917854,4
917855,4
917856,4
917857,4
917858,4
917859,4
917860,1
917861,4
917862,1
917863,1
917864,4
917865,4
917866,4
917867,4
917868,3
917869,4
917870,4
917871,1
917872,4
917873,4
917874,5
917875,4
917876,4
917877,4
917878,4
917879,5
917880,4
917881,4
917882,4
917883,4
917884,4
917885,4
917886,4
917887,4
917888,4
917889,4
917890,1
917891,4
917892,4
917893,4
917894,4
917895,4
917896,4
917897,4
917898,4
917899,4
917900,4
917901,4
917902,4
917903,1
917904,4
917905,4
917906,4
917907,4
917908,4
917909,4
917910,4
917911,4
917912,4
917913,1
917914,4
917915,4
917916,4
917917,4
917918,4
917919,4
917920,4
917921,4
917922,4
917923,4
917924,4
917925,4
917926,4
917927,4
917928,4
917929,4
917930,4
917931,4
917932,1
917933,4
917934,1
917935,4
917936,4
917937,4
917938,4
917939,4
917940,4
917941,4
917942,4
917943,4
917944,1
917945,4
917946,4
917947,4
917948,4
917949,4
917950,4
917951,4
917952,1
917953,4
917954,4
917955,4
917956,4
917957,4
917958,4
917959,4
917960,4
917961,4
917962,4
917963,3
917964,3
917965,4
917966,3
917967,4
917968,1
917969,4
917970,4
917971,4
917972,4
917973,3
917974,4
917975,1
917976,1
917977,3
917978,4
917979,3
917980,4
917981,3
917982,4
917983,4
917984,1
917985,4
917986,4
917987,4
917988,4
917989,3
917990,4
917991,4
917992,4
917993,4
917994,5
917995,4
917996,4
917997,4
917998,4
917999,1
918000,4
918001,4
918002,4
918003,4
918004,4
918005,4
918006,4
918007,4
918008,1
918009,5
918010,1
918011,4
918012,4
918013,4
918014,4
918015,5
918016,4
918017,4
918018,4
918019,5
918020,4
918021,4
918022,4
918023,4
918024,4
918025,4
918026,5
918027,5
918028,5
918029,4
918030,4
918031,4
918032,4
918033,4
918034,4
918035,5
918036,4
918037,4
918038,4
918039,5
918040,4
918041,4
918042,4
918043,4
918044,4
918045,4
918046,3
918047,4
918048,4
918049,4
918050,4
918051,4
918052,4
918053,4
918054,1
918055,5
918056,4
918057,4
918058,4
918059,4
918060,4
918061,4
918062,4
918063,4
918064,4
918065,4
918066,4
918067,4
918068,4
918069,1
918070,4
918071,4
918072,4
918073,4
918074,4
918075,4
918076,4
918077,4
918078,4
918079,4
918080,4
918081,1
918082,4
918083,5
918084,1
918085,4
918086,4
918087,4
918088,4
918089,4
918090,4
918091,4
918092,4
918093,4
918094,4
918095,4
918096,4
918097,4
918098,4
918099,4
918100,4
918101,1
918102,5
918103,4
918104,1
918105,4
918106,4
918107,3
918108,5
918109,4
918110,4
918111,4
918112,4
918113,4
918114,4
918115,4
918116,4
918117,5
918118,4
918119,4
918120,5
918121,4
918122,4
918123,4
918124,4
918125,5
918126,4
918127,4
918128,4
918129,4
918130,4
918131,4
918132,3
918133,4
918134,4
918135,4
918136,3
918137,4
918138,4
918139,4
918140,4
918141,4
918142,4
918143,4
918144,1
918145,1
918146,5
918147,4
918148,4
918149,4
918150,4
918151,4
918152,4
918153,1
918154,4
918155,4
918156,4
918157,4
918158,4
918159,4
918160,4
918161,4
918162,4
918163,4
918164,1
918165,1
918166,4
918167,1
918168,4
918169,4
918170,4
918171,4
918172,4
918173,5
918174,4
918175,4
918176,1
918177,4
918178,4
918179,4
918180,4
918181,4
918182,1
918183,4
918184,4
918185,1
918186,4
918187,4
918188,4
918189,4
918190,4
918191,4
918192,4
918193,4
918194,4
918195,4
918196,1
918197,1
918198,1
918199,4
918200,4
918201,4
918202,4
918203,4
918204,4
918205,4
918206,3
918207,1
918208,3
918209,4
918210,4
918211,4
918212,1
918213,5
918214,4
918215,4
918216,5
918217,5
918218,4
918219,4
918220,4
918221,1
918222,4
918223,4
918224,4
918225,5
918226,4
918227,4
918228,5
918229,4
918230,5
918231,4
918232,5
918233,4
918234,4
918235,5
918236,4
918237,4
918238,5
918239,1
918240,4
918241,5
918242,1
918243,4
918244,4
918245,4
918246,4
918247,4
918248,4
918249,5
918250,4
918251,4
918252,1
918253,4
918254,5
918255,5
918256,1
918257,4
918258,4
918259,5
918260,4
918261,4
918262,4
918263,4
918264,5
918265,4
918266,4
918267,4
918268,4
918269,5
918270,4
918271,4
918272,4
918273,4
918274,5
918275,4
918276,4
918277,4
918278,5
918279,4
918280,5
918281,4
918282,4
918283,4
918284,4
918285,4
918286,4
918287,4
918288,4
918289,4
918290,4
918291,4
918292,4
918293,4
918294,4
918295,4
918296,1
918297,5
918298,5
918299,4
918300,5
918301,5
918302,4
918303,4
918304,1
918305,1
918306,4
918307,4
918308,4
918309,4
918310,4
918311,4
918312,4
918313,5
918314,4
918315,4
918316,4
918317,4
918318,4
918319,4
918320,4
918321,4
918322,4
918323,4
918324,1
918325,4
918326,4
918327,4
918328,4
918329,1
918330,4
918331,4
918332,1
918333,4
918334,5
918335,1
918336,5
918337,1
918338,5
918339,4
918340,4
918341,4
918342,4
918343,4
918344,4
918345,5
918346,5
918347,4
918348,4
918349,4
918350,4
918351,4
918352,4
918353,4
918354,5
918355,4
918356,4
918357,4
918358,4
918359,4
918360,1
918361,5
918362,4
918363,4
918364,5
918365,4
918366,4
918367,4
918368,4
918369,4
918370,4
918371,4
918372,4
918373,4
918374,4
918375,4
918376,4
918377,4
918378,4
918379,1
918380,4
918381,4
918382,1
918383,4
918384,4
918385,4
918386,4
918387,4
918388,4
918389,4
918390,4
918391,4
918392,4
918393,4
918394,4
918395,4
918396,4
918397,4
918398,4
918399,4
918400,1
918401,4
918402,3
918403,4
918404,4
918405,4
918406,4
918407,4
918408,4
918409,4
918410,1
918411,4
918412,1
918413,4
918414,4
918415,4
918416,4
918417,4
918418,1
918419,4
918420,4
918421,4
918422,1
918423,4
918424,4
918425,4
918426,4
918427,3
918428,4
918429,4
918430,4
918431,5
918432,4
918433,4
918434,4
918435,4
918436,4
918437,1
918438,4
918439,4
918440,5
918441,4
918442,1
918443,4
918444,4
918445,4
918446,4
918447,4
918448,4
918449,1
918450,4
918451,4
918452,4
918453,4
918454,4
918455,5
918456,4
918457,1
918458,1
918459,4
918460,4
918461,4
918462,4
918463,4
918464,4
918465,1
918466,4
918467,4
918468,4
918469,4
918470,4
918471,4
918472,1
918473,4
918474,4
918475,4
918476,4
918477,4
918478,5
918479,4
918480,1
918481,4
918482,5
918483,5
918484,4
918485,5
918486,4
918487,1
918488,4
918489,4
918490,4
918491,4
918492,4
918493,4
918494,4
918495,4
918496,4
918497,4
918498,1
918499,4
918500,4
918501,4
918502,5
918503,4
918504,4
918505,4
918506,1
918507,4
918508,4
918509,4
918510,1
918511,4
918512,4
918513,4
918514,5
918515,5
918516,4
918517,4
918518,4
918519,4
918520,5
918521,5
918522,4
918523,4
918524,4
918525,4
918526,5
918527,4
918528,4
918529,4
918530,4
918531,1
918532,4
918533,4
918534,5
918535,5
918536,4
918537,4
918538,1
918539,4
918540,5
918541,5
918542,4
918543,4
918544,4
918545,4
918546,4
918547,4
918548,1
918549,4
918550,1
918551,5
918552,4
918553,4
918554,4
918555,4
918556,4
918557,4
918558,4
918559,4
918560,4
918561,4
918562,5
918563,4
918564,4
918565,4
918566,3
918567,5
918568,4
918569,4
918570,4
918571,4
918572,4
918573,4
918574,4
918575,4
918576,4
918577,5
918578,4
918579,4
918580,1
918581,4
918582,4
918583,4
918584,4
918585,4
918586,4
918587,4
918588,4
918589,4
918590,4
918591,4
918592,4
918593,4
918594,4
918595,4
918596,4
918597,4
918598,5
918599,4
918600,4
918601,4
918602,4
918603,4
918604,5
918605,4
918606,4
918607,5
918608,4
918609,5
918610,1
918611,1
918612,4
918613,4
918614,4
918615,4
918616,1
918617,4
918618,4
918619,4
918620,5
918621,4
918622,4
918623,5
918624,1
918625,4
918626,5
918627,4
918628,4
918629,4
918630,4
918631,4
918632,4
918633,4
918634,4
918635,4
918636,5
918637,4
918638,4
918639,4
918640,4
918641,4
918642,4
918643,4
918644,4
918645,4
918646,4
918647,4
918648,4
918649,4
918650,4
918651,4
918652,5
918653,4
918654,5
918655,1
918656,4
918657,4
918658,4
918659,4
918660,1
918661,4
918662,4
918663,4
918664,5
918665,4
918666,4
918667,5
918668,5
918669,1
918670,4
918671,4
918672,1
918673,1
918674,1
918675,1
918676,4
918677,4
918678,4
918679,4
918680,4
918681,4
918682,4
918683,4
918684,1
918685,4
918686,4
918687,4
918688,4
918689,4
918690,4
918691,4
918692,1
918693,4
918694,4
918695,4
918696,4
918697,4
918698,4
918699,4
918700,4
918701,4
918702,4
918703,4
918704,4
918705,4
918706,4
918707,4
918708,4
918709,4
918710,4
918711,4
918712,4
918713,4
918714,4
918715,4
918716,4
918717,4
918718,4
918719,4
918720,5
918721,4
918722,4
918723,4
918724,1
918725,4
918726,4
918727,4
918728,4
918729,4
918730,4
918731,4
918732,4
918733,4
918734,4
918735,4
918736,4
918737,4
918738,4
918739,4
918740,4
918741,4
918742,4
918743,4
918744,5
918745,4
918746,4
918747,4
918748,4
918749,4
918750,4
918751,4
918752,4
918753,1
918754,4
918755,4
918756,4
918757,1
918758,4
918759,4
918760,4
918761,4
918762,4
918763,4
918764,1
918765,4
918766,4
918767,4
918768,4
918769,4
918770,4
918771,5
918772,4
918773,4
918774,4
918775,4
918776,4
918777,4
918778,4
918779,4
918780,4
918781,4
918782,4
918783,4
918784,4
918785,1
918786,1
918787,4
918788,4
918789,4
918790,1
918791,4
918792,4
918793,4
918794,4
918795,4
918796,4
918797,4
918798,4
918799,4
918800,4
918801,4
918802,4
918803,4
918804,4
918805,4
918806,4
918807,5
918808,4
918809,4
918810,4
918811,5
918812,4
918813,4
918814,4
918815,4
918816,4
918817,4
918818,4
918819,4
918820,1
918821,4
918822,4
918823,4
918824,5
918825,4
918826,4
918827,4
918828,5
918829,4
918830,4
918831,4
918832,4
918833,1
918834,1
918835,4
918836,5
918837,4
918838,4
918839,4
918840,1
918841,4
918842,4
918843,4
918844,4
918845,4
918846,4
918847,4
918848,1
918849,4
918850,4
918851,4
918852,4
918853,4
918854,4
918855,4
918856,1
918857,4
918858,4
918859,4
918860,4
918861,4
918862,4
918863,4
918864,4
918865,1
918866,4
918867,4
918868,4
918869,4
918870,4
918871,4
918872,4
918873,4
918874,4
918875,4
918876,4
918877,4
918878,4
918879,4
918880,4
918881,4
918882,4
918883,4
918884,4
918885,5
918886,1
918887,4
918888,4
918889,4
918890,4
918891,4
918892,1
918893,4
918894,4
918895,4
918896,4
918897,4
918898,1
918899,1
918900,4
918901,4
918902,4
918903,4
918904,4
918905,4
918906,4
918907,4
918908,4
918909,4
918910,4
918911,5
918912,5
918913,4
918914,4
918915,4
918916,4
918917,1
918918,4
918919,4
918920,1
918921,5
918922,4
918923,5
918924,5
918925,1
918926,5
918927,1
918928,5
918929,4
918930,4
918931,5
918932,4
918933,4
918934,4
918935,4
918936,4
918937,4
918938,4
918939,4
918940,4
918941,5
918942,1
918943,4
918944,4
918945,4
918946,4
918947,5
918948,4
918949,4
918950,5
918951,5
918952,4
918953,4
918954,4
918955,4
918956,4
918957,4
918958,4
918959,5
918960,4
918961,5
918962,4
918963,4
918964,5
918965,5
918966,5
918967,1
918968,1
918969,4
918970,4
918971,4
918972,5
918973,4
918974,4
918975,4
918976,4
918977,4
918978,4
918979,4
918980,4
918981,4
918982,4
918983,4
918984,1
918985,4
918986,4
918987,4
918988,4
918989,4
918990,4
918991,4
918992,4
918993,4
918994,4
918995,1
918996,4
918997,4
918998,4
918999,5
919000,4
919001,4
919002,4
919003,4
919004,4
919005,4
919006,4
919007,4
919008,4
919009,4
919010,4
919011,4
919012,4
919013,1
919014,4
919015,4
919016,4
919017,1
919018,1
919019,4
919020,4
919021,4
919022,4
919023,4
919024,4
919025,4
919026,4
919027,4
919028,4
919029,4
919030,5
919031,5
919032,5
919033,4
919034,4
919035,5
919036,5
919037,5
919038,4
919039,4
919040,1
919041,5
919042,4
919043,4
919044,5
919045,4
919046,1
919047,4
919048,4
919049,1
919050,4
919051,3
919052,4
919053,5
919054,5
919055,4
919056,4
919057,4
919058,4
919059,4
919060,4
919061,4
919062,1
919063,4
919064,4
919065,4
919066,4
919067,4
919068,4
919069,4
919070,4
919071,4
919072,4
919073,4
919074,4
919075,4
919076,4
919077,4
919078,4
919079,4
919080,4
919081,4
919082,4
919083,4
919084,4
919085,4
919086,4
919087,1
919088,4
919089,4
919090,4
919091,4
919092,4
919093,4
919094,1
919095,4
919096,4
919097,4
919098,4
919099,4
919100,4
919101,4
919102,4
919103,4
919104,4
919105,4
919106,4
919107,4
919108,4
919109,4
919110,4
919111,4
919112,4
919113,4
919114,4
919115,1
919116,4
919117,4
919118,1
919119,4
919120,4
919121,4
919122,4
919123,4
919124,4
919125,4
919126,4
919127,4
919128,1
919129,4
919130,4
919131,4
919132,4
919133,4
919134,4
919135,4
919136,4
919137,4
919138,4
919139,4
919140,4
919141,4
919142,4
919143,4
919144,4
919145,4
919146,1
919147,4
919148,4
919149,4
919150,1
919151,4
919152,4
919153,4
919154,4
919155,4
919156,4
919157,4
919158,4
919159,4
919160,4
919161,4
919162,4
919163,1
919164,1
919165,4
919166,4
919167,4
919168,4
919169,4
919170,4
919171,4
919172,4
919173,4
919174,4
919175,4
919176,4
919177,4
919178,4
919179,4
919180,4
919181,1
919182,4
919183,4
919184,4
919185,4
919186,4
919187,4
919188,5
919189,4
919190,4
919191,4
919192,4
919193,4
919194,4
919195,4
919196,4
919197,4
919198,1
919199,4
919200,4
919201,4
919202,4
919203,4
919204,4
919205,4
919206,4
919207,4
919208,4
919209,4
919210,4
919211,4
919212,4
919213,1
919214,4
919215,4
919216,4
919217,4
919218,4
919219,4
919220,4
919221,4
919222,5
919223,4
919224,4
919225,4
919226,4
919227,4
919228,4
919229,4
919230,4
919231,4
919232,1
919233,4
919234,4
919235,1
919236,1
919237,4
919238,4
919239,4
919240,4
919241,4
919242,4
919243,4
919244,4
919245,4
919246,4
919247,4
919248,4
919249,4
919250,4
919251,4
919252,4
919253,1
919254,4
919255,4
919256,4
919257,4
919258,1
919259,4
919260,4
919261,4
919262,4
919263,4
919264,4
919265,4
919266,1
919267,4
919268,4
919269,4
919270,4
919271,4
919272,4
919273,4
919274,4
919275,4
919276,1
919277,4
919278,1
919279,4
919280,4
919281,1
919282,4
919283,4
919284,4
919285,1
919286,4
919287,4
919288,4
919289,4
919290,1
919291,4
919292,4
919293,4
919294,4
919295,4
919296,4
919297,4
919298,4
919299,4
919300,4
919301,4
919302,4
919303,4
919304,1
919305,1
919306,4
919307,4
919308,4
919309,4
919310,1
919311,1
919312,3
919313,1
919314,4
919315,4
919316,4
919317,4
919318,1
919319,4
919320,4
919321,4
919322,4
919323,4
919324,5
919325,4
919326,4
919327,4
919328,4
919329,4
919330,4
919331,4
919332,4
919333,4
919334,4
919335,4
919336,3
919337,4
919338,4
919339,4
919340,4
919341,4
919342,4
919343,4
919344,4
919345,4
919346,5
919347,4
919348,4
919349,1
919350,1
919351,4
919352,4
919353,1
919354,4
919355,4
919356,4
919357,4
919358,1
919359,4
919360,4
919361,4
919362,4
919363,4
919364,4
919365,4
919366,1
919367,4
919368,4
919369,4
919370,4
919371,4
919372,1
919373,4
919374,4
919375,4
919376,4
919377,4
919378,4
919379,4
919380,4
919381,1
919382,5
919383,4
919384,4
919385,4
919386,4
919387,4
919388,4
919389,4
919390,4
919391,4
919392,4
919393,1
919394,4
919395,4
919396,4
919397,4
919398,4
919399,4
919400,4
919401,4
919402,4
919403,1
919404,4
919405,1
919406,4
919407,1
919408,4
919409,4
919410,4
919411,4
919412,4
919413,4
919414,1
919415,4
919416,4
919417,4
919418,4
919419,4
919420,4
919421,4
919422,4
919423,4
919424,4
919425,4
919426,4
919427,4
919428,4
919429,4
919430,4
919431,4
919432,4
919433,4
919434,4
919435,4
919436,4
919437,4
919438,4
919439,4
919440,5
919441,1
919442,4
919443,4
919444,5
919445,4
919446,1
919447,4
919448,5
919449,4
919450,4
919451,4
919452,4
919453,4
919454,4
919455,5
919456,4
919457,4
919458,4
919459,4
919460,1
919461,4
919462,4
919463,5
919464,4
919465,1
919466,4
919467,4
919468,4
919469,4
919470,4
919471,4
919472,5
919473,5
919474,1
919475,5
919476,1
919477,4
919478,4
919479,5
919480,5
919481,4
919482,5
919483,1
919484,5
919485,5
919486,4
919487,4
919488,4
919489,5
919490,4
919491,4
919492,4
919493,1
919494,4
919495,5
919496,4
919497,5
919498,5
919499,5
919500,4
919501,4
919502,5
919503,4
919504,4
919505,4
919506,5
919507,5
919508,4
919509,5
919510,4
919511,4
919512,1
919513,4
919514,4
919515,4
919516,4
919517,4
919518,4
919519,5
919520,5
919521,4
919522,5
919523,4
919524,4
919525,4
919526,4
919527,4
919528,4
919529,4
919530,5
919531,4
919532,1
919533,1
919534,5
919535,4
919536,4
919537,4
919538,4
919539,1
919540,4
919541,4
919542,5
919543,4
919544,4
919545,5
919546,4
919547,1
919548,4
919549,4
919550,4
919551,4
919552,4
919553,4
919554,5
919555,5
919556,1
919557,5
919558,4
919559,4
919560,5
919561,5
919562,4
919563,5
919564,4
919565,4
919566,4
919567,4
919568,4
919569,4
919570,4
919571,5
919572,4
919573,4
919574,4
919575,5
919576,4
919577,5
919578,5
919579,5
919580,4
919581,1
919582,4
919583,4
919584,4
919585,4
919586,1
919587,4
919588,4
919589,5
919590,4
919591,5
919592,4
919593,1
919594,4
919595,4
919596,4
919597,4
919598,4
919599,4
919600,4
919601,4
919602,5
919603,4
919604,5
919605,4
919606,4
919607,4
919608,4
919609,5
919610,4
919611,1
919612,4
919613,4
919614,1
919615,4
919616,4
919617,4
919618,4
919619,1
919620,1
919621,4
919622,4
919623,4
919624,4
919625,4
919626,4
919627,4
919628,4
919629,4
919630,4
919631,4
919632,4
919633,4
919634,4
919635,4
919636,1
919637,4
919638,1
919639,4
919640,4
919641,4
919642,4
919643,4
919644,4
919645,4
919646,4
919647,4
919648,4
919649,4
919650,1
919651,4
919652,4
919653,4
919654,4
919655,4
919656,4
919657,1
919658,4
919659,4
919660,4
919661,4
919662,4
919663,4
919664,4
919665,4
919666,4
919667,4
919668,4
919669,4
919670,4
919671,4
919672,4
919673,4
919674,4
919675,4
919676,4
919677,4
919678,4
919679,4
919680,4
919681,4
919682,4
919683,1
919684,4
919685,4
919686,4
919687,4
919688,4
919689,4
919690,4
919691,4
919692,4
919693,4
919694,4
919695,4
919696,4
919697,4
919698,4
919699,4
919700,4
919701,1
919702,4
919703,4
919704,4
919705,5
919706,4
919707,4
919708,4
919709,4
919710,4
919711,1
919712,4
919713,4
919714,4
919715,4
919716,1
919717,5
919718,4
919719,4
919720,4
919721,4
919722,4
919723,4
919724,4
919725,4
919726,5
919727,4
919728,5
919729,4
919730,4
919731,1
919732,4
919733,4
919734,5
919735,5
919736,4
919737,4
919738,4
919739,4
919740,4
919741,4
919742,4
919743,1
919744,4
919745,4
919746,4
919747,4
919748,4
919749,4
919750,4
919751,4
919752,4
919753,4
919754,4
919755,4
919756,4
919757,4
919758,4
919759,4
919760,4
919761,1
919762,4
919763,4
919764,1
919765,4
919766,4
919767,4
919768,4
919769,4
919770,4
919771,4
919772,4
919773,4
919774,5
919775,4
919776,4
919777,4
919778,1
919779,4
919780,4
919781,5
919782,4
919783,4
919784,4
919785,4
919786,4
919787,4
919788,1
919789,4
919790,4
919791,4
919792,4
919793,4
919794,4
919795,4
919796,5
919797,5
919798,4
919799,4
919800,1
919801,5
919802,1
919803,5
919804,4
919805,4
919806,1
919807,4
919808,4
919809,1
919810,1
919811,4
919812,4
919813,4
919814,1
919815,4
919816,4
919817,4
919818,4
919819,1
919820,4
919821,4
919822,4
919823,4
919824,4
919825,1
919826,4
919827,4
919828,4
919829,4
919830,4
919831,4
919832,1
919833,4
919834,4
919835,4
919836,1
919837,1
919838,1
919839,4
919840,4
919841,4
919842,4
919843,4
919844,4
919845,4
919846,4
919847,4
919848,4
919849,4
919850,4
919851,4
919852,4
919853,4
919854,4
919855,4
919856,4
919857,4
919858,4
919859,4
919860,4
919861,4
919862,4
919863,4
919864,4
919865,4
919866,4
919867,4
919868,4
919869,4
919870,4
919871,4
919872,5
919873,4
919874,4
919875,4
919876,4
919877,1
919878,4
919879,4
919880,4
919881,4
919882,5
919883,4
919884,4
919885,4
919886,4
919887,4
919888,4
919889,4
919890,4
919891,1
919892,5
919893,4
919894,1
919895,1
919896,4
919897,4
919898,4
919899,4
919900,4
919901,5
919902,4
919903,4
919904,4
919905,1
919906,4
919907,4
919908,4
919909,4
919910,4
919911,4
919912,4
919913,4
919914,1
919915,4
919916,4
919917,1
919918,4
919919,4
919920,4
919921,4
919922,4
919923,4
919924,5
919925,1
919926,4
919927,4
919928,4
919929,4
919930,4
919931,4
919932,4
919933,4
919934,4
919935,4
919936,4
919937,4
919938,4
919939,5
919940,4
919941,4
919942,5
919943,4
919944,5
919945,4
919946,4
919947,1
919948,1
919949,4
919950,4
919951,4
919952,4
919953,5
919954,4
919955,1
919956,5
919957,4
919958,4
919959,4
919960,4
919961,1
919962,4
919963,4
919964,4
919965,4
919966,4
919967,4
919968,4
919969,4
919970,4
919971,1
919972,5
919973,5
919974,4
919975,4
919976,4
919977,4
919978,5
919979,4
919980,5
919981,4
919982,1
919983,4
919984,4
919985,4
919986,4
919987,4
919988,4
919989,4
919990,1
919991,4
919992,4
919993,4
919994,4
919995,1
919996,4
919997,4
919998,4
919999,4
920000,4
920001,4
920002,4
920003,4
920004,4
920005,4
920006,4
920007,4
920008,4
920009,4
920010,1
920011,4
920012,4
920013,4
920014,4
920015,4
920016,4
920017,4
920018,4
920019,1
920020,4
920021,4
920022,4
920023,4
920024,4
920025,4
920026,4
920027,4
920028,4
920029,4
920030,4
920031,4
920032,4
920033,4
920034,4
920035,4
920036,4
920037,4
920038,4
920039,4
920040,4
920041,4
920042,4
920043,4
920044,4
920045,4
920046,4
920047,4
920048,4
920049,4
920050,4
920051,4
920052,4
920053,4
920054,4
920055,4
920056,4
920057,4
920058,4
920059,4
920060,4
920061,4
920062,1
920063,4
920064,4
920065,1
920066,4
920067,1
920068,4
920069,4
920070,4
920071,4
920072,4
920073,4
920074,1
920075,1
920076,4
920077,4
920078,4
920079,4
920080,5
920081,4
920082,4
920083,4
920084,4
920085,4
920086,1
920087,4
920088,4
920089,4
920090,4
920091,1
920092,4
920093,4
920094,4
920095,1
920096,4
920097,4
920098,4
920099,4
920100,4
920101,4
920102,4
920103,4
920104,4
920105,4
920106,4
920107,4
920108,4
920109,1
920110,4
920111,1
920112,4
920113,4
920114,4
920115,4
920116,4
920117,4
920118,4
920119,4
920120,4
920121,4
920122,4
920123,4
920124,4
920125,4
920126,4
920127,4
920128,4
920129,4
920130,4
920131,4
920132,4
920133,5
920134,5
920135,4
920136,4
920137,4
920138,4
920139,1
920140,5
920141,1
920142,5
920143,4
920144,4
920145,4
920146,4
920147,4
920148,1
920149,4
920150,5
920151,4
920152,5
920153,4
920154,5
920155,1
920156,4
920157,4
920158,4
920159,4
920160,4
920161,5
920162,4
920163,5
920164,4
920165,1
920166,4
920167,5
920168,5
920169,4
920170,4
920171,4
920172,4
920173,4
920174,4
920175,5
920176,5
920177,4
920178,4
920179,4
920180,5
920181,4
920182,4
920183,4
920184,4
920185,4
920186,4
920187,4
920188,4
920189,4
920190,1
920191,4
920192,4
920193,1
920194,4
920195,4
920196,4
920197,1
920198,4
920199,4
920200,4
920201,4
920202,4
920203,4
920204,4
920205,4
920206,4
920207,1
920208,4
920209,1
920210,4
920211,1
920212,5
920213,4
920214,4
920215,4
920216,4
920217,4
920218,5
920219,4
920220,4
920221,4
920222,4
920223,4
920224,4
920225,4
920226,4
920227,4
920228,5
920229,4
920230,5
920231,4
920232,5
920233,4
920234,1
920235,5
920236,1
920237,4
920238,4
920239,4
920240,4
920241,4
920242,4
920243,4
920244,1
920245,1
920246,1
920247,4
920248,1
920249,4
920250,4
920251,4
920252,1
920253,1
920254,4
920255,4
920256,4
920257,4
920258,4
920259,4
920260,4
920261,4
920262,4
920263,4
920264,4
920265,4
920266,4
920267,4
920268,4
920269,1
920270,4
920271,4
920272,4
920273,4
920274,4
920275,4
920276,4
920277,1
920278,4
920279,4
920280,4
920281,4
920282,4
920283,4
920284,1
920285,4
920286,4
920287,4
920288,4
920289,4
920290,4
920291,4
920292,4
920293,4
920294,4
920295,4
920296,4
920297,4
920298,4
920299,4
920300,4
920301,4
920302,4
920303,4
920304,4
920305,5
920306,4
920307,4
920308,4
920309,4
920310,1
920311,4
920312,1
920313,4
920314,4
920315,4
920316,4
920317,4
920318,1
920319,1
920320,4
920321,4
920322,4
920323,4
920324,4
920325,4
920326,4
920327,4
920328,4
920329,4
920330,4
920331,4
920332,4
920333,1
920334,4
920335,1
920336,4
920337,4
920338,4
920339,4
920340,4
920341,4
920342,1
920343,4
920344,4
920345,4
920346,5
920347,4
920348,3
920349,4
920350,4
920351,4
920352,1
920353,4
920354,4
920355,4
920356,4
920357,3
920358,4
920359,4
920360,4
920361,4
920362,4
920363,1
920364,1
920365,3
920366,4
920367,4
920368,1
920369,4
920370,4
920371,1
920372,1
920373,4
920374,3
920375,3
920376,4
920377,4
920378,3
920379,4
920380,4
920381,3
920382,4
920383,4
920384,1
920385,4
920386,4
920387,4
920388,1
920389,4
920390,4
920391,4
920392,4
920393,4
920394,4
920395,4
920396,4
920397,4
920398,4
920399,4
920400,4
920401,4
920402,4
920403,4
920404,4
920405,4
920406,4
920407,4
920408,4
920409,4
920410,4
920411,3
920412,1
920413,4
920414,4
920415,4
920416,4
920417,3
920418,4
920419,4
920420,4
920421,4
920422,1
920423,4
920424,4
920425,4
920426,4
920427,4
920428,4
920429,4
920430,4
920431,4
920432,4
920433,1
920434,4
920435,4
920436,4
920437,4
920438,4
920439,4
920440,1
920441,4
920442,4
920443,3
920444,1
920445,4
920446,4
920447,4
920448,4
920449,4
920450,4
920451,4
920452,4
920453,4
920454,1
920455,1
920456,4
920457,4
920458,4
920459,4
920460,4
920461,4
920462,4
920463,4
920464,4
920465,4
920466,4
920467,4
920468,4
920469,4
920470,4
920471,4
920472,4
920473,4
920474,1
920475,1
920476,4
920477,1
920478,4
920479,3
920480,4
920481,4
920482,4
920483,4
920484,4
920485,1
920486,4
920487,4
920488,4
920489,1
920490,3
920491,4
920492,4
920493,4
920494,4
920495,4
920496,1
920497,4
920498,4
920499,4
920500,4
920501,4
920502,1
920503,4
920504,4
920505,4
920506,4
920507,1
920508,4
920509,1
920510,4
920511,4
920512,4
920513,4
920514,4
920515,4
920516,1
920517,4
920518,4
920519,4
920520,4
920521,4
920522,5
920523,5
920524,4
920525,4
920526,4
920527,1
920528,4
920529,1
920530,1
920531,4
920532,5
920533,5
920534,1
920535,5
920536,4
920537,5
920538,5
920539,4
920540,4
920541,5
920542,4
920543,4
920544,4
920545,4
920546,4
920547,1
920548,4
920549,4
920550,4
920551,4
920552,4
920553,4
920554,4
920555,4
920556,4
920557,4
920558,4
920559,4
920560,4
920561,4
920562,4
920563,3
920564,4
920565,4
920566,4
920567,1
920568,1
920569,4
920570,4
920571,4
920572,4
920573,4
920574,4
920575,4
920576,1
920577,4
920578,4
920579,4
920580,4
920581,4
920582,4
920583,1
920584,1
920585,1
920586,4
920587,1
920588,4
920589,4
920590,4
920591,4
920592,4
920593,4
920594,4
920595,4
920596,4
920597,4
920598,4
920599,4
920600,4
920601,5
920602,1
920603,4
920604,4
920605,5
920606,4
920607,4
920608,4
920609,4
920610,4
920611,4
920612,4
920613,4
920614,4
920615,5
920616,5
920617,5
920618,4
920619,4
920620,4
920621,4
920622,5
920623,5
920624,5
920625,4
920626,5
920627,5
920628,5
920629,5
920630,4
920631,4
920632,4
920633,4
920634,4
920635,4
920636,4
920637,4
920638,4
920639,1
920640,1
920641,4
920642,4
920643,4
920644,4
920645,1
920646,4
920647,1
920648,4
920649,4
920650,4
920651,4
920652,4
920653,4
920654,4
920655,4
920656,4
920657,1
920658,4
920659,4
920660,4
920661,4
920662,4
920663,4
920664,4
920665,4
920666,4
920667,4
920668,4
920669,4
920670,4
920671,1
920672,4
920673,1
920674,4
920675,4
920676,1
920677,4
920678,1
920679,1
920680,4
920681,4
920682,4
920683,5
920684,4
920685,1
920686,4
920687,4
920688,4
920689,4
920690,5
920691,4
920692,1
920693,4
920694,4
920695,1
920696,4
920697,4
920698,4
920699,4
920700,4
920701,4
920702,4
920703,4
920704,4
920705,3
920706,4
920707,1
920708,4
920709,4
920710,4
920711,4
920712,1
920713,4
920714,4
920715,4
920716,4
920717,4
920718,4
920719,4
920720,4
920721,4
920722,4
920723,4
920724,4
920725,4
920726,4
920727,4
920728,4
920729,4
920730,3
920731,4
920732,1
920733,4
920734,4
920735,4
920736,4
920737,4
920738,4
920739,1
920740,4
920741,4
920742,4
920743,4
920744,1
920745,4
920746,4
920747,4
920748,1
920749,4
920750,4
920751,4
920752,4
920753,4
920754,1
920755,4
920756,4
920757,5
920758,4
920759,4
920760,4
920761,4
920762,4
920763,4
920764,4
920765,1
920766,1
920767,4
920768,4
920769,1
920770,4
920771,4
920772,4
920773,4
920774,4
920775,4
920776,4
920777,4
920778,4
920779,4
920780,4
920781,5
920782,4
920783,4
920784,1
920785,4
920786,4
920787,4
920788,4
920789,1
920790,4
920791,4
920792,5
920793,4
920794,4
920795,4
920796,4
920797,4
920798,1
920799,4
920800,4
920801,4
920802,5
920803,5
920804,4
920805,4
920806,4
920807,4
920808,4
920809,4
920810,4
920811,1
920812,4
920813,4
920814,1
920815,5
920816,4
920817,4
920818,4
920819,4
920820,5
920821,4
920822,4
920823,4
920824,4
920825,4
920826,4
920827,4
920828,4
920829,1
920830,4
920831,4
920832,4
920833,4
920834,4
920835,4
920836,1
920837,4
920838,4
920839,4
920840,4
920841,4
920842,4
920843,1
920844,4
920845,1
920846,4
920847,4
920848,4
920849,4
920850,4
920851,4
920852,4
920853,4
920854,4
920855,4
920856,4
920857,4
920858,4
920859,4
920860,4
920861,1
920862,4
920863,5
920864,4
920865,4
920866,4
920867,4
920868,4
920869,4
920870,4
920871,4
920872,5
920873,5
920874,4
920875,4
920876,4
920877,1
920878,4
920879,5
920880,5
920881,4
920882,4
920883,4
920884,4
920885,4
920886,4
920887,1
920888,5
920889,5
920890,4
920891,5
920892,4
920893,5
920894,1
920895,4
920896,4
920897,4
920898,4
920899,1
920900,4
920901,4
920902,4
920903,4
920904,4
920905,4
920906,1
920907,4
920908,1
920909,5
920910,4
920911,1
920912,4
920913,4
920914,4
920915,4
920916,4
920917,4
920918,1
920919,4
920920,4
920921,4
920922,4
920923,4
920924,4
920925,4
920926,4
920927,1
920928,4
920929,4
920930,4
920931,4
920932,4
920933,4
920934,4
920935,4
920936,4
920937,4
920938,4
920939,4
920940,4
920941,4
920942,4
920943,4
920944,4
920945,4
920946,4
920947,4
920948,4
920949,4
920950,1
920951,4
920952,4
920953,4
920954,1
920955,4
920956,4
920957,4
920958,1
920959,4
920960,1
920961,4
920962,4
920963,1
920964,4
920965,4
920966,4
920967,4
920968,4
920969,4
920970,4
920971,4
920972,4
920973,4
920974,4
920975,4
920976,4
920977,4
920978,4
920979,4
920980,4
920981,4
920982,4
920983,4
920984,4
920985,4
920986,4
920987,4
920988,4
920989,4
920990,1
920991,4
920992,4
920993,4
920994,4
920995,4
920996,1
920997,4
920998,4
920999,4
921000,4
921001,1
921002,4
921003,4
921004,4
921005,4
921006,4
921007,1
921008,4
921009,4
921010,4
921011,4
921012,4
921013,4
921014,5
921015,4
921016,4
921017,4
921018,4
921019,4
921020,4
921021,4
921022,4
921023,4
921024,4
921025,5
921026,4
921027,4
921028,4
921029,4
921030,1
921031,4
921032,5
921033,4
921034,1
921035,1
921036,4
921037,4
921038,4
921039,4
921040,4
921041,4
921042,4
921043,1
921044,4
921045,4
921046,3
921047,4
921048,4
921049,4
921050,4
921051,4
921052,4
921053,4
921054,4
921055,4
921056,4
921057,4
921058,4
921059,1
921060,4
921061,4
921062,4
921063,4
921064,4
921065,1
921066,4
921067,4
921068,3
921069,4
921070,1
921071,4
921072,4
921073,4
921074,1
921075,4
921076,4
921077,4
921078,1
921079,4
921080,4
921081,1
921082,4
921083,4
921084,1
921085,4
921086,4
921087,4
921088,1
921089,4
921090,3
921091,1
921092,4
921093,4
921094,4
921095,4
921096,1
921097,4
921098,1
921099,4
921100,4
921101,4
921102,4
921103,4
921104,5
921105,4
921106,1
921107,4
921108,4
921109,1
921110,4
921111,4
921112,4
921113,4
921114,4
921115,4
921116,4
921117,4
921118,4
921119,4
921120,4
921121,4
921122,4
921123,4
921124,4
921125,1
921126,4
921127,4
921128,4
921129,4
921130,4
921131,4
921132,4
921133,4
921134,1
921135,4
921136,4
921137,4
921138,4
921139,1
921140,4
921141,4
921142,4
921143,4
921144,4
921145,4
921146,4
921147,4
921148,4
921149,4
921150,1
921151,4
921152,4
921153,4
921154,4
921155,4
921156,4
921157,4
921158,4
921159,4
921160,4
921161,3
921162,4
921163,4
921164,1
921165,4
921166,4
921167,4
921168,4
921169,4
921170,3
921171,4
921172,4
921173,4
921174,4
921175,4
921176,5
921177,4
921178,4
921179,4
921180,1
921181,4
921182,4
921183,4
921184,4
921185,4
921186,4
921187,4
921188,1
921189,1
921190,4
921191,4
921192,4
921193,4
921194,1
921195,4
921196,4
921197,4
921198,4
921199,4
921200,4
921201,4
921202,4
921203,4
921204,4
921205,4
921206,4
921207,4
921208,4
921209,5
921210,4
921211,4
921212,4
921213,1
921214,4
921215,4
921216,4
921217,4
921218,4
921219,4
921220,4
921221,4
921222,4
921223,4
921224,4
921225,4
921226,4
921227,4
921228,4
921229,1
921230,4
921231,4
921232,4
921233,4
921234,4
921235,4
921236,4
921237,4
921238,4
921239,4
921240,4
921241,4
921242,4
921243,1
921244,4
921245,4
921246,4
921247,4
921248,4
921249,4
921250,4
921251,4
921252,4
921253,1
921254,4
921255,4
921256,4
921257,4
921258,1
921259,4
921260,4
921261,4
921262,4
921263,4
921264,4
921265,4
921266,4
921267,4
921268,4
921269,4
921270,4
921271,1
921272,4
921273,4
921274,4
921275,4
921276,4
921277,4
921278,4
921279,4
921280,4
921281,4
921282,4
921283,4
921284,4
921285,4
921286,1
921287,4
921288,4
921289,4
921290,4
921291,4
921292,4
921293,5
921294,4
921295,4
921296,4
921297,5
921298,4
921299,4
921300,4
921301,4
921302,5
921303,4
921304,4
921305,4
921306,4
921307,4
921308,4
921309,5
921310,1
921311,4
921312,4
921313,4
921314,4
921315,4
921316,4
921317,4
921318,1
921319,3
921320,4
921321,4
921322,4
921323,1
921324,4
921325,4
921326,4
921327,4
921328,4
921329,4
921330,1
921331,4
921332,5
921333,4
921334,4
921335,4
921336,4
921337,4
921338,1
921339,4
921340,4
921341,1
921342,4
921343,4
921344,4
921345,4
921346,4
921347,4
921348,4
921349,4
921350,4
921351,4
921352,4
921353,4
921354,1
921355,4
921356,4
921357,1
921358,4
921359,4
921360,4
921361,4
921362,4
921363,4
921364,4
921365,4
921366,4
921367,4
921368,4
921369,4
921370,1
921371,4
921372,4
921373,4
921374,4
921375,4
921376,5
921377,4
921378,4
921379,4
921380,4
921381,4
921382,4
921383,4
921384,4
921385,4
921386,4
921387,4
921388,4
921389,4
921390,4
921391,4
921392,4
921393,1
921394,4
921395,1
921396,4
921397,4
921398,4
921399,4
921400,1
921401,4
921402,5
921403,1
921404,4
921405,4
921406,5
921407,5
921408,3
921409,1
921410,4
921411,5
921412,5
921413,4
921414,4
921415,5
921416,3
921417,5
921418,4
921419,4
921420,4
921421,4
921422,4
921423,4
921424,4
921425,4
921426,4
921427,4
921428,4
921429,4
921430,1
921431,1
921432,4
921433,5
921434,4
921435,4
921436,4
921437,1
921438,4
921439,4
921440,1
921441,5
921442,4
921443,5
921444,4
921445,5
921446,4
921447,4
921448,4
921449,5
921450,4
921451,1
921452,4
921453,4
921454,4
921455,4
921456,4
921457,1
921458,4
921459,4
921460,4
921461,4
921462,4
921463,1
921464,4
921465,1
921466,4
921467,4
921468,4
921469,4
921470,4
921471,4
921472,4
921473,1
921474,4
921475,4
921476,4
921477,4
921478,4
921479,4
921480,1
921481,4
921482,5
921483,4
921484,5
921485,4
921486,4
921487,4
921488,1
921489,5
921490,4
921491,4
921492,4
921493,5
921494,5
921495,4
921496,4
921497,4
921498,4
921499,4
921500,4
921501,4
921502,4
921503,4
921504,4
921505,4
921506,4
921507,5
921508,4
921509,3
921510,5
921511,4
921512,4
921513,3
921514,4
921515,5
921516,4
921517,5
921518,1
921519,4
921520,5
921521,4
921522,4
921523,4
921524,1
921525,4
921526,4
921527,1
921528,5
921529,4
921530,5
921531,1
921532,4
921533,4
921534,4
921535,4
921536,4
921537,4
921538,1
921539,4
921540,1
921541,4
921542,4
921543,4
921544,4
921545,4
921546,4
921547,4
921548,1
921549,4
921550,4
921551,4
921552,4
921553,4
921554,4
921555,4
921556,4
921557,4
921558,5
921559,4
921560,4
921561,4
921562,4
921563,4
921564,4
921565,1
921566,4
921567,4
921568,4
921569,4
921570,5
921571,4
921572,1
921573,3
921574,4
921575,4
921576,4
921577,4
921578,4
921579,4
921580,4
921581,4
921582,3
921583,4
921584,4
921585,5
921586,4
921587,4
921588,4
921589,4
921590,4
921591,4
921592,3
921593,4
921594,4
921595,4
921596,4
921597,4
921598,4
921599,4
921600,1
921601,4
921602,5
921603,4
921604,4
921605,4
921606,4
921607,4
921608,1
921609,1
921610,4
921611,4
921612,5
921613,4
921614,4
921615,4
921616,4
921617,4
921618,4
921619,1
921620,4
921621,4
921622,4
921623,4
921624,4
921625,1
921626,4
921627,5
921628,4
921629,4
921630,4
921631,4
921632,5
921633,5
921634,5
921635,4
921636,4
921637,4
921638,4
921639,4
921640,4
921641,4
921642,4
921643,4
921644,4
921645,1
921646,1
921647,4
921648,4
921649,4
921650,1
921651,4
921652,4
921653,1
921654,4
921655,1
921656,4
921657,4
921658,4
921659,1
921660,4
921661,4
921662,1
921663,4
921664,4
921665,4
921666,4
921667,4
921668,1
921669,4
921670,4
921671,4
921672,4
921673,4
921674,4
921675,4
921676,4
921677,4
921678,4
921679,4
921680,4
921681,4
921682,4
921683,4
921684,4
921685,4
921686,4
921687,4
921688,4
921689,4
921690,4
921691,4
921692,4
921693,4
921694,4
921695,4
921696,4
921697,4
921698,4
921699,4
921700,4
921701,1
921702,4
921703,4
921704,4
921705,4
921706,4
921707,4
921708,1
921709,4
921710,4
921711,4
921712,4
921713,4
921714,4
921715,4
921716,4
921717,4
921718,4
921719,4
921720,4
921721,4
921722,4
921723,4
921724,4
921725,4
921726,4
921727,4
921728,4
921729,4
921730,4
921731,4
921732,4
921733,4
921734,4
921735,4
921736,4
921737,4
921738,4
921739,4
921740,4
921741,4
921742,4
921743,1
921744,4
921745,4
921746,4
921747,4
921748,4
921749,4
921750,4
921751,4
921752,4
921753,4
921754,1
921755,4
921756,4
921757,4
921758,4
921759,5
921760,4
921761,4
921762,4
921763,4
921764,4
921765,1
921766,4
921767,4
921768,1
921769,4
921770,4
921771,4
921772,1
921773,1
921774,4
921775,4
921776,4
921777,4
921778,4
921779,4
921780,4
921781,4
921782,4
921783,4
921784,5
921785,4
921786,1
921787,4
921788,5
921789,4
921790,4
921791,4
921792,1
921793,4
921794,4
921795,1
921796,4
921797,4
921798,4
921799,4
921800,4
921801,4
921802,4
921803,4
921804,4
921805,5
921806,4
921807,4
921808,5
921809,4
921810,5
921811,4
921812,4
921813,1
921814,4
921815,4
921816,4
921817,4
921818,4
921819,5
921820,4
921821,4
921822,4
921823,4
921824,4
921825,4
921826,4
921827,4
921828,1
921829,4
921830,4
921831,4
921832,4
921833,4
921834,4
921835,4
921836,4
921837,4
921838,4
921839,4
921840,4
921841,4
921842,4
921843,4
921844,4
921845,4
921846,1
921847,4
921848,4
921849,4
921850,4
921851,4
921852,1
921853,4
921854,1
921855,1
921856,4
921857,4
921858,4
921859,1
921860,4
921861,4
921862,4
921863,4
921864,4
921865,4
921866,1
921867,1
921868,4
921869,1
921870,4
921871,4
921872,4
921873,4
921874,4
921875,1
921876,4
921877,4
921878,4
921879,4
921880,4
921881,4
921882,4
921883,1
921884,4
921885,4
921886,4
921887,4
921888,4
921889,4
921890,1
921891,5
921892,4
921893,5
921894,4
921895,4
921896,4
921897,4
921898,4
921899,4
921900,4
921901,4
921902,1
921903,4
921904,4
921905,4
921906,4
921907,4
921908,4
921909,5
921910,4
921911,4
921912,4
921913,1
921914,4
921915,4
921916,5
921917,4
921918,4
921919,4
921920,1
921921,4
921922,1
921923,4
921924,4
921925,4
921926,4
921927,4
921928,4
921929,5
921930,4
921931,4
921932,4
921933,1
921934,5
921935,1
921936,5
921937,4
921938,4
921939,4
921940,4
921941,4
921942,4
921943,4
921944,4
921945,4
921946,4
921947,4
921948,1
921949,4
921950,4
921951,1
921952,4
921953,4
921954,4
921955,4
921956,4
921957,4
921958,4
921959,4
921960,4
921961,4
921962,1
921963,5
921964,5
921965,4
921966,4
921967,4
921968,4
921969,4
921970,4
921971,4
921972,4
921973,4
921974,4
921975,4
921976,4
921977,4
921978,4
921979,4
921980,1
921981,5
921982,4
921983,1
921984,4
921985,4
921986,4
921987,4
921988,4
921989,4
921990,4
921991,4
921992,4
921993,4
921994,4
921995,4
921996,4
921997,4
921998,5
921999,4
922000,5
922001,4
922002,5
922003,4
922004,1
922005,4
922006,4
922007,4
922008,4
922009,4
922010,4
922011,1
922012,4
922013,4
922014,4
922015,4
922016,4
922017,5
922018,4
922019,4
922020,4
922021,4
922022,1
922023,4
922024,4
922025,4
922026,4
922027,5
922028,1
922029,4
922030,4
922031,5
922032,5
922033,1
922034,4
922035,4
922036,5
922037,4
922038,4
922039,4
922040,1
922041,4
922042,4
922043,4
922044,5
922045,4
922046,4
922047,4
922048,4
922049,4
922050,4
922051,4
922052,4
922053,4
922054,4
922055,4
922056,4
922057,4
922058,4
922059,4
922060,4
922061,4
922062,5
922063,4
922064,4
922065,4
922066,4
922067,4
922068,4
922069,4
922070,4
922071,4
922072,4
922073,4
922074,4
922075,4
922076,4
922077,4
922078,4
922079,4
922080,1
922081,4
922082,4
922083,4
922084,4
922085,4
922086,4
922087,1
922088,4
922089,4
922090,1
922091,4
922092,4
922093,4
922094,4
922095,4
922096,4
922097,4
922098,1
922099,4
922100,4
922101,4
922102,4
922103,4
922104,4
922105,4
922106,4
922107,4
922108,4
922109,4
922110,4
922111,4
922112,4
922113,4
922114,4
922115,4
922116,1
922117,4
922118,4
922119,4
922120,4
922121,4
922122,4
922123,4
922124,4
922125,4
922126,4
922127,4
922128,4
922129,4
922130,4
922131,4
922132,4
922133,4
922134,4
922135,3
922136,4
922137,4
922138,4
922139,4
922140,4
922141,4
922142,4
922143,4
922144,4
922145,5
922146,4
922147,4
922148,4
922149,4
922150,4
922151,1
922152,4
922153,4
922154,4
922155,4
922156,4
922157,5
922158,4
922159,4
922160,5
922161,1
922162,4
922163,4
922164,4
922165,4
922166,4
922167,4
922168,4
922169,4
922170,5
922171,1
922172,4
922173,4
922174,4
922175,4
922176,4
922177,4
922178,4
922179,5
922180,4
922181,4
922182,4
922183,4
922184,4
922185,4
922186,4
922187,4
922188,4
922189,4
922190,4
922191,4
922192,4
922193,4
922194,4
922195,4
922196,4
922197,4
922198,1
922199,4
922200,4
922201,4
922202,4
922203,4
922204,4
922205,4
922206,1
922207,4
922208,4
922209,4
922210,4
922211,4
922212,4
922213,4
922214,4
922215,4
922216,4
922217,4
922218,4
922219,4
922220,4
922221,4
922222,4
922223,4
922224,4
922225,4
922226,4
922227,5
922228,1
922229,4
922230,4
922231,4
922232,4
922233,3
922234,4
922235,4
922236,4
922237,4
922238,4
922239,4
922240,4
922241,4
922242,4
922243,4
922244,4
922245,4
922246,4
922247,4
922248,4
922249,1
922250,4
922251,4
922252,4
922253,4
922254,4
922255,4
922256,4
922257,4
922258,4
922259,4
922260,4
922261,4
922262,4
922263,4
922264,4
922265,4
922266,4
922267,4
922268,4
922269,4
922270,1
922271,4
922272,4
922273,4
922274,4
922275,1
922276,4
922277,4
922278,4
922279,1
922280,4
922281,1
922282,4
922283,4
922284,4
922285,1
922286,4
922287,4
922288,4
922289,4
922290,4
922291,4
922292,4
922293,4
922294,4
922295,4
922296,4
922297,4
922298,4
922299,4
922300,1
922301,4
922302,4
922303,4
922304,4
922305,4
922306,1
922307,4
922308,4
922309,4
922310,4
922311,4
922312,4
922313,4
922314,4
922315,4
922316,4
922317,3
922318,4
922319,4
922320,4
922321,4
922322,4
922323,4
922324,5
922325,1
922326,4
922327,4
922328,4
922329,4
922330,1
922331,4
922332,1
922333,5
922334,4
922335,5
922336,5
922337,5
922338,4
922339,5
922340,1
922341,4
922342,4
922343,4
922344,1
922345,4
922346,4
922347,4
922348,4
922349,1
922350,5
922351,5
922352,4
922353,4
922354,4
922355,4
922356,5
922357,4
922358,4
922359,4
922360,4
922361,4
922362,1
922363,4
922364,4
922365,5
922366,1
922367,4
922368,4
922369,4
922370,4
922371,4
922372,4
922373,4
922374,4
922375,4
922376,4
922377,5
922378,4
922379,4
922380,4
922381,4
922382,5
922383,4
922384,1
922385,4
922386,4
922387,1
922388,4
922389,5
922390,4
922391,1
922392,4
922393,4
922394,4
922395,4
922396,4
922397,4
922398,4
922399,4
922400,4
922401,4
922402,4
922403,4
922404,4
922405,4
922406,4
922407,4
922408,4
922409,4
922410,4
922411,4
922412,4
922413,3
922414,4
922415,4
922416,4
922417,4
922418,4
922419,4
922420,4
922421,4
922422,4
922423,4
922424,4
922425,1
922426,1
922427,4
922428,4
922429,4
922430,1
922431,1
922432,4
922433,4
922434,4
922435,4
922436,4
922437,4
922438,4
922439,4
922440,4
922441,1
922442,1
922443,1
922444,4
922445,4
922446,4
922447,4
922448,5
922449,4
922450,4
922451,4
922452,4
922453,4
922454,1
922455,4
922456,1
922457,4
922458,3
922459,4
922460,4
922461,4
922462,4
922463,4
922464,4
922465,4
922466,4
922467,4
922468,4
922469,1
922470,4
922471,4
922472,4
922473,4
922474,4
922475,4
922476,4
922477,4
922478,1
922479,4
922480,4
922481,4
922482,4
922483,1
922484,3
922485,4
922486,4
922487,4
922488,3
922489,4
922490,3
922491,4
922492,3
922493,4
922494,4
922495,1
922496,4
922497,3
922498,4
922499,3
922500,4
922501,1
922502,3
922503,3
922504,4
922505,3
922506,1
922507,4
922508,4
922509,4
922510,1
922511,3
922512,1
922513,3
922514,4
922515,3
922516,3
922517,4
922518,3
922519,3
922520,1
922521,3
922522,3
922523,3
922524,4
922525,4
922526,3
922527,3
922528,4
922529,3
922530,4
922531,3
922532,3
922533,3
922534,4
922535,4
922536,1
922537,3
922538,3
922539,3
922540,3
922541,1
922542,3
922543,4
922544,4
922545,5
922546,4
922547,5
922548,4
922549,4
922550,4
922551,4
922552,4
