826553,4
826554,1
826555,1
826556,4
826557,4
826558,4
826559,4
826560,4
826561,4
826562,4
826563,4
826564,4
826565,1
826566,4
826567,4
826568,4
826569,4
826570,4
826571,4
826572,4
826573,1
826574,4
826575,4
826576,1
826577,4
826578,4
826579,4
826580,4
826581,4
826582,4
826583,4
826584,4
826585,4
826586,1
826587,4
826588,1
826589,4
826590,4
826591,1
826592,4
826593,3
826594,4
826595,4
826596,4
826597,4
826598,4
826599,4
826600,3
826601,3
826602,1
826603,3
826604,4
826605,3
826606,1
826607,3
826608,3
826609,4
826610,1
826611,3
826612,1
826613,4
826614,3
826615,3
826616,3
826617,3
826618,3
826619,4
826620,4
826621,4
826622,4
826623,4
826624,4
826625,1
826626,4
826627,4
826628,4
826629,1
826630,4
826631,4
826632,4
826633,4
826634,4
826635,4
826636,4
826637,4
826638,4
826639,4
826640,4
826641,4
826642,4
826643,1
826644,4
826645,4
826646,4
826647,4
826648,4
826649,4
826650,4
826651,4
826652,4
826653,4
826654,1
826655,4
826656,4
826657,1
826658,4
826659,4
826660,1
826661,4
826662,3
826663,4
826664,4
826665,4
826666,4
826667,4
826668,4
826669,4
826670,4
826671,4
826672,4
826673,4
826674,4
826675,4
826676,4
826677,4
826678,4
826679,4
826680,4
826681,3
826682,4
826683,4
826684,4
826685,4
826686,4
826687,4
826688,4
826689,4
826690,4
826691,1
826692,4
826693,1
826694,3
826695,4
826696,4
826697,4
826698,4
826699,4
826700,3
826701,4
826702,4
826703,4
826704,1
826705,4
826706,4
826707,4
826708,4
826709,4
826710,4
826711,4
826712,4
826713,4
826714,4
826715,4
826716,1
826717,4
826718,4
826719,4
826720,4
826721,4
826722,4
826723,4
826724,4
826725,4
826726,4
826727,1
826728,1
826729,4
826730,5
826731,4
826732,4
826733,4
826734,4
826735,4
826736,1
826737,4
826738,4
826739,4
826740,4
826741,4
826742,5
826743,4
826744,4
826745,1
826746,4
826747,4
826748,4
826749,4
826750,4
826751,4
826752,4
826753,1
826754,4
826755,1
826756,5
826757,4
826758,1
826759,4
826760,4
826761,4
826762,4
826763,4
826764,1
826765,3
826766,5
826767,4
826768,1
826769,4
826770,4
826771,4
826772,4
826773,4
826774,4
826775,4
826776,4
826777,4
826778,4
826779,4
826780,4
826781,1
826782,4
826783,4
826784,4
826785,4
826786,4
826787,4
826788,4
826789,4
826790,4
826791,4
826792,4
826793,4
826794,4
826795,4
826796,4
826797,4
826798,4
826799,4
826800,4
826801,4
826802,4
826803,4
826804,4
826805,4
826806,4
826807,4
826808,1
826809,4
826810,4
826811,5
826812,5
826813,4
826814,4
826815,5
826816,4
826817,5
826818,4
826819,5
826820,4
826821,5
826822,5
826823,4
826824,4
826825,4
826826,4
826827,4
826828,4
826829,4
826830,4
826831,4
826832,4
826833,4
826834,4
826835,4
826836,4
826837,1
826838,4
826839,5
826840,4
826841,4
826842,4
826843,4
826844,4
826845,4
826846,4
826847,4
826848,4
826849,4
826850,4
826851,4
826852,4
826853,4
826854,1
826855,4
826856,4
826857,4
826858,1
826859,4
826860,4
826861,1
826862,4
826863,1
826864,4
826865,4
826866,4
826867,4
826868,4
826869,5
826870,4
826871,4
826872,4
826873,4
826874,4
826875,5
826876,4
826877,4
826878,4
826879,4
826880,5
826881,5
826882,4
826883,5
826884,4
826885,4
826886,4
826887,1
826888,5
826889,4
826890,1
826891,4
826892,5
826893,4
826894,4
826895,4
826896,1
826897,4
826898,4
826899,4
826900,4
826901,5
826902,1
826903,4
826904,4
826905,4
826906,4
826907,1
826908,4
826909,4
826910,4
826911,4
826912,4
826913,4
826914,4
826915,4
826916,4
826917,4
826918,4
826919,4
826920,4
826921,4
826922,4
826923,4
826924,4
826925,4
826926,4
826927,4
826928,4
826929,4
826930,4
826931,4
826932,4
826933,4
826934,4
826935,4
826936,4
826937,4
826938,4
826939,4
826940,1
826941,4
826942,1
826943,4
826944,4
826945,5
826946,4
826947,4
826948,4
826949,4
826950,4
826951,4
826952,4
826953,4
826954,5
826955,4
826956,5
826957,5
826958,4
826959,4
826960,4
826961,1
826962,4
826963,4
826964,4
826965,4
826966,4
826967,4
826968,4
826969,4
826970,4
826971,4
826972,4
826973,4
826974,4
826975,4
826976,4
826977,4
826978,4
826979,4
826980,4
826981,4
826982,4
826983,4
826984,4
826985,4
826986,4
826987,5
826988,4
826989,3
826990,5
826991,4
826992,4
826993,5
826994,4
826995,4
826996,4
826997,4
826998,4
826999,4
827000,4
827001,3
827002,4
827003,4
827004,4
827005,1
827006,4
827007,4
827008,4
827009,4
827010,4
827011,4
827012,4
827013,4
827014,4
827015,4
827016,4
827017,4
827018,1
827019,4
827020,4
827021,4
827022,4
827023,1
827024,4
827025,4
827026,5
827027,4
827028,4
827029,4
827030,4
827031,1
827032,4
827033,4
827034,4
827035,3
827036,4
827037,4
827038,1
827039,4
827040,4
827041,5
827042,4
827043,4
827044,4
827045,3
827046,3
827047,3
827048,1
827049,3
827050,4
827051,4
827052,5
827053,4
827054,4
827055,4
827056,4
827057,4
827058,4
827059,4
827060,4
827061,5
827062,4
827063,4
827064,4
827065,4
827066,4
827067,5
827068,1
827069,4
827070,4
827071,5
827072,4
827073,4
827074,4
827075,4
827076,4
827077,4
827078,5
827079,4
827080,5
827081,4
827082,4
827083,4
827084,4
827085,4
827086,4
827087,4
827088,4
827089,4
827090,1
827091,4
827092,4
827093,4
827094,5
827095,4
827096,4
827097,4
827098,4
827099,4
827100,5
827101,4
827102,1
827103,4
827104,4
827105,1
827106,4
827107,4
827108,4
827109,4
827110,1
827111,4
827112,4
827113,4
827114,4
827115,4
827116,4
827117,4
827118,4
827119,4
827120,4
827121,4
827122,1
827123,4
827124,4
827125,4
827126,4
827127,1
827128,4
827129,4
827130,5
827131,4
827132,4
827133,4
827134,4
827135,4
827136,4
827137,4
827138,4
827139,5
827140,4
827141,4
827142,4
827143,4
827144,4
827145,4
827146,4
827147,4
827148,4
827149,4
827150,1
827151,4
827152,4
827153,5
827154,4
827155,4
827156,4
827157,4
827158,4
827159,4
827160,4
827161,1
827162,4
827163,4
827164,4
827165,4
827166,4
827167,4
827168,4
827169,4
827170,4
827171,4
827172,4
827173,4
827174,4
827175,4
827176,4
827177,4
827178,4
827179,4
827180,4
827181,4
827182,4
827183,4
827184,4
827185,1
827186,4
827187,4
827188,1
827189,4
827190,4
827191,1
827192,4
827193,4
827194,1
827195,4
827196,4
827197,4
827198,4
827199,4
827200,4
827201,4
827202,4
827203,4
827204,4
827205,4
827206,4
827207,1
827208,5
827209,4
827210,4
827211,4
827212,4
827213,4
827214,4
827215,4
827216,1
827217,4
827218,1
827219,4
827220,4
827221,1
827222,4
827223,1
827224,1
827225,4
827226,4
827227,4
827228,4
827229,4
827230,1
827231,1
827232,4
827233,4
827234,4
827235,4
827236,4
827237,4
827238,4
827239,4
827240,1
827241,4
827242,4
827243,4
827244,4
827245,4
827246,4
827247,4
827248,4
827249,5
827250,1
827251,4
827252,1
827253,4
827254,4
827255,4
827256,4
827257,4
827258,4
827259,4
827260,1
827261,4
827262,4
827263,4
827264,4
827265,4
827266,4
827267,4
827268,4
827269,4
827270,4
827271,4
827272,4
827273,4
827274,4
827275,4
827276,4
827277,1
827278,5
827279,4
827280,4
827281,4
827282,4
827283,4
827284,1
827285,4
827286,4
827287,4
827288,4
827289,4
827290,4
827291,4
827292,4
827293,5
827294,4
827295,5
827296,4
827297,4
827298,4
827299,5
827300,4
827301,5
827302,5
827303,4
827304,4
827305,4
827306,4
827307,4
827308,4
827309,1
827310,1
827311,4
827312,4
827313,1
827314,4
827315,4
827316,5
827317,4
827318,5
827319,4
827320,3
827321,3
827322,4
827323,4
827324,3
827325,1
827326,4
827327,4
827328,4
827329,1
827330,4
827331,1
827332,4
827333,4
827334,3
827335,1
827336,1
827337,3
827338,4
827339,4
827340,4
827341,4
827342,4
827343,4
827344,4
827345,4
827346,4
827347,3
827348,4
827349,1
827350,4
827351,4
827352,1
827353,1
827354,1
827355,4
827356,4
827357,3
827358,4
827359,4
827360,3
827361,4
827362,1
827363,3
827364,4
827365,4
827366,3
827367,4
827368,4
827369,4
827370,4
827371,4
827372,4
827373,4
827374,4
827375,4
827376,1
827377,4
827378,4
827379,1
827380,4
827381,4
827382,4
827383,4
827384,4
827385,4
827386,4
827387,4
827388,4
827389,1
827390,4
827391,4
827392,4
827393,4
827394,4
827395,4
827396,4
827397,1
827398,4
827399,4
827400,4
827401,4
827402,4
827403,4
827404,4
827405,4
827406,4
827407,4
827408,4
827409,4
827410,4
827411,4
827412,4
827413,1
827414,5
827415,4
827416,4
827417,1
827418,4
827419,4
827420,5
827421,4
827422,1
827423,1
827424,3
827425,4
827426,4
827427,4
827428,4
827429,4
827430,4
827431,4
827432,4
827433,4
827434,4
827435,4
827436,4
827437,1
827438,4
827439,4
827440,4
827441,4
827442,4
827443,4
827444,4
827445,4
827446,1
827447,1
827448,4
827449,1
827450,4
827451,4
827452,4
827453,4
827454,4
827455,4
827456,4
827457,4
827458,4
827459,1
827460,4
827461,4
827462,4
827463,4
827464,3
827465,4
827466,4
827467,4
827468,4
827469,1
827470,5
827471,4
827472,4
827473,5
827474,4
827475,5
827476,4
827477,4
827478,4
827479,4
827480,1
827481,5
827482,4
827483,4
827484,5
827485,4
827486,4
827487,4
827488,4
827489,4
827490,1
827491,5
827492,4
827493,4
827494,1
827495,4
827496,4
827497,4
827498,4
827499,4
827500,4
827501,4
827502,4
827503,3
827504,5
827505,4
827506,3
827507,4
827508,4
827509,4
827510,4
827511,4
827512,4
827513,4
827514,4
827515,4
827516,4
827517,4
827518,4
827519,4
827520,4
827521,4
827522,4
827523,4
827524,4
827525,4
827526,4
827527,4
827528,4
827529,4
827530,4
827531,4
827532,4
827533,3
827534,4
827535,4
827536,4
827537,4
827538,4
827539,4
827540,4
827541,4
827542,4
827543,4
827544,1
827545,4
827546,4
827547,4
827548,4
827549,1
827550,4
827551,4
827552,4
827553,4
827554,4
827555,4
827556,4
827557,4
827558,4
827559,4
827560,4
827561,4
827562,4
827563,4
827564,4
827565,1
827566,4
827567,1
827568,1
827569,4
827570,4
827571,4
827572,4
827573,4
827574,4
827575,4
827576,4
827577,4
827578,4
827579,4
827580,4
827581,4
827582,4
827583,4
827584,4
827585,4
827586,4
827587,1
827588,4
827589,4
827590,4
827591,4
827592,4
827593,1
827594,4
827595,4
827596,4
827597,4
827598,4
827599,4
827600,4
827601,4
827602,4
827603,4
827604,1
827605,1
827606,4
827607,4
827608,1
827609,4
827610,4
827611,1
827612,4
827613,4
827614,4
827615,1
827616,4
827617,4
827618,1
827619,4
827620,4
827621,4
827622,4
827623,4
827624,4
827625,4
827626,4
827627,4
827628,4
827629,4
827630,4
827631,4
827632,4
827633,4
827634,4
827635,4
827636,4
827637,4
827638,4
827639,4
827640,4
827641,4
827642,4
827643,1
827644,4
827645,1
827646,1
827647,1
827648,4
827649,4
827650,4
827651,4
827652,4
827653,4
827654,4
827655,4
827656,4
827657,4
827658,4
827659,4
827660,4
827661,1
827662,4
827663,4
827664,4
827665,4
827666,4
827667,4
827668,4
827669,1
827670,4
827671,4
827672,1
827673,4
827674,4
827675,4
827676,4
827677,4
827678,4
827679,4
827680,5
827681,4
827682,4
827683,5
827684,4
827685,4
827686,4
827687,4
827688,4
827689,4
827690,4
827691,4
827692,4
827693,4
827694,1
827695,4
827696,4
827697,4
827698,4
827699,4
827700,4
827701,4
827702,4
827703,4
827704,4
827705,4
827706,1
827707,4
827708,4
827709,4
827710,4
827711,4
827712,4
827713,1
827714,4
827715,4
827716,4
827717,4
827718,4
827719,4
827720,4
827721,4
827722,4
827723,1
827724,4
827725,4
827726,4
827727,4
827728,4
827729,4
827730,4
827731,1
827732,4
827733,4
827734,4
827735,4
827736,4
827737,4
827738,4
827739,4
827740,4
827741,4
827742,4
827743,4
827744,4
827745,4
827746,4
827747,4
827748,5
827749,4
827750,4
827751,4
827752,4
827753,4
827754,4
827755,5
827756,4
827757,4
827758,4
827759,4
827760,4
827761,5
827762,4
827763,4
827764,4
827765,5
827766,4
827767,4
827768,4
827769,5
827770,5
827771,4
827772,4
827773,4
827774,5
827775,1
827776,4
827777,4
827778,4
827779,1
827780,4
827781,4
827782,4
827783,4
827784,4
827785,4
827786,4
827787,4
827788,4
827789,4
827790,4
827791,4
827792,4
827793,4
827794,5
827795,4
827796,4
827797,4
827798,5
827799,5
827800,4
827801,5
827802,5
827803,4
827804,5
827805,4
827806,1
827807,4
827808,4
827809,4
827810,4
827811,1
827812,4
827813,4
827814,4
827815,4
827816,4
827817,4
827818,4
827819,3
827820,4
827821,4
827822,1
827823,4
827824,4
827825,4
827826,4
827827,4
827828,4
827829,4
827830,4
827831,4
827832,4
827833,4
827834,4
827835,4
827836,4
827837,4
827838,4
827839,4
827840,5
827841,4
827842,4
827843,3
827844,5
827845,4
827846,3
827847,4
827848,5
827849,3
827850,4
827851,1
827852,3
827853,1
827854,4
827855,1
827856,4
827857,4
827858,4
827859,4
827860,5
827861,3
827862,3
827863,4
827864,5
827865,1
827866,4
827867,1
827868,4
827869,4
827870,4
827871,4
827872,4
827873,4
827874,4
827875,4
827876,4
827877,4
827878,4
827879,5
827880,5
827881,4
827882,1
827883,4
827884,4
827885,5
827886,4
827887,4
827888,4
827889,4
827890,1
827891,4
827892,4
827893,4
827894,1
827895,4
827896,4
827897,5
827898,4
827899,4
827900,5
827901,4
827902,1
827903,4
827904,4
827905,4
827906,4
827907,4
827908,4
827909,4
827910,4
827911,4
827912,4
827913,4
827914,4
827915,4
827916,4
827917,1
827918,4
827919,4
827920,4
827921,4
827922,4
827923,4
827924,4
827925,4
827926,4
827927,4
827928,4
827929,4
827930,4
827931,1
827932,4
827933,4
827934,4
827935,1
827936,4
827937,4
827938,4
827939,4
827940,4
827941,4
827942,4
827943,4
827944,1
827945,4
827946,4
827947,4
827948,4
827949,1
827950,4
827951,5
827952,5
827953,4
827954,4
827955,4
827956,4
827957,4
827958,4
827959,4
827960,5
827961,4
827962,4
827963,5
827964,4
827965,4
827966,4
827967,4
827968,4
827969,5
827970,4
827971,4
827972,4
827973,4
827974,5
827975,5
827976,1
827977,4
827978,5
827979,4
827980,4
827981,4
827982,4
827983,4
827984,4
827985,5
827986,4
827987,4
827988,4
827989,4
827990,4
827991,5
827992,4
827993,4
827994,4
827995,4
827996,4
827997,4
827998,4
827999,4
828000,4
828001,1
828002,4
828003,4
828004,4
828005,4
828006,5
828007,4
828008,5
828009,4
828010,4
828011,4
828012,4
828013,4
828014,4
828015,4
828016,3
828017,4
828018,1
828019,4
828020,4
828021,4
828022,4
828023,1
828024,1
828025,4
828026,3
828027,4
828028,4
828029,4
828030,4
828031,4
828032,4
828033,5
828034,4
828035,4
828036,4
828037,1
828038,4
828039,4
828040,4
828041,4
828042,4
828043,4
828044,4
828045,4
828046,4
828047,4
828048,5
828049,4
828050,4
828051,4
828052,4
828053,4
828054,4
828055,4
828056,4
828057,4
828058,4
828059,4
828060,4
828061,1
828062,4
828063,4
828064,4
828065,4
828066,4
828067,3
828068,1
828069,4
828070,4
828071,1
828072,4
828073,4
828074,4
828075,5
828076,4
828077,4
828078,4
828079,4
828080,4
828081,5
828082,4
828083,4
828084,4
828085,4
828086,1
828087,4
828088,4
828089,1
828090,4
828091,4
828092,4
828093,4
828094,4
828095,4
828096,4
828097,4
828098,4
828099,1
828100,4
828101,4
828102,5
828103,4
828104,4
828105,4
828106,4
828107,4
828108,4
828109,5
828110,4
828111,4
828112,4
828113,4
828114,4
828115,4
828116,3
828117,4
828118,4
828119,4
828120,4
828121,4
828122,4
828123,4
828124,4
828125,4
828126,4
828127,4
828128,4
828129,4
828130,4
828131,4
828132,4
828133,4
828134,4
828135,4
828136,4
828137,5
828138,4
828139,4
828140,4
828141,4
828142,4
828143,4
828144,5
828145,4
828146,4
828147,4
828148,4
828149,4
828150,1
828151,4
828152,3
828153,4
828154,3
828155,4
828156,4
828157,4
828158,4
828159,4
828160,4
828161,4
828162,5
828163,4
828164,1
828165,4
828166,5
828167,4
828168,4
828169,4
828170,4
828171,1
828172,4
828173,4
828174,4
828175,4
828176,5
828177,4
828178,4
828179,4
828180,4
828181,4
828182,5
828183,4
828184,5
828185,4
828186,5
828187,4
828188,4
828189,5
828190,4
828191,4
828192,4
828193,5
828194,4
828195,4
828196,4
828197,4
828198,4
828199,4
828200,4
828201,4
828202,4
828203,4
828204,5
828205,4
828206,4
828207,4
828208,4
828209,4
828210,4
828211,4
828212,4
828213,4
828214,4
828215,4
828216,4
828217,4
828218,4
828219,4
828220,5
828221,4
828222,5
828223,4
828224,4
828225,4
828226,4
828227,4
828228,4
828229,5
828230,4
828231,4
828232,4
828233,4
828234,4
828235,4
828236,4
828237,1
828238,4
828239,4
828240,4
828241,4
828242,4
828243,1
828244,4
828245,4
828246,4
828247,4
828248,4
828249,1
828250,4
828251,4
828252,4
828253,4
828254,4
828255,4
828256,4
828257,4
828258,4
828259,4
828260,1
828261,4
828262,1
828263,1
828264,4
828265,4
828266,1
828267,4
828268,4
828269,4
828270,4
828271,4
828272,4
828273,4
828274,4
828275,4
828276,4
828277,4
828278,4
828279,4
828280,4
828281,4
828282,5
828283,4
828284,4
828285,4
828286,4
828287,4
828288,4
828289,4
828290,4
828291,1
828292,4
828293,4
828294,1
828295,3
828296,1
828297,1
828298,4
828299,4
828300,5
828301,3
828302,3
828303,4
828304,3
828305,1
828306,4
828307,4
828308,3
828309,1
828310,4
828311,3
828312,1
828313,4
828314,3
828315,4
828316,4
828317,4
828318,4
828319,3
828320,4
828321,3
828322,4
828323,1
828324,3
828325,3
828326,1
828327,3
828328,3
828329,4
828330,4
828331,3
828332,4
828333,3
828334,4
828335,4
828336,1
828337,3
828338,5
828339,3
828340,5
828341,1
828342,3
828343,4
828344,4
828345,4
828346,4
828347,4
828348,4
828349,5
828350,4
828351,5
828352,4
828353,4
828354,4
828355,4
828356,4
828357,4
828358,4
828359,4
828360,4
828361,4
828362,4
828363,4
828364,4
828365,4
828366,4
828367,4
828368,1
828369,4
828370,4
828371,1
828372,4
828373,4
828374,4
828375,4
828376,4
828377,4
828378,4
828379,4
828380,4
828381,4
828382,4
828383,4
828384,4
828385,4
828386,4
828387,4
828388,1
828389,3
828390,1
828391,4
828392,4
828393,4
828394,4
828395,4
828396,4
828397,4
828398,5
828399,4
828400,5
828401,4
828402,4
828403,4
828404,4
828405,4
828406,5
828407,3
828408,3
828409,5
828410,4
828411,4
828412,5
828413,4
828414,4
828415,4
828416,5
828417,4
828418,4
828419,4
828420,4
828421,4
828422,4
828423,4
828424,4
828425,5
828426,5
828427,4
828428,4
828429,4
828430,4
828431,1
828432,4
828433,4
828434,1
828435,4
828436,4
828437,4
828438,4
828439,4
828440,4
828441,1
828442,5
828443,4
828444,4
828445,4
828446,4
828447,4
828448,4
828449,4
828450,4
828451,4
828452,1
828453,4
828454,4
828455,1
828456,4
828457,4
828458,4
828459,4
828460,4
828461,4
828462,5
828463,1
828464,4
828465,4
828466,1
828467,4
828468,4
828469,4
828470,4
828471,4
828472,4
828473,4
828474,4
828475,4
828476,5
828477,4
828478,4
828479,4
828480,5
828481,4
828482,4
828483,5
828484,4
828485,4
828486,4
828487,4
828488,4
828489,4
828490,1
828491,4
828492,5
828493,4
828494,4
828495,5
828496,4
828497,4
828498,5
828499,1
828500,4
828501,1
828502,4
828503,4
828504,4
828505,4
828506,4
828507,4
828508,4
828509,4
828510,4
828511,4
828512,4
828513,4
828514,3
828515,3
828516,3
828517,4
828518,3
828519,4
828520,4
828521,4
828522,4
828523,1
828524,4
828525,4
828526,1
828527,1
828528,4
828529,4
828530,4
828531,4
828532,4
828533,4
828534,4
828535,4
828536,4
828537,4
828538,4
828539,1
828540,1
828541,4
828542,4
828543,4
828544,4
828545,4
828546,4
828547,4
828548,4
828549,4
828550,4
828551,4
828552,1
828553,4
828554,4
828555,4
828556,4
828557,4
828558,1
828559,4
828560,4
828561,4
828562,4
828563,4
828564,4
828565,5
828566,4
828567,4
828568,4
828569,4
828570,4
828571,4
828572,4
828573,1
828574,4
828575,4
828576,4
828577,4
828578,4
828579,4
828580,4
828581,4
828582,1
828583,4
828584,4
828585,4
828586,4
828587,4
828588,4
828589,4
828590,4
828591,4
828592,4
828593,4
828594,1
828595,4
828596,4
828597,4
828598,4
828599,4
828600,4
828601,1
828602,4
828603,4
828604,1
828605,4
828606,4
828607,1
828608,4
828609,4
828610,4
828611,4
828612,1
828613,4
828614,4
828615,4
828616,4
828617,4
828618,4
828619,4
828620,4
828621,4
828622,4
828623,4
828624,4
828625,4
828626,4
828627,4
828628,4
828629,4
828630,4
828631,4
828632,4
828633,4
828634,4
828635,4
828636,4
828637,4
828638,4
828639,4
828640,4
828641,4
828642,4
828643,4
828644,4
828645,4
828646,4
828647,4
828648,4
828649,4
828650,1
828651,4
828652,4
828653,1
828654,4
828655,4
828656,4
828657,1
828658,1
828659,4
828660,4
828661,4
828662,1
828663,1
828664,4
828665,4
828666,3
828667,4
828668,4
828669,5
828670,4
828671,4
828672,4
828673,4
828674,4
828675,4
828676,4
828677,4
828678,4
828679,5
828680,4
828681,4
828682,4
828683,4
828684,4
828685,4
828686,4
828687,4
828688,4
828689,4
828690,4
828691,4
828692,4
828693,1
828694,1
828695,4
828696,4
828697,4
828698,4
828699,4
828700,1
828701,4
828702,4
828703,4
828704,4
828705,4
828706,4
828707,4
828708,5
828709,4
828710,1
828711,4
828712,4
828713,4
828714,3
828715,4
828716,4
828717,4
828718,4
828719,4
828720,4
828721,4
828722,4
828723,4
828724,4
828725,4
828726,4
828727,4
828728,1
828729,5
828730,4
828731,4
828732,4
828733,4
828734,1
828735,4
828736,4
828737,4
828738,4
828739,4
828740,4
828741,4
828742,4
828743,4
828744,4
828745,4
828746,5
828747,4
828748,4
828749,5
828750,4
828751,4
828752,4
828753,4
828754,1
828755,4
828756,4
828757,4
828758,4
828759,5
828760,4
828761,4
828762,4
828763,4
828764,4
828765,4
828766,4
828767,4
828768,4
828769,4
828770,4
828771,4
828772,4
828773,4
828774,4
828775,1
828776,1
828777,4
828778,1
828779,5
828780,5
828781,5
828782,4
828783,4
828784,4
828785,4
828786,5
828787,4
828788,5
828789,4
828790,4
828791,4
828792,4
828793,4
828794,4
828795,4
828796,4
828797,4
828798,4
828799,4
828800,4
828801,1
828802,4
828803,4
828804,4
828805,4
828806,4
828807,5
828808,4
828809,1
828810,1
828811,4
828812,5
828813,4
828814,3
828815,4
828816,4
828817,4
828818,5
828819,1
828820,4
828821,5
828822,4
828823,4
828824,4
828825,4
828826,1
828827,4
828828,4
828829,4
828830,4
828831,4
828832,4
828833,4
828834,3
828835,4
828836,1
828837,4
828838,4
828839,3
828840,1
828841,1
828842,4
828843,1
828844,5
828845,4
828846,1
828847,4
828848,4
828849,3
828850,4
828851,4
828852,1
828853,3
828854,1
828855,1
828856,4
828857,4
828858,1
828859,4
828860,4
828861,3
828862,4
828863,3
828864,3
828865,4
828866,4
828867,4
828868,5
828869,4
828870,4
828871,4
828872,1
828873,4
828874,4
828875,1
828876,1
828877,4
828878,4
828879,4
828880,4
828881,4
828882,4
828883,4
828884,4
828885,4
828886,1
828887,1
828888,4
828889,4
828890,1
828891,4
828892,1
828893,4
828894,4
828895,4
828896,4
828897,4
828898,4
828899,4
828900,4
828901,4
828902,1
828903,4
828904,4
828905,4
828906,1
828907,4
828908,4
828909,1
828910,4
828911,4
828912,4
828913,4
828914,4
828915,4
828916,4
828917,4
828918,4
828919,4
828920,4
828921,4
828922,4
828923,1
828924,4
828925,5
828926,5
828927,4
828928,1
828929,4
828930,4
828931,4
828932,4
828933,4
828934,4
828935,4
828936,5
828937,5
828938,4
828939,1
828940,4
828941,1
828942,4
828943,4
828944,4
828945,4
828946,4
828947,4
828948,4
828949,4
828950,5
828951,4
828952,4
828953,4
828954,4
828955,1
828956,1
828957,4
828958,4
828959,4
828960,4
828961,1
828962,4
828963,4
828964,4
828965,4
828966,4
828967,4
828968,1
828969,5
828970,4
828971,4
828972,4
828973,1
828974,4
828975,4
828976,4
828977,1
828978,1
828979,5
828980,4
828981,4
828982,4
828983,1
828984,3
828985,4
828986,4
828987,4
828988,4
828989,3
828990,5
828991,4
828992,4
828993,4
828994,4
828995,4
828996,4
828997,4
828998,4
828999,4
829000,4
829001,1
829002,4
829003,4
829004,4
829005,4
829006,4
829007,4
829008,4
829009,4
829010,4
829011,4
829012,4
829013,4
829014,4
829015,3
829016,4
829017,4
829018,3
829019,4
829020,4
829021,1
829022,4
829023,3
829024,4
829025,5
829026,4
829027,4
829028,4
829029,5
829030,4
829031,5
829032,1
829033,3
829034,4
829035,1
829036,4
829037,4
829038,4
829039,4
829040,4
829041,4
829042,4
829043,4
829044,4
829045,1
829046,4
829047,4
829048,5
829049,4
829050,4
829051,4
829052,4
829053,4
829054,4
829055,4
829056,4
829057,4
829058,4
829059,4
829060,1
829061,4
829062,1
829063,4
829064,4
829065,4
829066,4
829067,4
829068,5
829069,4
829070,4
829071,4
829072,1
829073,1
829074,4
829075,3
829076,4
829077,1
829078,4
829079,3
829080,4
829081,4
829082,4
829083,4
829084,4
829085,4
829086,4
829087,4
829088,4
829089,4
829090,4
829091,1
829092,4
829093,4
829094,4
829095,1
829096,4
829097,4
829098,4
829099,3
829100,4
829101,4
829102,4
829103,4
829104,4
829105,4
829106,4
829107,4
829108,4
829109,1
829110,4
829111,4
829112,1
829113,4
829114,5
829115,4
829116,4
829117,4
829118,1
829119,4
829120,4
829121,4
829122,4
829123,4
829124,1
829125,4
829126,4
829127,4
829128,4
829129,4
829130,4
829131,4
829132,3
829133,4
829134,4
829135,4
829136,4
829137,1
829138,3
829139,5
829140,4
829141,4
829142,4
829143,4
829144,4
829145,4
829146,4
829147,4
829148,1
829149,4
829150,1
829151,4
829152,4
829153,4
829154,1
829155,4
829156,4
829157,4
829158,4
829159,4
829160,4
829161,4
829162,1
829163,4
829164,4
829165,1
829166,4
829167,4
829168,4
829169,4
829170,5
829171,4
829172,5
829173,4
829174,1
829175,4
829176,4
829177,4
829178,4
829179,4
829180,5
829181,4
829182,4
829183,4
829184,4
829185,4
829186,5
829187,1
829188,4
829189,4
829190,1
829191,4
829192,4
829193,4
829194,4
829195,4
829196,4
829197,5
829198,4
829199,1
829200,5
829201,4
829202,4
829203,4
829204,4
829205,4
829206,4
829207,4
829208,4
829209,1
829210,5
829211,4
829212,1
829213,4
829214,5
829215,5
829216,5
829217,4
829218,4
829219,4
829220,4
829221,4
829222,5
829223,5
829224,1
829225,5
829226,4
829227,5
829228,4
829229,4
829230,4
829231,1
829232,4
829233,4
829234,4
829235,1
829236,4
829237,4
829238,4
829239,4
829240,4
829241,4
829242,4
829243,1
829244,4
829245,5
829246,4
829247,4
829248,4
829249,4
829250,4
829251,4
829252,4
829253,4
829254,4
829255,4
829256,4
829257,4
829258,4
829259,1
829260,4
829261,4
829262,4
829263,4
829264,4
829265,4
829266,4
829267,4
829268,4
829269,4
829270,4
829271,4
829272,4
829273,4
829274,4
829275,4
829276,1
829277,4
829278,4
829279,4
829280,4
829281,1
829282,4
829283,4
829284,4
829285,1
829286,4
829287,4
829288,4
829289,4
829290,4
829291,4
829292,4
829293,1
829294,4
829295,4
829296,3
829297,4
829298,4
829299,4
829300,4
829301,4
829302,4
829303,4
829304,4
829305,4
829306,4
829307,4
829308,4
829309,1
829310,4
829311,4
829312,4
829313,1
829314,3
829315,4
829316,4
829317,1
829318,1
829319,1
829320,4
829321,4
829322,4
829323,4
829324,4
829325,4
829326,4
829327,4
829328,4
829329,4
829330,1
829331,4
829332,4
829333,4
829334,4
829335,4
829336,4
829337,4
829338,4
829339,4
829340,4
829341,4
829342,4
829343,4
829344,4
829345,4
829346,4
829347,4
829348,4
829349,4
829350,4
829351,1
829352,4
829353,4
829354,4
829355,4
829356,4
829357,1
829358,4
829359,1
829360,4
829361,4
829362,4
829363,1
829364,4
829365,1
829366,4
829367,4
829368,4
829369,4
829370,4
829371,4
829372,1
829373,1
829374,4
829375,4
829376,4
829377,3
829378,4
829379,4
829380,4
829381,4
829382,4
829383,4
829384,4
829385,4
829386,4
829387,4
829388,4
829389,4
829390,4
829391,4
829392,4
829393,4
829394,4
829395,4
829396,4
829397,4
829398,4
829399,1
829400,1
829401,4
829402,4
829403,4
829404,4
829405,4
829406,5
829407,5
829408,4
829409,4
829410,5
829411,4
829412,1
829413,1
829414,3
829415,4
829416,4
829417,4
829418,4
829419,4
829420,4
829421,4
829422,4
829423,1
829424,4
829425,4
829426,4
829427,4
829428,4
829429,1
829430,5
829431,4
829432,1
829433,4
829434,4
829435,4
829436,4
829437,4
829438,4
829439,4
829440,4
829441,1
829442,4
829443,1
829444,4
829445,4
829446,1
829447,1
829448,5
829449,4
829450,4
829451,4
829452,4
829453,4
829454,4
829455,4
829456,4
829457,4
829458,4
829459,1
829460,4
829461,4
829462,4
829463,4
829464,4
829465,4
829466,4
829467,4
829468,4
829469,1
829470,4
829471,1
829472,4
829473,4
829474,4
829475,4
829476,4
829477,5
829478,4
829479,1
829480,4
829481,4
829482,4
829483,4
829484,4
829485,4
829486,1
829487,4
829488,4
829489,5
829490,4
829491,4
829492,4
829493,4
829494,4
829495,4
829496,4
829497,4
829498,4
829499,4
829500,3
829501,4
829502,4
829503,4
829504,5
829505,4
829506,4
829507,1
829508,3
829509,4
829510,4
829511,4
829512,4
829513,4
829514,4
829515,4
829516,4
829517,4
829518,4
829519,4
829520,4
829521,4
829522,1
829523,4
829524,4
829525,4
829526,4
829527,4
829528,4
829529,4
829530,4
829531,5
829532,4
829533,4
829534,4
829535,1
829536,4
829537,4
829538,1
829539,4
829540,4
829541,4
829542,1
829543,4
829544,4
829545,4
829546,4
829547,4
829548,4
829549,4
829550,4
829551,4
829552,1
829553,4
829554,4
829555,4
829556,4
829557,4
829558,4
829559,4
829560,1
829561,4
829562,4
829563,1
829564,4
829565,4
829566,4
829567,4
829568,4
829569,4
829570,1
829571,1
829572,1
829573,4
829574,4
829575,4
829576,4
829577,4
829578,4
829579,1
829580,4
829581,4
829582,4
829583,4
829584,4
829585,4
829586,4
829587,4
829588,1
829589,4
829590,4
829591,4
829592,4
829593,4
829594,1
829595,4
829596,4
829597,4
829598,5
829599,4
829600,4
829601,1
829602,4
829603,4
829604,5
829605,4
829606,4
829607,1
829608,5
829609,4
829610,4
829611,4
829612,4
829613,4
829614,1
829615,4
829616,4
829617,4
829618,4
829619,4
829620,4
829621,4
829622,5
829623,4
829624,1
829625,4
829626,4
829627,1
829628,4
829629,4
829630,1
829631,4
829632,4
829633,1
829634,4
829635,4
829636,4
829637,4
829638,5
829639,4
829640,4
829641,4
829642,1
829643,4
829644,5
829645,4
829646,4
829647,4
829648,4
829649,4
829650,5
829651,4
829652,4
829653,4
829654,4
829655,4
829656,1
829657,4
829658,4
829659,4
829660,4
829661,4
829662,4
829663,4
829664,4
829665,4
829666,4
829667,4
829668,4
829669,4
829670,4
829671,4
829672,4
829673,4
829674,4
829675,4
829676,4
829677,4
829678,1
829679,5
829680,4
829681,4
829682,4
829683,4
829684,4
829685,4
829686,4
829687,4
829688,4
829689,1
829690,4
829691,4
829692,4
829693,4
829694,4
829695,4
829696,1
829697,4
829698,4
829699,4
829700,4
829701,4
829702,4
829703,4
829704,4
829705,4
829706,4
829707,4
829708,4
829709,4
829710,4
829711,5
829712,4
829713,4
829714,5
829715,4
829716,4
829717,1
829718,4
829719,4
829720,4
829721,4
829722,4
829723,4
829724,4
829725,1
829726,4
829727,4
829728,4
829729,4
829730,5
829731,4
829732,1
829733,4
829734,4
829735,1
829736,4
829737,4
829738,4
829739,1
829740,4
829741,4
829742,4
829743,5
829744,4
829745,4
829746,3
829747,4
829748,4
829749,4
829750,4
829751,5
829752,4
829753,4
829754,4
829755,4
829756,4
829757,4
829758,1
829759,4
829760,5
829761,4
829762,1
829763,4
829764,5
829765,5
829766,4
829767,4
829768,4
829769,1
829770,4
829771,4
829772,4
829773,4
829774,4
829775,5
829776,5
829777,4
829778,5
829779,4
829780,4
829781,4
829782,4
829783,4
829784,4
829785,4
829786,4
829787,4
829788,4
829789,4
829790,4
829791,4
829792,4
829793,4
829794,4
829795,4
829796,4
829797,5
829798,4
829799,4
829800,4
829801,4
829802,4
829803,4
829804,4
829805,4
829806,5
829807,5
829808,4
829809,4
829810,4
829811,5
829812,4
829813,4
829814,4
829815,4
829816,4
829817,4
829818,3
829819,4
829820,4
829821,4
829822,4
829823,4
829824,4
829825,4
829826,4
829827,4
829828,4
829829,5
829830,4
829831,1
829832,1
829833,4
829834,4
829835,4
829836,4
829837,4
829838,4
829839,4
829840,4
829841,4
829842,4
829843,4
829844,4
829845,4
829846,4
829847,4
829848,4
829849,4
829850,4
829851,1
829852,4
829853,4
829854,4
829855,4
829856,1
829857,1
829858,4
829859,1
829860,4
829861,4
829862,4
829863,4
829864,4
829865,4
829866,4
829867,4
829868,4
829869,4
829870,4
829871,4
829872,5
829873,4
829874,4
829875,4
829876,5
829877,4
829878,4
829879,4
829880,4
829881,5
829882,1
829883,4
829884,4
829885,4
829886,3
829887,4
829888,4
829889,4
829890,4
829891,4
829892,4
829893,5
829894,5
829895,4
829896,4
829897,4
829898,4
829899,4
829900,5
829901,4
829902,4
829903,4
829904,4
829905,4
829906,4
829907,4
829908,4
829909,4
829910,4
829911,4
829912,4
829913,5
829914,5
829915,4
829916,4
829917,5
829918,4
829919,4
829920,4
829921,1
829922,4
829923,4
829924,4
829925,4
829926,5
829927,4
829928,4
829929,5
829930,4
829931,5
829932,4
829933,4
829934,4
829935,4
829936,4
829937,4
829938,3
829939,1
829940,5
829941,4
829942,4
829943,5
829944,4
829945,4
829946,4
829947,5
829948,4
829949,4
829950,4
829951,4
829952,4
829953,4
829954,4
829955,4
829956,4
829957,4
829958,4
829959,4
829960,5
829961,4
829962,1
829963,5
829964,1
829965,4
829966,4
829967,4
829968,3
829969,1
829970,5
829971,4
829972,4
829973,5
829974,5
829975,4
829976,4
829977,4
829978,1
829979,4
829980,4
829981,4
829982,4
829983,4
829984,4
829985,5
829986,4
829987,4
829988,4
829989,1
829990,5
829991,4
829992,4
829993,4
829994,4
829995,4
829996,4
829997,1
829998,1
829999,4
830000,4
830001,4
830002,4
830003,4
830004,5
830005,4
830006,4
830007,5
830008,4
830009,4
830010,4
830011,4
830012,4
830013,5
830014,4
830015,4
830016,4
830017,4
830018,4
830019,4
830020,4
830021,4
830022,4
830023,1
830024,4
830025,4
830026,4
830027,4
830028,4
830029,4
830030,4
830031,4
830032,4
830033,4
830034,1
830035,4
830036,4
830037,4
830038,4
830039,4
830040,1
830041,4
830042,1
830043,4
830044,4
830045,4
830046,4
830047,1
830048,5
830049,4
830050,1
830051,4
830052,4
830053,1
830054,4
830055,1
830056,4
830057,4
830058,4
830059,4
830060,5
830061,4
830062,4
830063,4
830064,4
830065,4
830066,4
830067,4
830068,4
830069,4
830070,4
830071,4
830072,4
830073,4
830074,4
830075,4
830076,4
830077,4
830078,4
830079,4
830080,4
830081,4
830082,4
830083,5
830084,4
830085,4
830086,4
830087,4
830088,4
830089,4
830090,4
830091,4
830092,1
830093,4
830094,4
830095,4
830096,4
830097,4
830098,4
830099,4
830100,4
830101,4
830102,4
830103,4
830104,5
830105,4
830106,4
830107,4
830108,4
830109,4
830110,4
830111,4
830112,1
830113,4
830114,4
830115,1
830116,4
830117,1
830118,4
830119,4
830120,4
830121,4
830122,4
830123,4
830124,4
830125,4
830126,4
830127,4
830128,4
830129,4
830130,4
830131,4
830132,4
830133,4
830134,4
830135,1
830136,4
830137,1
830138,4
830139,1
830140,4
830141,4
830142,4
830143,4
830144,4
830145,4
830146,4
830147,4
830148,4
830149,4
830150,4
830151,4
830152,4
830153,4
830154,1
830155,4
830156,4
830157,4
830158,4
830159,4
830160,4
830161,4
830162,4
830163,4
830164,1
830165,4
830166,4
830167,4
830168,4
830169,4
830170,4
830171,4
830172,4
830173,4
830174,4
830175,4
830176,4
830177,4
830178,4
830179,4
830180,4
830181,4
830182,1
830183,4
830184,4
830185,4
830186,4
830187,4
830188,4
830189,4
830190,4
830191,4
830192,4
830193,4
830194,4
830195,4
830196,1
830197,4
830198,4
830199,4
830200,4
830201,4
830202,4
830203,4
830204,4
830205,4
830206,4
830207,4
830208,4
830209,4
830210,4
830211,5
830212,4
830213,4
830214,4
830215,4
830216,5
830217,1
830218,4
830219,4
830220,4
830221,4
830222,1
830223,4
830224,1
830225,4
830226,4
830227,4
830228,1
830229,4
830230,5
830231,4
830232,4
830233,5
830234,4
830235,4
830236,1
830237,4
830238,4
830239,4
830240,4
830241,4
830242,4
830243,4
830244,4
830245,5
830246,4
830247,4
830248,4
830249,4
830250,4
830251,4
830252,4
830253,4
830254,4
830255,4
830256,4
830257,1
830258,4
830259,1
830260,4
830261,4
830262,4
830263,4
830264,4
830265,4
830266,4
830267,4
830268,4
830269,4
830270,1
830271,4
830272,4
830273,4
830274,4
830275,4
830276,4
830277,4
830278,1
830279,4
830280,4
830281,4
830282,1
830283,4
830284,4
830285,4
830286,4
830287,4
830288,4
830289,4
830290,4
830291,5
830292,4
830293,4
830294,4
830295,4
830296,4
830297,4
830298,1
830299,4
830300,5
830301,5
830302,4
830303,3
830304,4
830305,4
830306,4
830307,4
830308,4
830309,3
830310,4
830311,1
830312,4
830313,4
830314,1
830315,4
830316,4
830317,4
830318,4
830319,4
830320,5
830321,4
830322,4
830323,4
830324,4
830325,4
830326,4
830327,4
830328,4
830329,4
830330,4
830331,4
830332,3
830333,4
830334,4
830335,4
830336,4
830337,1
830338,1
830339,4
830340,4
830341,4
830342,4
830343,4
830344,4
830345,4
830346,1
830347,4
830348,4
830349,4
830350,4
830351,4
830352,4
830353,4
830354,4
830355,4
830356,1
830357,4
830358,4
830359,4
830360,5
830361,4
830362,4
830363,4
830364,1
830365,4
830366,4
830367,4
830368,4
830369,4
830370,4
830371,4
830372,4
830373,4
830374,4
830375,4
830376,4
830377,4
830378,4
830379,4
830380,4
830381,4
830382,4
830383,4
830384,4
830385,4
830386,4
830387,1
830388,4
830389,4
830390,4
830391,4
830392,4
830393,4
830394,4
830395,5
830396,4
830397,4
830398,4
830399,4
830400,4
830401,4
830402,4
830403,1
830404,4
830405,4
830406,4
830407,4
830408,4
830409,4
830410,4
830411,1
830412,1
830413,4
830414,5
830415,4
830416,5
830417,1
830418,4
830419,4
830420,4
830421,5
830422,4
830423,4
830424,4
830425,5
830426,4
830427,4
830428,4
830429,4
830430,4
830431,4
830432,5
830433,4
830434,4
830435,5
830436,5
830437,4
830438,4
830439,5
830440,4
830441,4
830442,5
830443,4
830444,4
830445,1
830446,4
830447,5
830448,4
830449,4
830450,4
830451,4
830452,5
830453,4
830454,5
830455,4
830456,4
830457,4
830458,1
830459,5
830460,4
830461,1
830462,1
830463,4
830464,4
830465,4
830466,1
830467,4
830468,1
830469,1
830470,4
830471,4
830472,4
830473,4
830474,4
830475,4
830476,4
830477,4
830478,1
830479,4
830480,4
830481,1
830482,4
830483,1
830484,5
830485,4
830486,5
830487,4
830488,4
830489,4
830490,4
830491,5
830492,4
830493,5
830494,4
830495,4
830496,4
830497,4
830498,4
830499,4
830500,5
830501,4
830502,4
830503,4
830504,4
830505,4
830506,4
830507,4
830508,4
830509,1
830510,5
830511,5
830512,4
830513,1
830514,4
830515,4
830516,4
830517,4
830518,4
830519,4
830520,4
830521,1
830522,4
830523,5
830524,4
830525,4
830526,4
830527,4
830528,4
830529,4
830530,4
830531,4
830532,4
830533,1
830534,4
830535,4
830536,4
830537,5
830538,4
830539,4
830540,4
830541,4
830542,1
830543,4
830544,4
830545,1
830546,4
830547,4
830548,4
830549,4
830550,4
830551,4
830552,4
830553,1
830554,3
830555,4
830556,4
830557,4
830558,4
830559,4
830560,5
830561,1
830562,4
830563,5
830564,1
830565,4
830566,1
830567,4
830568,4
830569,4
830570,4
830571,4
830572,4
830573,4
830574,4
830575,4
830576,4
830577,4
830578,4
830579,4
830580,4
830581,4
830582,4
830583,4
830584,4
830585,3
830586,4
830587,1
830588,4
830589,3
830590,4
830591,4
830592,4
830593,4
830594,1
830595,4
830596,4
830597,4
830598,4
830599,4
830600,4
830601,5
830602,5
830603,4
830604,4
830605,4
830606,4
830607,4
830608,4
830609,4
830610,4
830611,4
830612,1
830613,4
830614,4
830615,4
830616,1
830617,4
830618,4
830619,4
830620,4
830621,4
830622,4
830623,4
830624,4
830625,4
830626,4
830627,1
830628,4
830629,4
830630,1
830631,1
830632,4
830633,4
830634,4
830635,4
830636,4
830637,4
830638,4
830639,4
830640,5
830641,4
830642,4
830643,4
830644,4
830645,4
830646,4
830647,4
830648,4
830649,5
830650,4
830651,4
830652,4
830653,1
830654,5
830655,4
830656,1
830657,4
830658,4
830659,4
830660,4
830661,4
830662,1
830663,4
830664,1
830665,4
830666,4
830667,4
830668,1
830669,4
830670,4
830671,4
830672,5
830673,4
830674,4
830675,4
830676,4
830677,4
830678,4
830679,1
830680,1
830681,4
830682,4
830683,4
830684,1
830685,1
830686,1
830687,4
830688,1
830689,4
830690,4
830691,4
830692,4
830693,4
830694,4
830695,5
830696,4
830697,4
830698,4
830699,1
830700,4
830701,1
830702,4
830703,4
830704,4
830705,1
830706,4
830707,4
830708,4
830709,1
830710,1
830711,4
830712,4
830713,4
830714,4
830715,4
830716,1
830717,4
830718,4
830719,4
830720,4
830721,1
830722,4
830723,4
830724,4
830725,1
830726,4
830727,4
830728,4
830729,4
830730,4
830731,4
830732,3
830733,4
830734,4
830735,4
830736,4
830737,4
830738,4
830739,4
830740,4
830741,4
830742,4
830743,5
830744,4
830745,5
830746,4
830747,4
830748,1
830749,4
830750,4
830751,4
830752,4
830753,4
830754,5
830755,4
830756,5
830757,4
830758,4
830759,4
830760,5
830761,4
830762,4
830763,4
830764,1
830765,4
830766,4
830767,4
830768,1
830769,4
830770,4
830771,4
830772,4
830773,4
830774,4
830775,4
830776,1
830777,4
830778,1
830779,4
830780,4
830781,1
830782,5
830783,4
830784,5
830785,4
830786,4
830787,4
830788,4
830789,1
830790,5
830791,4
830792,4
830793,1
830794,4
830795,4
830796,4
830797,4
830798,4
830799,5
830800,4
830801,4
830802,4
830803,4
830804,4
830805,4
830806,4
830807,4
830808,5
830809,4
830810,4
830811,4
830812,4
830813,5
830814,4
830815,4
830816,4
830817,4
830818,4
830819,1
830820,4
830821,4
830822,4
830823,4
830824,1
830825,4
830826,4
830827,4
830828,4
830829,5
830830,4
830831,4
830832,4
830833,4
830834,4
830835,5
830836,4
830837,4
830838,5
830839,4
830840,4
830841,4
830842,4
830843,4
830844,1
830845,4
830846,4
830847,1
830848,4
830849,1
830850,1
830851,4
830852,4
830853,4
830854,4
830855,4
830856,4
830857,4
830858,4
830859,4
830860,5
830861,5
830862,4
830863,4
830864,5
830865,4
830866,4
830867,1
830868,5
830869,4
830870,4
830871,4
830872,4
830873,4
830874,4
830875,4
830876,4
830877,5
830878,4
830879,4
830880,4
830881,4
830882,4
830883,4
830884,1
830885,4
830886,4
830887,4
830888,4
830889,4
830890,4
830891,4
830892,4
830893,4
830894,4
830895,4
830896,4
830897,4
830898,4
830899,1
830900,1
830901,4
830902,4
830903,4
830904,4
830905,4
830906,4
830907,4
830908,4
830909,4
830910,4
830911,4
830912,4
830913,4
830914,4
830915,4
830916,4
830917,4
830918,1
830919,4
830920,4
830921,1
830922,4
830923,4
830924,4
830925,4
830926,4
830927,4
830928,4
830929,4
830930,4
830931,4
830932,4
830933,5
830934,5
830935,4
830936,4
830937,4
830938,5
830939,5
830940,4
830941,5
830942,1
830943,4
830944,4
830945,4
830946,4
830947,5
830948,4
830949,4
830950,4
830951,1
830952,4
830953,4
830954,4
830955,1
830956,4
830957,4
830958,4
830959,4
830960,4
830961,4
830962,4
830963,4
830964,4
830965,4
830966,4
830967,4
830968,4
830969,4
830970,5
830971,4
830972,4
830973,1
830974,1
830975,4
830976,4
830977,1
830978,4
830979,4
830980,4
830981,4
830982,4
830983,4
830984,4
830985,4
830986,4
830987,4
830988,4
830989,4
830990,4
830991,4
830992,4
830993,4
830994,4
830995,4
830996,4
830997,1
830998,4
830999,4
831000,4
831001,4
831002,1
831003,4
831004,4
831005,4
831006,4
831007,4
831008,4
831009,1
831010,1
831011,4
831012,4
831013,1
831014,4
831015,4
831016,4
831017,4
831018,4
831019,4
831020,4
831021,4
831022,4
831023,4
831024,4
831025,4
831026,4
831027,4
831028,4
831029,4
831030,4
831031,4
831032,1
831033,1
831034,4
831035,4
831036,4
831037,1
831038,4
831039,4
831040,4
831041,4
831042,4
831043,1
831044,4
831045,4
831046,3
831047,4
831048,4
831049,4
831050,3
831051,4
831052,3
831053,3
831054,3
831055,3
831056,3
831057,4
831058,4
831059,4
831060,4
831061,3
831062,1
831063,3
831064,1
831065,5
831066,4
831067,4
831068,5
831069,5
831070,4
831071,5
831072,5
831073,5
831074,5
831075,5
831076,4
831077,5
831078,1
831079,5
831080,5
831081,5
831082,1
831083,5
831084,5
831085,5
831086,4
831087,4
831088,5
831089,1
831090,5
831091,4
831092,4
831093,4
831094,5
831095,1
831096,4
831097,4
831098,1
831099,5
831100,4
831101,4
831102,1
831103,4
831104,4
831105,1
831106,4
831107,4
831108,4
831109,4
831110,4
831111,4
831112,4
831113,4
831114,4
831115,4
831116,4
831117,4
831118,4
831119,4
831120,4
831121,1
831122,4
831123,4
831124,4
831125,4
831126,4
831127,4
831128,4
831129,4
831130,4
831131,4
831132,1
831133,4
831134,4
831135,4
831136,4
831137,4
831138,4
831139,4
831140,4
831141,4
831142,4
831143,4
831144,4
831145,4
831146,4
831147,4
831148,4
831149,4
831150,4
831151,1
831152,4
831153,4
831154,4
831155,4
831156,4
831157,4
831158,4
831159,4
831160,4
831161,4
831162,4
831163,4
831164,4
831165,4
831166,4
831167,4
831168,4
831169,4
831170,4
831171,4
831172,4
831173,1
831174,4
831175,4
831176,4
831177,4
831178,4
831179,4
831180,4
831181,4
831182,4
831183,4
831184,4
831185,4
831186,4
831187,4
831188,4
831189,4
831190,4
831191,4
831192,4
831193,1
831194,1
831195,4
831196,4
831197,4
831198,4
831199,4
831200,4
831201,4
831202,4
831203,4
831204,1
831205,4
831206,4
831207,4
831208,4
831209,4
831210,4
831211,4
831212,4
831213,4
831214,4
831215,4
831216,4
831217,4
831218,4
831219,5
831220,4
831221,4
831222,4
831223,4
831224,4
831225,1
831226,4
831227,4
831228,4
831229,4
831230,4
831231,4
831232,4
831233,4
831234,4
831235,4
831236,4
831237,4
831238,4
831239,1
831240,4
831241,4
831242,4
831243,4
831244,4
831245,4
831246,4
831247,1
831248,1
831249,1
831250,4
831251,4
831252,4
831253,4
831254,1
831255,4
831256,4
831257,4
831258,4
831259,4
831260,4
831261,4
831262,4
831263,4
831264,4
831265,4
831266,4
831267,1
831268,4
831269,4
831270,4
831271,1
831272,1
831273,4
831274,4
831275,4
831276,4
831277,4
831278,1
831279,4
831280,4
831281,4
831282,4
831283,4
831284,1
831285,4
831286,4
831287,4
831288,4
831289,4
831290,4
831291,4
831292,4
831293,4
831294,4
831295,4
831296,4
831297,4
831298,4
831299,4
831300,1
831301,4
831302,4
831303,4
831304,4
831305,4
831306,3
831307,4
831308,4
831309,4
831310,4
831311,3
831312,4
831313,4
831314,4
831315,4
831316,4
831317,4
831318,4
831319,4
831320,4
831321,4
831322,4
831323,4
831324,3
831325,4
831326,1
831327,4
831328,4
831329,4
831330,4
831331,4
831332,4
831333,4
831334,5
831335,4
831336,4
831337,4
831338,4
831339,4
831340,4
831341,3
831342,4
831343,4
831344,4
831345,4
831346,4
831347,4
831348,4
831349,4
831350,4
831351,1
831352,1
831353,3
831354,4
831355,4
831356,1
831357,4
831358,4
831359,4
831360,4
831361,4
831362,4
831363,5
831364,4
831365,1
831366,1
831367,4
831368,4
831369,4
831370,4
831371,4
831372,4
831373,4
831374,4
831375,1
831376,4
831377,4
831378,4
831379,4
831380,4
831381,4
831382,4
831383,4
831384,4
831385,4
831386,4
831387,4
831388,1
831389,4
831390,4
831391,4
831392,5
831393,4
831394,4
831395,4
831396,4
831397,4
831398,4
831399,4
831400,4
831401,4
831402,4
831403,4
831404,4
831405,4
831406,1
831407,4
831408,4
831409,4
831410,4
831411,4
831412,4
831413,4
831414,4
831415,4
831416,4
831417,4
831418,4
831419,4
831420,4
831421,4
831422,1
831423,4
831424,4
831425,4
831426,4
831427,4
831428,4
831429,4
831430,4
831431,4
831432,4
831433,4
831434,3
831435,4
831436,1
831437,4
831438,4
831439,4
831440,4
831441,4
831442,4
831443,4
831444,4
831445,4
831446,4
831447,4
831448,4
831449,4
831450,4
831451,4
831452,4
831453,1
831454,4
831455,4
831456,4
831457,4
831458,4
831459,4
831460,4
831461,4
831462,4
831463,4
831464,4
831465,4
831466,4
831467,1
831468,4
831469,4
831470,4
831471,4
831472,4
831473,4
831474,4
831475,4
831476,1
831477,1
831478,4
831479,4
831480,4
831481,4
831482,4
831483,4
831484,4
831485,4
831486,4
831487,4
831488,4
831489,4
831490,4
831491,4
831492,4
831493,4
831494,4
831495,5
831496,4
831497,5
831498,4
831499,4
831500,4
831501,4
831502,4
831503,4
831504,4
831505,4
831506,5
831507,4
831508,1
831509,5
831510,4
831511,5
831512,4
831513,4
831514,4
831515,4
831516,4
831517,1
831518,5
831519,5
831520,1
831521,4
831522,4
831523,5
831524,4
831525,4
831526,4
831527,4
831528,4
831529,4
831530,1
831531,4
831532,4
831533,1
831534,1
831535,5
831536,1
831537,5
831538,4
831539,5
831540,1
831541,4
831542,5
831543,5
831544,4
831545,4
831546,4
831547,4
831548,5
831549,4
831550,1
831551,4
831552,4
831553,1
831554,1
831555,5
831556,5
831557,4
831558,4
831559,4
831560,4
831561,5
831562,4
831563,4
831564,4
831565,4
831566,5
831567,4
831568,4
831569,4
831570,5
831571,4
831572,5
831573,5
831574,4
831575,4
831576,4
831577,5
831578,5
831579,4
831580,4
831581,4
831582,4
831583,4
831584,5
831585,5
831586,4
831587,5
831588,5
831589,4
831590,5
831591,4
831592,1
831593,1
831594,4
831595,4
831596,5
831597,4
831598,4
831599,4
831600,4
831601,4
831602,5
831603,4
831604,1
831605,5
831606,5
831607,4
831608,4
831609,5
831610,5
831611,5
831612,4
831613,5
831614,1
831615,4
831616,4
831617,5
831618,4
831619,4
831620,4
831621,5
831622,4
831623,1
831624,4
831625,4
831626,4
831627,4
831628,4
831629,4
831630,4
831631,4
831632,5
831633,4
831634,4
831635,1
831636,4
831637,4
831638,1
831639,1
831640,4
831641,4
831642,4
831643,4
831644,1
831645,4
831646,4
831647,4
831648,4
831649,4
831650,4
831651,4
831652,4
831653,4
831654,4
831655,4
831656,4
831657,4
831658,4
831659,4
831660,1
831661,4
831662,4
831663,4
831664,4
831665,4
831666,4
831667,4
831668,1
831669,4
831670,5
831671,4
831672,4
831673,4
831674,1
831675,1
831676,4
831677,4
831678,4
831679,4
831680,4
831681,4
831682,4
831683,5
831684,4
831685,4
831686,4
831687,4
831688,4
831689,4
831690,4
831691,4
831692,4
831693,4
831694,4
831695,4
831696,4
831697,4
831698,4
831699,4
831700,4
831701,4
831702,4
831703,4
831704,4
831705,4
831706,1
831707,4
831708,4
831709,4
831710,4
831711,4
831712,1
831713,4
831714,4
831715,4
831716,4
831717,4
831718,4
831719,4
831720,4
831721,4
831722,4
831723,4
831724,4
831725,4
831726,1
831727,4
831728,4
831729,4
831730,4
831731,4
831732,4
831733,4
831734,4
831735,4
831736,4
831737,4
831738,5
831739,1
831740,5
831741,1
831742,5
831743,4
831744,1
831745,4
831746,4
831747,4
831748,5
831749,4
831750,4
831751,4
831752,5
831753,4
831754,4
831755,4
831756,4
831757,4
831758,1
831759,4
831760,4
831761,4
831762,4
831763,4
831764,4
831765,4
831766,4
831767,5
831768,1
831769,4
831770,4
831771,4
831772,4
831773,4
831774,4
831775,4
831776,4
831777,4
831778,4
831779,4
831780,4
831781,4
831782,4
831783,4
831784,4
831785,4
831786,4
831787,4
831788,4
831789,4
831790,4
831791,4
831792,4
831793,4
831794,4
831795,4
831796,4
831797,4
831798,4
831799,4
831800,4
831801,4
831802,4
831803,4
831804,4
831805,4
831806,4
831807,4
831808,1
831809,4
831810,4
831811,4
831812,4
831813,4
831814,4
831815,4
831816,4
831817,4
831818,4
831819,4
831820,4
831821,5
831822,4
831823,4
831824,4
831825,4
831826,4
831827,4
831828,4
831829,4
831830,4
831831,4
831832,4
831833,4
831834,4
831835,4
831836,4
831837,4
831838,4
831839,4
831840,4
831841,4
831842,1
831843,4
831844,4
831845,4
831846,4
831847,4
831848,4
831849,4
831850,4
831851,4
831852,4
831853,4
831854,4
831855,4
831856,4
831857,4
831858,4
831859,4
831860,4
831861,4
831862,4
831863,4
831864,4
831865,4
831866,4
831867,4
831868,1
831869,4
831870,4
831871,4
831872,5
831873,4
831874,1
831875,4
831876,4
831877,4
831878,4
831879,4
831880,4
831881,5
831882,4
831883,4
831884,4
831885,4
831886,1
831887,4
831888,4
831889,4
831890,4
831891,1
831892,4
831893,5
831894,1
831895,4
831896,4
831897,1
831898,4
831899,1
831900,4
831901,4
831902,1
831903,4
831904,4
831905,4
831906,4
831907,4
831908,4
831909,4
831910,4
831911,4
831912,4
831913,1
831914,5
831915,4
831916,4
831917,4
831918,1
831919,4
831920,4
831921,4
831922,4
831923,4
831924,4
831925,4
831926,4
831927,4
831928,4
831929,1
831930,4
831931,4
831932,4
831933,4
831934,1
831935,5
831936,4
831937,4
831938,4
831939,4
831940,5
831941,4
831942,4
831943,4
831944,4
831945,4
831946,4
831947,5
831948,1
831949,4
831950,4
831951,4
831952,4
831953,3
831954,4
831955,4
831956,4
831957,5
831958,4
831959,4
831960,4
831961,4
831962,4
831963,4
831964,4
831965,3
831966,1
831967,4
831968,5
831969,4
831970,4
831971,4
831972,1
831973,3
831974,1
831975,1
831976,5
831977,5
831978,4
831979,4
831980,4
831981,4
831982,4
831983,4
831984,1
831985,4
831986,4
831987,4
831988,4
831989,5
831990,4
831991,4
831992,4
831993,4
831994,4
831995,4
831996,4
831997,1
831998,4
831999,4
832000,4
832001,4
832002,4
832003,4
832004,4
832005,4
832006,4
832007,1
832008,4
832009,4
832010,5
832011,4
832012,4
832013,1
832014,4
832015,4
832016,5
832017,4
832018,4
832019,4
832020,4
832021,1
832022,1
832023,4
832024,5
832025,4
832026,5
832027,4
832028,4
832029,4
832030,4
832031,4
832032,4
832033,4
832034,4
832035,4
832036,4
832037,4
832038,4
832039,4
832040,1
832041,4
832042,4
832043,4
832044,4
832045,4
832046,4
832047,4
832048,3
832049,5
832050,4
832051,4
832052,4
832053,4
832054,1
832055,4
832056,4
832057,1
832058,4
832059,4
832060,4
832061,4
832062,4
832063,4
832064,4
832065,4
832066,4
832067,4
832068,4
832069,1
832070,4
832071,4
832072,4
832073,4
832074,4
832075,4
832076,4
832077,1
832078,4
832079,4
832080,4
832081,4
832082,4
832083,4
832084,4
832085,4
832086,4
832087,4
832088,4
832089,4
832090,4
832091,4
832092,1
832093,1
832094,1
832095,4
832096,4
832097,4
832098,4
832099,4
832100,3
832101,4
832102,1
832103,4
832104,4
832105,4
832106,4
832107,4
832108,4
832109,4
832110,4
832111,4
832112,4
832113,1
832114,4
832115,4
832116,4
832117,4
832118,4
832119,4
832120,3
832121,4
832122,4
832123,4
832124,4
832125,4
832126,1
832127,4
832128,4
832129,4
832130,4
832131,4
832132,4
832133,4
832134,4
832135,1
832136,1
832137,4
832138,4
832139,4
832140,4
832141,4
832142,4
832143,4
832144,5
832145,4
832146,4
832147,4
832148,4
832149,4
832150,1
832151,4
832152,4
832153,4
832154,4
832155,5
832156,4
832157,5
832158,4
832159,5
832160,5
832161,5
832162,4
832163,4
832164,1
832165,4
832166,4
832167,4
832168,4
832169,4
832170,4
832171,4
832172,4
832173,4
832174,1
832175,4
832176,4
832177,4
832178,4
832179,4
832180,4
832181,1
832182,4
832183,4
832184,4
832185,4
832186,4
832187,4
832188,4
832189,4
832190,4
832191,4
832192,4
832193,4
832194,4
832195,4
832196,4
832197,1
832198,4
832199,4
832200,4
832201,4
832202,4
832203,4
832204,4
832205,4
832206,4
832207,1
832208,4
832209,4
832210,4
832211,3
832212,4
832213,4
832214,4
832215,4
832216,4
832217,4
832218,4
832219,1
832220,4
832221,4
832222,4
832223,4
832224,4
832225,4
832226,4
832227,4
832228,4
832229,4
832230,1
832231,4
832232,4
832233,4
832234,4
832235,4
832236,4
832237,4
832238,1
832239,4
832240,4
832241,4
832242,4
832243,4
832244,4
832245,4
832246,4
832247,4
832248,4
832249,4
832250,1
832251,4
832252,1
832253,1
832254,1
832255,4
832256,4
832257,4
832258,4
832259,4
832260,4
832261,4
832262,4
832263,4
832264,4
832265,4
832266,4
832267,4
832268,4
832269,4
832270,4
832271,1
832272,4
832273,4
832274,4
832275,4
832276,4
832277,4
832278,4
832279,4
832280,4
832281,4
832282,4
832283,4
832284,4
832285,1
832286,4
832287,4
832288,1
832289,4
832290,4
832291,4
832292,1
832293,4
832294,4
832295,4
832296,4
832297,4
832298,1
832299,4
832300,4
832301,4
832302,4
832303,4
832304,1
832305,4
832306,4
832307,4
832308,4
832309,1
832310,4
832311,1
832312,4
832313,4
832314,4
832315,4
832316,4
832317,4
832318,4
832319,4
832320,4
832321,4
832322,4
832323,4
832324,4
832325,4
832326,4
832327,4
832328,4
832329,4
832330,4
832331,4
832332,4
832333,4
832334,4
832335,1
832336,4
832337,4
832338,4
832339,4
832340,4
832341,4
832342,4
832343,4
832344,4
832345,1
832346,5
832347,1
832348,4
832349,4
832350,4
832351,4
832352,4
832353,4
832354,4
832355,4
832356,4
832357,4
832358,4
832359,4
832360,4
832361,4
832362,1
832363,4
832364,4
832365,4
832366,4
832367,4
832368,4
832369,4
832370,1
832371,4
832372,4
832373,3
832374,4
832375,1
832376,1
832377,4
832378,4
832379,4
832380,4
832381,4
832382,4
832383,4
832384,5
832385,4
832386,4
832387,4
832388,5
832389,4
832390,4
832391,4
832392,4
832393,4
832394,1
832395,4
832396,4
832397,4
832398,4
832399,4
832400,1
832401,4
832402,4
832403,4
832404,4
832405,4
832406,4
832407,4
832408,4
832409,4
832410,1
832411,4
832412,4
832413,4
832414,4
832415,3
832416,4
832417,4
832418,1
832419,4
832420,4
832421,4
832422,4
832423,4
832424,4
832425,4
832426,4
832427,4
832428,4
832429,4
832430,4
832431,1
832432,1
832433,1
832434,3
832435,5
832436,4
832437,3
832438,3
832439,4
832440,3
832441,3
832442,3
832443,3
832444,4
832445,4
832446,4
832447,4
832448,4
832449,4
832450,5
832451,4
832452,4
832453,4
832454,4
832455,4
832456,4
832457,4
832458,4
832459,4
832460,4
832461,4
832462,1
832463,4
832464,4
832465,4
832466,4
832467,4
832468,1
832469,4
832470,4
832471,1
832472,4
832473,4
832474,1
832475,4
832476,4
832477,4
832478,4
832479,1
832480,4
832481,5
832482,4
832483,4
832484,1
832485,4
832486,4
832487,4
832488,4
832489,4
832490,4
832491,4
832492,4
832493,4
832494,4
832495,4
832496,4
832497,4
832498,4
832499,5
832500,4
832501,4
832502,4
832503,4
832504,1
832505,4
832506,4
832507,4
832508,4
832509,4
832510,4
832511,4
832512,4
832513,4
832514,4
832515,4
832516,4
832517,4
832518,4
832519,4
832520,4
832521,4
832522,1
832523,1
832524,4
832525,4
832526,4
832527,4
832528,4
832529,4
832530,4
832531,4
832532,4
832533,4
832534,4
832535,4
832536,4
832537,4
832538,4
832539,4
832540,1
832541,4
832542,4
832543,5
832544,4
832545,4
832546,5
832547,4
832548,4
832549,4
832550,4
832551,4
832552,4
