982553,4
982554,5
982555,4
982556,4
982557,4
982558,4
982559,1
982560,4
982561,5
982562,4
982563,4
982564,4
982565,1
982566,1
982567,4
982568,5
982569,4
982570,4
982571,4
982572,1
982573,5
982574,4
982575,4
982576,4
982577,4
982578,4
982579,4
982580,4
982581,4
982582,4
982583,4
982584,5
982585,4
982586,4
982587,4
982588,4
982589,4
982590,5
982591,5
982592,4
982593,4
982594,4
982595,4
982596,4
982597,4
982598,4
982599,4
982600,4
982601,4
982602,4
982603,5
982604,5
982605,5
982606,5
982607,4
982608,5
982609,4
982610,1
982611,4
982612,4
982613,4
982614,4
982615,4
982616,4
982617,5
982618,4
982619,5
982620,5
982621,5
982622,4
982623,1
982624,4
982625,4
982626,4
982627,4
982628,4
982629,5
982630,4
982631,4
982632,4
982633,1
982634,1
982635,5
982636,4
982637,4
982638,4
982639,4
982640,5
982641,1
982642,4
982643,4
982644,5
982645,4
982646,5
982647,4
982648,4
982649,4
982650,1
982651,4
982652,1
982653,1
982654,4
982655,4
982656,4
982657,4
982658,5
982659,4
982660,4
982661,1
982662,4
982663,4
982664,4
982665,4
982666,4
982667,4
982668,4
982669,1
982670,4
982671,4
982672,4
982673,4
982674,4
982675,4
982676,1
982677,4
982678,4
982679,1
982680,4
982681,4
982682,4
982683,4
982684,4
982685,4
982686,4
982687,4
982688,4
982689,4
982690,4
982691,4
982692,5
982693,4
982694,4
982695,4
982696,4
982697,4
982698,4
982699,4
982700,4
982701,4
982702,4
982703,4
982704,4
982705,1
982706,4
982707,4
982708,4
982709,4
982710,4
982711,5
982712,4
982713,4
982714,4
982715,4
982716,4
982717,4
982718,4
982719,4
982720,4
982721,4
982722,4
982723,4
982724,4
982725,5
982726,4
982727,1
982728,4
982729,4
982730,4
982731,4
982732,4
982733,1
982734,4
982735,5
982736,4
982737,4
982738,4
982739,1
982740,4
982741,4
982742,4
982743,4
982744,4
982745,4
982746,4
982747,4
982748,4
982749,4
982750,4
982751,4
982752,4
982753,4
982754,4
982755,1
982756,4
982757,4
982758,4
982759,4
982760,4
982761,4
982762,1
982763,4
982764,4
982765,4
982766,4
982767,4
982768,4
982769,4
982770,4
982771,4
982772,4
982773,4
982774,4
982775,4
982776,4
982777,4
982778,4
982779,4
982780,5
982781,5
982782,4
982783,5
982784,5
982785,5
982786,5
982787,5
982788,1
982789,1
982790,4
982791,1
982792,4
982793,5
982794,5
982795,5
982796,5
982797,4
982798,5
982799,5
982800,5
982801,5
982802,4
982803,5
982804,5
982805,4
982806,1
982807,5
982808,5
982809,5
982810,5
982811,4
982812,5
982813,1
982814,5
982815,5
982816,5
982817,5
982818,4
982819,5
982820,4
982821,5
982822,5
982823,5
982824,1
982825,5
982826,4
982827,5
982828,1
982829,5
982830,5
982831,4
982832,5
982833,1
982834,4
982835,4
982836,4
982837,4
982838,4
982839,4
982840,4
982841,4
982842,4
982843,1
982844,4
982845,4
982846,4
982847,4
982848,4
982849,4
982850,4
982851,4
982852,4
982853,4
982854,4
982855,1
982856,4
982857,1
982858,1
982859,1
982860,5
982861,4
982862,4
982863,1
982864,4
982865,4
982866,5
982867,1
982868,4
982869,4
982870,5
982871,4
982872,4
982873,4
982874,4
982875,5
982876,5
982877,4
982878,5
982879,4
982880,4
982881,4
982882,4
982883,4
982884,5
982885,4
982886,4
982887,1
982888,1
982889,4
982890,5
982891,4
982892,4
982893,4
982894,4
982895,4
982896,4
982897,4
982898,4
982899,5
982900,1
982901,4
982902,4
982903,5
982904,4
982905,4
982906,4
982907,5
982908,4
982909,4
982910,1
982911,1
982912,1
982913,4
982914,4
982915,1
982916,5
982917,4
982918,4
982919,5
982920,4
982921,4
982922,4
982923,4
982924,4
982925,4
982926,4
982927,4
982928,4
982929,1
982930,1
982931,4
982932,4
982933,4
982934,4
982935,4
982936,4
982937,4
982938,1
982939,4
982940,4
982941,4
982942,4
982943,4
982944,4
982945,4
982946,4
982947,4
982948,4
982949,4
982950,1
982951,1
982952,4
982953,4
982954,4
982955,4
982956,4
982957,4
982958,4
982959,4
982960,4
982961,5
982962,4
982963,4
982964,1
982965,4
982966,4
982967,4
982968,4
982969,4
982970,1
982971,4
982972,1
982973,4
982974,4
982975,4
982976,4
982977,4
982978,4
982979,4
982980,1
982981,4
982982,4
982983,4
982984,4
982985,3
982986,4
982987,4
982988,4
982989,4
982990,4
982991,4
982992,4
982993,4
982994,4
982995,4
982996,4
982997,1
982998,4
982999,1
983000,4
983001,4
983002,4
983003,4
983004,4
983005,4
983006,4
983007,4
983008,4
983009,1
983010,4
983011,4
983012,4
983013,4
983014,4
983015,4
983016,4
983017,4
983018,4
983019,4
983020,4
983021,3
983022,4
983023,4
983024,1
983025,4
983026,4
983027,4
983028,4
983029,4
983030,4
983031,4
983032,4
983033,4
983034,4
983035,4
983036,1
983037,4
983038,4
983039,4
983040,4
983041,4
983042,4
983043,4
983044,4
983045,4
983046,1
983047,4
983048,1
983049,5
983050,4
983051,4
983052,4
983053,4
983054,4
983055,1
983056,3
983057,4
983058,4
983059,4
983060,1
983061,4
983062,4
983063,4
983064,4
983065,4
983066,4
983067,4
983068,4
983069,1
983070,4
983071,4
983072,4
983073,4
983074,3
983075,1
983076,1
983077,3
983078,4
983079,4
983080,4
983081,4
983082,4
983083,4
983084,1
983085,4
983086,4
983087,4
983088,4
983089,4
983090,4
983091,4
983092,4
983093,4
983094,5
983095,4
983096,4
983097,4
983098,4
983099,4
983100,4
983101,4
983102,4
983103,4
983104,5
983105,4
983106,5
983107,4
983108,4
983109,4
983110,1
983111,4
983112,4
983113,4
983114,4
983115,4
983116,1
983117,4
983118,4
983119,4
983120,1
983121,4
983122,4
983123,4
983124,4
983125,4
983126,4
983127,4
983128,4
983129,4
983130,4
983131,4
983132,4
983133,4
983134,4
983135,4
983136,4
983137,4
983138,4
983139,4
983140,4
983141,5
983142,4
983143,4
983144,5
983145,4
983146,4
983147,5
983148,4
983149,4
983150,4
983151,5
983152,4
983153,5
983154,4
983155,4
983156,5
983157,5
983158,1
983159,4
983160,5
983161,4
983162,4
983163,4
983164,4
983165,4
983166,5
983167,5
983168,4
983169,5
983170,4
983171,4
983172,4
983173,4
983174,5
983175,4
983176,5
983177,5
983178,1
983179,4
983180,4
983181,4
983182,1
983183,5
983184,4
983185,4
983186,4
983187,4
983188,4
983189,5
983190,4
983191,4
983192,4
983193,4
983194,4
983195,5
983196,4
983197,5
983198,5
983199,4
983200,4
983201,5
983202,4
983203,5
983204,5
983205,4
983206,5
983207,4
983208,1
983209,4
983210,4
983211,4
983212,4
983213,4
983214,5
983215,1
983216,1
983217,5
983218,1
983219,4
983220,4
983221,4
983222,4
983223,4
983224,5
983225,5
983226,4
983227,1
983228,4
983229,4
983230,5
983231,4
983232,4
983233,4
983234,4
983235,4
983236,5
983237,4
983238,5
983239,1
983240,5
983241,4
983242,4
983243,4
983244,4
983245,1
983246,4
983247,4
983248,4
983249,5
983250,4
983251,4
983252,5
983253,5
983254,4
983255,1
983256,4
983257,1
983258,4
983259,4
983260,4
983261,4
983262,5
983263,4
983264,4
983265,4
983266,4
983267,4
983268,4
983269,4
983270,4
983271,4
983272,5
983273,4
983274,4
983275,4
983276,4
983277,4
983278,5
983279,4
983280,5
983281,5
983282,4
983283,4
983284,4
983285,4
983286,4
983287,4
983288,5
983289,4
983290,4
983291,4
983292,4
983293,5
983294,1
983295,4
983296,4
983297,4
983298,4
983299,1
983300,4
983301,1
983302,4
983303,4
983304,4
983305,4
983306,4
983307,4
983308,4
983309,4
983310,4
983311,4
983312,4
983313,4
983314,4
983315,4
983316,4
983317,4
983318,4
983319,4
983320,1
983321,4
983322,4
983323,4
983324,4
983325,4
983326,4
983327,4
983328,4
983329,4
983330,4
983331,4
983332,5
983333,4
983334,4
983335,4
983336,4
983337,4
983338,4
983339,4
983340,4
983341,4
983342,4
983343,4
983344,4
983345,1
983346,4
983347,4
983348,4
983349,4
983350,4
983351,4
983352,4
983353,4
983354,4
983355,4
983356,4
983357,4
983358,4
983359,4
983360,4
983361,4
983362,4
983363,4
983364,4
983365,4
983366,4
983367,4
983368,4
983369,4
983370,5
983371,4
983372,4
983373,4
983374,4
983375,1
983376,1
983377,4
983378,4
983379,4
983380,4
983381,4
983382,4
983383,4
983384,4
983385,1
983386,4
983387,4
983388,4
983389,4
983390,4
983391,1
983392,4
983393,4
983394,4
983395,4
983396,4
983397,4
983398,4
983399,4
983400,4
983401,4
983402,4
983403,4
983404,4
983405,4
983406,5
983407,4
983408,4
983409,4
983410,4
983411,1
983412,4
983413,4
983414,4
983415,4
983416,4
983417,4
983418,4
983419,4
983420,4
983421,4
983422,4
983423,4
983424,1
983425,4
983426,4
983427,4
983428,1
983429,3
983430,4
983431,4
983432,4
983433,4
983434,4
983435,4
983436,4
983437,4
983438,4
983439,4
983440,4
983441,4
983442,4
983443,4
983444,4
983445,1
983446,4
983447,4
983448,5
983449,4
983450,4
983451,4
983452,1
983453,4
983454,4
983455,4
983456,4
983457,4
983458,4
983459,1
983460,4
983461,4
983462,1
983463,4
983464,4
983465,4
983466,4
983467,4
983468,4
983469,4
983470,4
983471,4
983472,4
983473,4
983474,4
983475,4
983476,1
983477,1
983478,4
983479,4
983480,5
983481,4
983482,4
983483,4
983484,1
983485,4
983486,4
983487,1
983488,4
983489,4
983490,4
983491,4
983492,1
983493,4
983494,4
983495,4
983496,4
983497,4
983498,1
983499,4
983500,4
983501,4
983502,4
983503,4
983504,4
983505,4
983506,1
983507,4
983508,4
983509,1
983510,4
983511,4
983512,1
983513,4
983514,4
983515,4
983516,4
983517,4
983518,1
983519,1
983520,4
983521,4
983522,4
983523,1
983524,4
983525,4
983526,4
983527,4
983528,4
983529,4
983530,4
983531,4
983532,4
983533,4
983534,4
983535,4
983536,4
983537,4
983538,4
983539,4
983540,4
983541,4
983542,4
983543,4
983544,4
983545,4
983546,4
983547,4
983548,4
983549,4
983550,4
983551,4
983552,4
983553,1
983554,4
983555,4
983556,4
983557,4
983558,4
983559,4
983560,4
983561,4
983562,4
983563,4
983564,4
983565,4
983566,4
983567,4
983568,4
983569,4
983570,4
983571,4
983572,4
983573,1
983574,4
983575,4
983576,3
983577,4
983578,4
983579,1
983580,4
983581,4
983582,5
983583,4
983584,4
983585,4
983586,4
983587,4
983588,4
983589,4
983590,4
983591,4
983592,1
983593,4
983594,4
983595,4
983596,4
983597,4
983598,4
983599,4
983600,4
983601,4
983602,4
983603,4
983604,4
983605,4
983606,4
983607,1
983608,1
983609,4
983610,4
983611,4
983612,4
983613,4
983614,4
983615,4
983616,4
983617,4
983618,4
983619,4
983620,4
983621,5
983622,4
983623,4
983624,4
983625,4
983626,4
983627,4
983628,5
983629,4
983630,4
983631,4
983632,5
983633,4
983634,5
983635,4
983636,5
983637,5
983638,4
983639,4
983640,5
983641,5
983642,5
983643,5
983644,5
983645,4
983646,4
983647,5
983648,4
983649,1
983650,4
983651,4
983652,4
983653,4
983654,4
983655,4
983656,4
983657,4
983658,4
983659,5
983660,4
983661,4
983662,5
983663,4
983664,4
983665,4
983666,4
983667,4
983668,4
983669,4
983670,5
983671,5
983672,5
983673,1
983674,4
983675,4
983676,4
983677,4
983678,4
983679,5
983680,4
983681,4
983682,4
983683,5
983684,4
983685,4
983686,4
983687,5
983688,1
983689,4
983690,4
983691,5
983692,4
983693,4
983694,5
983695,5
983696,4
983697,4
983698,4
983699,4
983700,4
983701,4
983702,4
983703,4
983704,4
983705,4
983706,4
983707,4
983708,4
983709,4
983710,4
983711,4
983712,4
983713,4
983714,4
983715,4
983716,4
983717,4
983718,4
983719,4
983720,4
983721,5
983722,5
983723,4
983724,4
983725,4
983726,4
983727,4
983728,4
983729,4
983730,5
983731,5
983732,4
983733,4
983734,4
983735,4
983736,5
983737,5
983738,5
983739,4
983740,4
983741,5
983742,4
983743,4
983744,5
983745,5
983746,4
983747,4
983748,5
983749,4
983750,4
983751,4
983752,1
983753,4
983754,1
983755,5
983756,4
983757,1
983758,4
983759,4
983760,4
983761,4
983762,1
983763,5
983764,4
983765,1
983766,5
983767,1
983768,4
983769,4
983770,4
983771,4
983772,4
983773,5
983774,4
983775,1
983776,4
983777,4
983778,4
983779,5
983780,4
983781,4
983782,1
983783,4
983784,1
983785,4
983786,4
983787,4
983788,4
983789,4
983790,5
983791,4
983792,4
983793,4
983794,4
983795,4
983796,4
983797,5
983798,4
983799,1
983800,4
983801,4
983802,4
983803,4
983804,4
983805,4
983806,3
983807,4
983808,4
983809,4
983810,4
983811,1
983812,4
983813,4
983814,4
983815,4
983816,4
983817,4
983818,4
983819,4
983820,4
983821,4
983822,4
983823,4
983824,4
983825,4
983826,4
983827,4
983828,4
983829,4
983830,4
983831,4
983832,4
983833,4
983834,4
983835,1
983836,4
983837,4
983838,4
983839,4
983840,4
983841,4
983842,4
983843,4
983844,4
983845,1
983846,4
983847,4
983848,4
983849,4
983850,4
983851,4
983852,4
983853,4
983854,4
983855,4
983856,4
983857,4
983858,4
983859,1
983860,4
983861,5
983862,4
983863,4
983864,4
983865,4
983866,4
983867,1
983868,4
983869,4
983870,4
983871,4
983872,4
983873,4
983874,4
983875,4
983876,4
983877,1
983878,4
983879,4
983880,4
983881,4
983882,4
983883,4
983884,5
983885,5
983886,4
983887,4
983888,4
983889,4
983890,4
983891,1
983892,4
983893,4
983894,4
983895,4
983896,4
983897,4
983898,4
983899,4
983900,4
983901,5
983902,4
983903,4
983904,4
983905,4
983906,5
983907,4
983908,4
983909,4
983910,4
983911,4
983912,4
983913,1
983914,4
983915,4
983916,4
983917,1
983918,1
983919,4
983920,4
983921,4
983922,4
983923,1
983924,4
983925,1
983926,4
983927,4
983928,4
983929,4
983930,4
983931,4
983932,4
983933,4
983934,4
983935,4
983936,1
983937,4
983938,4
983939,4
983940,4
983941,4
983942,4
983943,4
983944,4
983945,1
983946,1
983947,4
983948,4
983949,4
983950,4
983951,4
983952,4
983953,4
983954,4
983955,4
983956,4
983957,4
983958,4
983959,4
983960,4
983961,4
983962,4
983963,4
983964,4
983965,4
983966,4
983967,1
983968,4
983969,1
983970,4
983971,4
983972,4
983973,4
983974,4
983975,4
983976,4
983977,4
983978,4
983979,4
983980,4
983981,5
983982,1
983983,4
983984,5
983985,4
983986,4
983987,1
983988,4
983989,4
983990,5
983991,1
983992,5
983993,4
983994,5
983995,4
983996,4
983997,4
983998,4
983999,4
984000,5
984001,4
984002,4
984003,4
984004,4
984005,4
984006,4
984007,4
984008,4
984009,4
984010,4
984011,4
984012,1
984013,4
984014,5
984015,4
984016,1
984017,4
984018,4
984019,4
984020,1
984021,4
984022,4
984023,4
984024,4
984025,4
984026,4
984027,4
984028,4
984029,4
984030,1
984031,4
984032,4
984033,4
984034,4
984035,4
984036,4
984037,4
984038,1
984039,4
984040,5
984041,4
984042,4
984043,5
984044,4
984045,5
984046,4
984047,5
984048,4
984049,4
984050,4
984051,4
984052,4
984053,4
984054,4
984055,4
984056,4
984057,4
984058,4
984059,4
984060,4
984061,1
984062,4
984063,4
984064,4
984065,4
984066,4
984067,4
984068,1
984069,4
984070,4
984071,1
984072,4
984073,5
984074,4
984075,4
984076,1
984077,1
984078,4
984079,4
984080,4
984081,4
984082,4
984083,4
984084,4
984085,1
984086,4
984087,4
984088,4
984089,1
984090,4
984091,4
984092,4
984093,4
984094,4
984095,4
984096,5
984097,1
984098,4
984099,4
984100,4
984101,4
984102,4
984103,4
984104,4
984105,4
984106,4
984107,4
984108,4
984109,4
984110,5
984111,5
984112,4
984113,5
984114,4
984115,1
984116,4
984117,4
984118,4
984119,5
984120,5
984121,5
984122,3
984123,4
984124,4
984125,4
984126,4
984127,4
984128,4
984129,4
984130,4
984131,4
984132,1
984133,1
984134,4
984135,1
984136,5
984137,5
984138,4
984139,4
984140,5
984141,4
984142,4
984143,1
984144,4
984145,4
984146,4
984147,4
984148,1
984149,4
984150,5
984151,5
984152,4
984153,5
984154,4
984155,5
984156,4
984157,5
984158,4
984159,4
984160,4
984161,4
984162,4
984163,5
984164,5
984165,5
984166,4
984167,4
984168,4
984169,4
984170,4
984171,1
984172,4
984173,4
984174,4
984175,1
984176,4
984177,4
984178,4
984179,4
984180,4
984181,4
984182,5
984183,4
984184,1
984185,4
984186,4
984187,4
984188,4
984189,4
984190,3
984191,4
984192,4
984193,5
984194,4
984195,4
984196,4
984197,4
984198,4
984199,4
984200,4
984201,4
984202,4
984203,4
984204,4
984205,4
984206,4
984207,4
984208,1
984209,4
984210,4
984211,4
984212,4
984213,1
984214,5
984215,4
984216,4
984217,4
984218,4
984219,4
984220,4
984221,4
984222,4
984223,4
984224,1
984225,1
984226,4
984227,4
984228,4
984229,4
984230,4
984231,4
984232,1
984233,4
984234,4
984235,1
984236,4
984237,5
984238,4
984239,4
984240,4
984241,4
984242,4
984243,4
984244,4
984245,4
984246,4
984247,4
984248,4
984249,4
984250,4
984251,4
984252,4
984253,4
984254,4
984255,1
984256,4
984257,4
984258,1
984259,4
984260,1
984261,4
984262,5
984263,4
984264,4
984265,5
984266,4
984267,1
984268,4
984269,4
984270,4
984271,4
984272,4
984273,4
984274,4
984275,4
984276,4
984277,4
984278,4
984279,4
984280,4
984281,4
984282,4
984283,4
984284,4
984285,4
984286,4
984287,4
984288,4
984289,4
984290,4
984291,4
984292,4
984293,4
984294,4
984295,5
984296,1
984297,4
984298,4
984299,4
984300,4
984301,4
984302,4
984303,4
984304,5
984305,4
984306,4
984307,4
984308,1
984309,4
984310,4
984311,4
984312,4
984313,4
984314,5
984315,4
984316,5
984317,4
984318,4
984319,4
984320,4
984321,4
984322,4
984323,4
984324,4
984325,4
984326,4
984327,4
984328,4
984329,4
984330,4
984331,1
984332,4
984333,4
984334,4
984335,4
984336,4
984337,4
984338,4
984339,4
984340,4
984341,4
984342,4
984343,4
984344,4
984345,4
984346,1
984347,4
984348,4
984349,4
984350,5
984351,4
984352,4
984353,4
984354,4
984355,4
984356,5
984357,4
984358,4
984359,4
984360,4
984361,4
984362,4
984363,4
984364,4
984365,4
984366,4
984367,4
984368,4
984369,4
984370,4
984371,4
984372,1
984373,4
984374,5
984375,4
984376,4
984377,4
984378,4
984379,4
984380,4
984381,1
984382,4
984383,4
984384,4
984385,4
984386,4
984387,4
984388,4
984389,4
984390,4
984391,4
984392,4
984393,4
984394,4
984395,4
984396,4
984397,4
984398,4
984399,4
984400,4
984401,4
984402,4
984403,4
984404,1
984405,1
984406,4
984407,4
984408,4
984409,5
984410,1
984411,5
984412,4
984413,5
984414,4
984415,4
984416,4
984417,4
984418,4
984419,4
984420,5
984421,4
984422,4
984423,4
984424,4
984425,4
984426,4
984427,4
984428,4
984429,4
984430,4
984431,4
984432,4
984433,5
984434,4
984435,4
984436,4
984437,5
984438,5
984439,4
984440,4
984441,4
984442,4
984443,4
984444,4
984445,1
984446,1
984447,5
984448,4
984449,4
984450,4
984451,5
984452,4
984453,4
984454,4
984455,4
984456,4
984457,4
984458,4
984459,4
984460,4
984461,4
984462,1
984463,1
984464,4
984465,4
984466,5
984467,5
984468,4
984469,1
984470,4
984471,4
984472,4
984473,5
984474,4
984475,4
984476,4
984477,1
984478,4
984479,4
984480,4
984481,1
984482,4
984483,4
984484,4
984485,4
984486,4
984487,4
984488,1
984489,4
984490,4
984491,1
984492,4
984493,4
984494,4
984495,4
984496,4
984497,1
984498,4
984499,4
984500,4
984501,4
984502,4
984503,4
984504,4
984505,4
984506,4
984507,4
984508,4
984509,4
984510,4
984511,4
984512,4
984513,4
984514,4
984515,1
984516,4
984517,1
984518,4
984519,4
984520,4
984521,4
984522,4
984523,4
984524,1
984525,5
984526,4
984527,4
984528,4
984529,4
984530,4
984531,4
984532,4
984533,4
984534,4
984535,4
984536,4
984537,4
984538,4
984539,4
984540,1
984541,4
984542,4
984543,4
984544,4
984545,4
984546,4
984547,1
984548,4
984549,1
984550,4
984551,4
984552,4
984553,4
984554,4
984555,1
984556,4
984557,4
984558,5
984559,4
984560,4
984561,4
984562,4
984563,4
984564,1
984565,4
984566,4
984567,4
984568,4
984569,4
984570,4
984571,1
984572,4
984573,1
984574,4
984575,4
984576,4
984577,5
984578,4
984579,4
984580,1
984581,4
984582,4
984583,4
984584,4
984585,4
984586,4
984587,1
984588,4
984589,4
984590,1
984591,1
984592,4
984593,1
984594,4
984595,4
984596,5
984597,4
984598,4
984599,1
984600,1
984601,5
984602,4
984603,5
984604,4
984605,1
984606,4
984607,4
984608,4
984609,4
984610,4
984611,4
984612,4
984613,1
984614,4
984615,4
984616,4
984617,4
984618,4
984619,5
984620,4
984621,5
984622,4
984623,4
984624,4
984625,4
984626,1
984627,4
984628,5
984629,5
984630,4
984631,4
984632,1
984633,4
984634,5
984635,4
984636,4
984637,4
984638,4
984639,4
984640,4
984641,1
984642,4
984643,4
984644,4
984645,4
984646,5
984647,4
984648,4
984649,4
984650,5
984651,4
984652,5
984653,5
984654,4
984655,4
984656,4
984657,4
984658,5
984659,4
984660,4
984661,4
984662,5
984663,4
984664,4
984665,5
984666,4
984667,4
984668,4
984669,4
984670,4
984671,5
984672,4
984673,4
984674,4
984675,5
984676,5
984677,4
984678,4
984679,5
984680,4
984681,5
984682,4
984683,5
984684,4
984685,4
984686,5
984687,4
984688,4
984689,1
984690,4
984691,1
984692,4
984693,1
984694,4
984695,4
984696,4
984697,3
984698,1
984699,1
984700,1
984701,4
984702,4
984703,4
984704,4
984705,1
984706,4
984707,4
984708,1
984709,4
984710,4
984711,4
984712,4
984713,4
984714,4
984715,4
984716,3
984717,4
984718,4
984719,4
984720,4
984721,4
984722,4
984723,1
984724,4
984725,4
984726,4
984727,4
984728,4
984729,4
984730,4
984731,1
984732,3
984733,4
984734,4
984735,1
984736,4
984737,4
984738,4
984739,4
984740,4
984741,4
984742,4
984743,4
984744,4
984745,4
984746,1
984747,4
984748,1
984749,3
984750,4
984751,4
984752,4
984753,4
984754,4
984755,4
984756,5
984757,4
984758,1
984759,4
984760,4
984761,4
984762,4
984763,4
984764,4
984765,4
984766,4
984767,4
984768,4
984769,4
984770,1
984771,4
984772,4
984773,4
984774,4
984775,4
984776,4
984777,4
984778,4
984779,4
984780,1
984781,4
984782,4
984783,4
984784,4
984785,1
984786,1
984787,1
984788,4
984789,4
984790,4
984791,4
984792,4
984793,4
984794,4
984795,5
984796,4
984797,4
984798,4
984799,4
984800,4
984801,5
984802,4
984803,1
984804,4
984805,4
984806,4
984807,4
984808,4
984809,4
984810,4
984811,4
984812,1
984813,4
984814,4
984815,4
984816,4
984817,4
984818,4
984819,4
984820,4
984821,4
984822,4
984823,1
984824,4
984825,4
984826,4
984827,4
984828,4
984829,5
984830,4
984831,4
984832,4
984833,4
984834,4
984835,4
984836,4
984837,4
984838,4
984839,4
984840,4
984841,4
984842,4
984843,4
984844,4
984845,4
984846,1
984847,1
984848,4
984849,4
984850,4
984851,4
984852,4
984853,4
984854,4
984855,4
984856,4
984857,4
984858,4
984859,5
984860,4
984861,4
984862,4
984863,1
984864,4
984865,4
984866,4
984867,4
984868,4
984869,4
984870,5
984871,4
984872,4
984873,4
984874,5
984875,5
984876,4
984877,4
984878,5
984879,1
984880,4
984881,4
984882,5
984883,4
984884,4
984885,4
984886,4
984887,4
984888,5
984889,4
984890,4
984891,5
984892,4
984893,4
984894,4
984895,4
984896,4
984897,4
984898,1
984899,4
984900,4
984901,4
984902,4
984903,1
984904,4
984905,4
984906,4
984907,4
984908,4
984909,4
984910,5
984911,4
984912,4
984913,1
984914,4
984915,4
984916,5
984917,4
984918,4
984919,4
984920,4
984921,4
984922,4
984923,4
984924,1
984925,4
984926,1
984927,5
984928,5
984929,4
984930,4
984931,4
984932,4
984933,4
984934,4
984935,4
984936,4
984937,4
984938,1
984939,4
984940,4
984941,4
984942,4
984943,4
984944,4
984945,5
984946,4
984947,4
984948,5
984949,4
984950,4
984951,1
984952,4
984953,1
984954,5
984955,4
984956,4
984957,4
984958,4
984959,5
984960,3
984961,4
984962,4
984963,4
984964,5
984965,4
984966,4
984967,4
984968,4
984969,5
984970,3
984971,4
984972,4
984973,1
984974,4
984975,1
984976,4
984977,4
984978,4
984979,4
984980,5
984981,4
984982,4
984983,4
984984,4
984985,4
984986,4
984987,4
984988,4
984989,4
984990,4
984991,4
984992,4
984993,4
984994,4
984995,4
984996,4
984997,4
984998,4
984999,4
985000,4
985001,4
985002,4
985003,4
985004,4
985005,4
985006,1
985007,4
985008,4
985009,4
985010,4
985011,5
985012,1
985013,4
985014,1
985015,4
985016,4
985017,4
985018,5
985019,4
985020,4
985021,4
985022,1
985023,4
985024,1
985025,1
985026,4
985027,4
985028,4
985029,4
985030,4
985031,4
985032,4
985033,5
985034,4
985035,1
985036,4
985037,4
985038,5
985039,5
985040,4
985041,4
985042,1
985043,4
985044,4
985045,4
985046,4
985047,5
985048,4
985049,4
985050,5
985051,4
985052,4
985053,5
985054,4
985055,4
985056,4
985057,4
985058,4
985059,4
985060,4
985061,4
985062,4
985063,4
985064,4
985065,4
985066,4
985067,5
985068,4
985069,4
985070,4
985071,4
985072,4
985073,4
985074,4
985075,4
985076,1
985077,4
985078,4
985079,4
985080,1
985081,4
985082,4
985083,1
985084,4
985085,1
985086,4
985087,4
985088,4
985089,4
985090,5
985091,4
985092,4
985093,4
985094,4
985095,4
985096,4
985097,1
985098,4
985099,4
985100,4
985101,4
985102,4
985103,4
985104,1
985105,4
985106,4
985107,4
985108,4
985109,4
985110,4
985111,4
985112,4
985113,4
985114,5
985115,4
985116,4
985117,4
985118,4
985119,4
985120,4
985121,4
985122,4
985123,5
985124,4
985125,4
985126,4
985127,4
985128,4
985129,4
985130,4
985131,4
985132,1
985133,4
985134,4
985135,4
985136,1
985137,4
985138,4
985139,4
985140,5
985141,4
985142,4
985143,4
985144,4
985145,4
985146,4
985147,4
985148,4
985149,1
985150,4
985151,1
985152,4
985153,4
985154,4
985155,4
985156,4
985157,4
985158,4
985159,4
985160,4
985161,4
985162,5
985163,4
985164,4
985165,4
985166,5
985167,4
985168,4
985169,4
985170,5
985171,4
985172,4
985173,4
985174,4
985175,4
985176,4
985177,4
985178,4
985179,4
985180,4
985181,1
985182,4
985183,4
985184,4
985185,4
985186,4
985187,4
985188,4
985189,4
985190,4
985191,1
985192,4
985193,4
985194,4
985195,4
985196,4
985197,4
985198,4
985199,4
985200,4
985201,5
985202,5
985203,4
985204,5
985205,5
985206,4
985207,1
985208,4
985209,5
985210,4
985211,5
985212,5
985213,5
985214,5
985215,5
985216,4
985217,4
985218,1
985219,4
985220,5
985221,4
985222,5
985223,4
985224,1
985225,4
985226,5
985227,5
985228,4
985229,4
985230,4
985231,4
985232,4
985233,4
985234,4
985235,4
985236,4
985237,4
985238,4
985239,4
985240,4
985241,1
985242,5
985243,4
985244,4
985245,4
985246,4
985247,1
985248,4
985249,4
985250,4
985251,4
985252,5
985253,4
985254,4
985255,4
985256,1
985257,4
985258,1
985259,1
985260,4
985261,4
985262,4
985263,4
985264,5
985265,5
985266,4
985267,1
985268,4
985269,4
985270,4
985271,4
985272,4
985273,4
985274,1
985275,1
985276,4
985277,3
985278,4
985279,4
985280,4
985281,4
985282,4
985283,4
985284,4
985285,4
985286,4
985287,1
985288,4
985289,4
985290,4
985291,4
985292,4
985293,4
985294,4
985295,4
985296,4
985297,4
985298,1
985299,4
985300,4
985301,5
985302,3
985303,4
985304,4
985305,4
985306,4
985307,4
985308,4
985309,4
985310,4
985311,4
985312,1
985313,4
985314,5
985315,4
985316,1
985317,4
985318,4
985319,4
985320,4
985321,4
985322,4
985323,4
985324,4
985325,4
985326,4
985327,4
985328,4
985329,4
985330,1
985331,4
985332,1
985333,4
985334,4
985335,5
985336,4
985337,4
985338,5
985339,4
985340,4
985341,4
985342,4
985343,4
985344,4
985345,4
985346,4
985347,1
985348,4
985349,1
985350,1
985351,4
985352,5
985353,4
985354,4
985355,4
985356,4
985357,1
985358,4
985359,4
985360,4
985361,4
985362,4
985363,4
985364,1
985365,4
985366,4
985367,4
985368,4
985369,4
985370,1
985371,4
985372,4
985373,4
985374,4
985375,4
985376,4
985377,5
985378,4
985379,4
985380,5
985381,4
985382,4
985383,4
985384,4
985385,4
985386,4
985387,4
985388,4
985389,4
985390,4
985391,4
985392,4
985393,4
985394,4
985395,4
985396,4
985397,4
985398,4
985399,4
985400,1
985401,4
985402,4
985403,4
985404,4
985405,4
985406,1
985407,4
985408,4
985409,4
985410,1
985411,4
985412,1
985413,4
985414,4
985415,1
985416,4
985417,4
985418,1
985419,4
985420,5
985421,4
985422,4
985423,4
985424,5
985425,4
985426,4
985427,4
985428,4
985429,4
985430,4
985431,4
985432,5
985433,4
985434,1
985435,5
985436,4
985437,4
985438,4
985439,4
985440,4
985441,4
985442,4
985443,4
985444,4
985445,4
985446,4
985447,4
985448,3
985449,4
985450,4
985451,4
985452,4
985453,4
985454,4
985455,1
985456,4
985457,4
985458,1
985459,4
985460,4
985461,1
985462,4
985463,4
985464,4
985465,4
985466,4
985467,4
985468,4
985469,4
985470,4
985471,4
985472,4
985473,4
985474,4
985475,4
985476,1
985477,4
985478,4
985479,4
985480,4
985481,4
985482,1
985483,4
985484,4
985485,5
985486,4
985487,4
985488,4
985489,4
985490,4
985491,1
985492,4
985493,4
985494,4
985495,4
985496,4
985497,4
985498,4
985499,4
985500,4
985501,4
985502,4
985503,5
985504,4
985505,4
985506,5
985507,4
985508,4
985509,4
985510,4
985511,4
985512,1
985513,4
985514,4
985515,4
985516,4
985517,4
985518,4
985519,5
985520,1
985521,4
985522,4
985523,1
985524,3
985525,4
985526,4
985527,4
985528,4
985529,4
985530,4
985531,1
985532,4
985533,1
985534,4
985535,4
985536,4
985537,5
985538,4
985539,4
985540,4
985541,3
985542,3
985543,3
985544,3
985545,4
985546,3
985547,1
985548,4
985549,3
985550,3
985551,4
985552,4
985553,5
985554,4
985555,4
985556,4
985557,4
985558,3
985559,4
985560,4
985561,4
985562,4
985563,4
985564,4
985565,5
985566,4
985567,4
985568,4
985569,4
985570,4
985571,4
985572,4
985573,4
985574,4
985575,4
985576,4
985577,4
985578,4
985579,4
985580,4
985581,4
985582,1
985583,4
985584,4
985585,4
985586,4
985587,1
985588,4
985589,4
985590,4
985591,4
985592,4
985593,4
985594,1
985595,4
985596,4
985597,4
985598,4
985599,4
985600,4
985601,4
985602,1
985603,4
985604,4
985605,4
985606,4
985607,4
985608,4
985609,4
985610,4
985611,4
985612,4
985613,4
985614,4
985615,4
985616,4
985617,4
985618,1
985619,4
985620,4
985621,4
985622,4
985623,4
985624,4
985625,4
985626,4
985627,4
985628,4
985629,4
985630,4
985631,4
985632,4
985633,4
985634,4
985635,4
985636,4
985637,4
985638,1
985639,4
985640,1
985641,4
985642,4
985643,4
985644,4
985645,4
985646,5
985647,4
985648,4
985649,1
985650,1
985651,1
985652,4
985653,4
985654,4
985655,4
985656,4
985657,1
985658,4
985659,4
985660,4
985661,1
985662,4
985663,4
985664,4
985665,4
985666,4
985667,4
985668,4
985669,4
985670,4
985671,4
985672,4
985673,4
985674,4
985675,4
985676,4
985677,1
985678,4
985679,4
985680,4
985681,1
985682,4
985683,4
985684,4
985685,4
985686,1
985687,4
985688,4
985689,4
985690,4
985691,4
985692,4
985693,1
985694,1
985695,1
985696,4
985697,4
985698,1
985699,4
985700,4
985701,4
985702,1
985703,4
985704,1
985705,4
985706,4
985707,4
985708,4
985709,4
985710,4
985711,4
985712,4
985713,4
985714,4
985715,4
985716,4
985717,4
985718,4
985719,1
985720,4
985721,4
985722,4
985723,4
985724,5
985725,5
985726,4
985727,4
985728,5
985729,4
985730,4
985731,4
985732,5
985733,5
985734,4
985735,4
985736,1
985737,4
985738,4
985739,4
985740,4
985741,4
985742,4
985743,4
985744,4
985745,4
985746,4
985747,5
985748,4
985749,1
985750,4
985751,5
985752,1
985753,4
985754,4
985755,4
985756,4
985757,4
985758,5
985759,4
985760,4
985761,1
985762,4
985763,1
985764,4
985765,4
985766,4
985767,4
985768,5
985769,4
985770,4
985771,4
985772,5
985773,4
985774,4
985775,5
985776,4
985777,4
985778,4
985779,4
985780,4
985781,4
985782,4
985783,4
985784,4
985785,4
985786,5
985787,4
985788,4
985789,4
985790,4
985791,4
985792,4
985793,1
985794,5
985795,4
985796,4
985797,4
985798,4
985799,4
985800,4
985801,5
985802,4
985803,1
985804,4
985805,4
985806,4
985807,4
985808,4
985809,4
985810,4
985811,5
985812,4
985813,4
985814,4
985815,4
985816,5
985817,5
985818,4
985819,4
985820,5
985821,4
985822,4
985823,4
985824,4
985825,5
985826,4
985827,5
985828,4
985829,4
985830,4
985831,4
985832,4
985833,4
985834,4
985835,5
985836,4
985837,4
985838,4
985839,4
985840,5
985841,4
985842,4
985843,4
985844,1
985845,1
985846,4
985847,4
985848,4
985849,4
985850,1
985851,5
985852,4
985853,4
985854,4
985855,4
985856,4
985857,4
985858,4
985859,5
985860,1
985861,4
985862,4
985863,4
985864,4
985865,4
985866,4
985867,4
985868,4
985869,4
985870,4
985871,4
985872,1
985873,4
985874,5
985875,4
985876,1
985877,4
985878,3
985879,4
985880,4
985881,4
985882,4
985883,4
985884,4
985885,1
985886,4
985887,1
985888,5
985889,4
985890,4
985891,5
985892,4
985893,4
985894,4
985895,4
985896,4
985897,4
985898,4
985899,4
985900,4
985901,4
985902,5
985903,4
985904,1
985905,4
985906,4
985907,3
985908,4
985909,4
985910,4
985911,4
985912,4
985913,4
985914,4
985915,4
985916,1
985917,4
985918,4
985919,4
985920,4
985921,4
985922,4
985923,4
985924,4
985925,4
985926,4
985927,4
985928,4
985929,4
985930,5
985931,4
985932,4
985933,3
985934,4
985935,4
985936,1
985937,4
985938,4
985939,4
985940,4
985941,4
985942,4
985943,4
985944,4
985945,4
985946,5
985947,4
985948,1
985949,5
985950,4
985951,4
985952,5
985953,4
985954,4
985955,4
985956,4
985957,4
985958,4
985959,1
985960,4
985961,4
985962,1
985963,4
985964,4
985965,4
985966,4
985967,4
985968,1
985969,1
985970,4
985971,4
985972,4
985973,4
985974,1
985975,4
985976,4
985977,4
985978,4
985979,4
985980,4
985981,4
985982,4
985983,4
985984,1
985985,4
985986,4
985987,4
985988,4
985989,4
985990,4
985991,4
985992,4
985993,5
985994,5
985995,4
985996,5
985997,5
985998,5
985999,5
986000,5
986001,5
986002,4
986003,4
986004,4
986005,4
986006,4
986007,4
986008,4
986009,4
986010,1
986011,4
986012,4
986013,1
986014,1
986015,4
986016,4
986017,4
986018,4
986019,4
986020,4
986021,1
986022,4
986023,4
986024,4
986025,4
986026,4
986027,4
986028,4
986029,4
986030,4
986031,4
986032,1
986033,4
986034,4
986035,1
986036,5
986037,4
986038,1
986039,4
986040,4
986041,4
986042,4
986043,4
986044,4
986045,4
986046,4
986047,5
986048,1
986049,1
986050,4
986051,4
986052,4
986053,4
986054,4
986055,4
986056,4
986057,4
986058,4
986059,4
986060,4
986061,4
986062,4
986063,3
986064,4
986065,4
986066,4
986067,4
986068,4
986069,4
986070,4
986071,4
986072,4
986073,4
986074,1
986075,4
986076,4
986077,4
986078,4
986079,4
986080,4
986081,4
986082,4
986083,4
986084,4
986085,4
986086,5
986087,3
986088,4
986089,4
986090,4
986091,4
986092,4
986093,4
986094,4
986095,4
986096,4
986097,4
986098,5
986099,4
986100,4
986101,1
986102,4
986103,4
986104,1
986105,1
986106,4
986107,4
986108,1
986109,4
986110,1
986111,1
986112,4
986113,4
986114,1
986115,4
986116,4
986117,4
986118,4
986119,4
986120,4
986121,4
986122,4
986123,5
986124,4
986125,5
986126,4
986127,4
986128,4
986129,1
986130,4
986131,4
986132,4
986133,4
986134,4
986135,4
986136,4
986137,4
986138,4
986139,1
986140,4
986141,4
986142,4
986143,4
986144,5
986145,4
986146,5
986147,4
986148,3
986149,4
986150,4
986151,4
986152,4
986153,4
986154,4
986155,5
986156,1
986157,4
986158,4
986159,3
986160,4
986161,1
986162,4
986163,4
986164,5
986165,4
986166,4
986167,4
986168,4
986169,1
986170,4
986171,1
986172,4
986173,4
986174,1
986175,4
986176,5
986177,1
986178,4
986179,4
986180,4
986181,4
986182,1
986183,4
986184,4
986185,4
986186,4
986187,1
986188,4
986189,4
986190,4
986191,5
986192,4
986193,1
986194,4
986195,4
986196,4
986197,4
986198,4
986199,4
986200,5
986201,4
986202,4
986203,4
986204,4
986205,4
986206,1
986207,4
986208,4
986209,4
986210,4
986211,4
986212,4
986213,4
986214,1
986215,4
986216,4
986217,4
986218,4
986219,4
986220,4
986221,4
986222,4
986223,4
986224,4
986225,4
986226,4
986227,4
986228,4
986229,4
986230,4
986231,4
986232,4
986233,4
986234,1
986235,4
986236,4
986237,4
986238,4
986239,4
986240,4
986241,4
986242,4
986243,4
986244,4
986245,4
986246,4
986247,4
986248,4
986249,4
986250,1
986251,1
986252,1
986253,4
986254,4
986255,4
986256,4
986257,4
986258,1
986259,4
986260,4
986261,4
986262,1
986263,5
986264,4
986265,4
986266,4
986267,5
986268,4
986269,4
986270,5
986271,4
986272,4
986273,4
986274,4
986275,4
986276,4
986277,4
986278,4
986279,4
986280,4
986281,1
986282,5
986283,5
986284,4
986285,4
986286,1
986287,4
986288,4
986289,4
986290,4
986291,5
986292,4
986293,5
986294,4
986295,1
986296,4
986297,5
986298,4
986299,4
986300,4
986301,5
986302,4
986303,4
986304,4
986305,4
986306,4
986307,4
986308,5
986309,4
986310,4
986311,1
986312,4
986313,4
986314,4
986315,4
986316,4
986317,4
986318,4
986319,1
986320,4
986321,4
986322,4
986323,4
986324,4
986325,1
986326,5
986327,4
986328,4
986329,4
986330,4
986331,4
986332,4
986333,4
986334,4
986335,4
986336,4
986337,4
986338,4
986339,4
986340,4
986341,4
986342,5
986343,4
986344,4
986345,4
986346,4
986347,4
986348,4
986349,4
986350,4
986351,4
986352,4
986353,4
986354,4
986355,4
986356,4
986357,4
986358,5
986359,4
986360,4
986361,4
986362,4
986363,4
986364,4
986365,4
986366,4
986367,4
986368,4
986369,4
986370,4
986371,4
986372,4
986373,4
986374,4
986375,4
986376,4
986377,1
986378,4
986379,4
986380,4
986381,4
986382,4
986383,1
986384,4
986385,4
986386,4
986387,4
986388,4
986389,4
986390,4
986391,4
986392,4
986393,5
986394,4
986395,4
986396,4
986397,4
986398,4
986399,4
986400,1
986401,4
986402,3
986403,4
986404,4
986405,4
986406,4
986407,4
986408,4
986409,4
986410,4
986411,4
986412,4
986413,4
986414,4
986415,4
986416,4
986417,4
986418,4
986419,4
986420,4
986421,4
986422,4
986423,4
986424,4
986425,4
986426,4
986427,4
986428,4
986429,4
986430,5
986431,4
986432,4
986433,4
986434,4
986435,1
986436,4
986437,4
986438,4
986439,4
986440,4
986441,4
986442,4
986443,1
986444,4
986445,4
986446,4
986447,4
986448,1
986449,4
986450,4
986451,4
986452,4
986453,4
986454,1
986455,4
986456,4
986457,1
986458,4
986459,4
986460,4
986461,4
986462,4
986463,4
986464,4
986465,4
986466,4
986467,4
986468,4
986469,4
986470,4
986471,4
986472,4
986473,4
986474,4
986475,4
986476,4
986477,4
986478,4
986479,4
986480,4
986481,1
986482,4
986483,4
986484,5
986485,4
986486,5
986487,4
986488,5
986489,4
986490,4
986491,5
986492,5
986493,4
986494,5
986495,4
986496,4
986497,5
986498,4
986499,4
986500,4
986501,4
986502,4
986503,1
986504,4
986505,4
986506,4
986507,4
986508,4
986509,4
986510,4
986511,4
986512,4
986513,4
986514,4
986515,4
986516,4
986517,4
986518,4
986519,4
986520,4
986521,4
986522,4
986523,4
986524,4
986525,4
986526,4
986527,4
986528,4
986529,4
986530,1
986531,1
986532,4
986533,4
986534,4
986535,4
986536,4
986537,4
986538,4
986539,4
986540,4
986541,4
986542,4
986543,4
986544,4
986545,4
986546,4
986547,4
986548,4
986549,4
986550,1
986551,4
986552,4
986553,1
986554,1
986555,4
986556,4
986557,4
986558,1
986559,4
986560,4
986561,5
986562,4
986563,4
986564,5
986565,4
986566,4
986567,1
986568,4
986569,4
986570,4
986571,4
986572,4
986573,4
986574,5
986575,5
986576,1
986577,4
986578,1
986579,4
986580,4
986581,1
986582,4
986583,4
986584,4
986585,4
986586,4
986587,4
986588,4
986589,4
986590,4
986591,4
986592,4
986593,4
986594,5
986595,5
986596,4
986597,4
986598,1
986599,4
986600,4
986601,4
986602,4
986603,4
986604,5
986605,5
986606,4
986607,4
986608,4
986609,4
986610,4
986611,4
986612,4
986613,4
986614,4
986615,5
986616,4
986617,4
986618,5
986619,4
986620,4
986621,1
986622,4
986623,4
986624,5
986625,1
986626,5
986627,5
986628,4
986629,4
986630,4
986631,4
986632,4
986633,4
986634,4
986635,4
986636,4
986637,4
986638,4
986639,4
986640,1
986641,4
986642,4
986643,4
986644,4
986645,4
986646,5
986647,4
986648,4
986649,4
986650,4
986651,4
986652,4
986653,4
986654,4
986655,4
986656,4
986657,4
986658,5
986659,5
986660,4
986661,1
986662,4
986663,5
986664,4
986665,4
986666,3
986667,4
986668,4
986669,4
986670,1
986671,4
986672,4
986673,4
986674,4
986675,1
986676,4
986677,4
986678,4
986679,4
986680,4
986681,4
986682,4
986683,4
986684,1
986685,1
986686,4
986687,4
986688,4
986689,4
986690,4
986691,3
986692,4
986693,4
986694,4
986695,5
986696,1
986697,4
986698,4
986699,4
986700,1
986701,4
986702,5
986703,4
986704,4
986705,4
986706,4
986707,1
986708,4
986709,4
986710,4
986711,1
986712,4
986713,4
986714,5
986715,4
986716,3
986717,5
986718,4
986719,4
986720,5
986721,4
986722,4
986723,4
986724,4
986725,1
986726,1
986727,1
986728,4
986729,4
986730,4
986731,4
986732,5
986733,3
986734,1
986735,4
986736,4
986737,4
986738,4
986739,4
986740,4
986741,4
986742,4
986743,4
986744,3
986745,4
986746,4
986747,4
986748,4
986749,3
986750,4
986751,4
986752,4
986753,4
986754,4
986755,4
986756,4
986757,4
986758,4
986759,4
986760,4
986761,4
986762,3
986763,4
986764,4
986765,4
986766,4
986767,4
986768,4
986769,5
986770,4
986771,4
986772,4
986773,4
986774,5
986775,4
986776,1
986777,4
986778,4
986779,4
986780,5
986781,5
986782,4
986783,4
986784,4
986785,4
986786,4
986787,4
986788,4
986789,3
986790,4
986791,4
986792,4
986793,5
986794,4
986795,4
986796,4
986797,4
986798,4
986799,4
986800,4
986801,4
986802,4
986803,4
986804,4
986805,4
986806,5
986807,5
986808,4
986809,4
986810,4
986811,4
986812,4
986813,4
986814,4
986815,5
986816,4
986817,4
986818,5
986819,1
986820,4
986821,1
986822,4
986823,5
986824,4
986825,4
986826,4
986827,4
986828,4
986829,4
986830,4
986831,5
986832,4
986833,4
986834,4
986835,4
986836,1
986837,1
986838,4
986839,4
986840,4
986841,4
986842,4
986843,5
986844,5
986845,4
986846,4
986847,5
986848,4
986849,1
986850,1
986851,4
986852,5
986853,4
986854,4
986855,4
986856,4
986857,4
986858,4
986859,4
986860,4
986861,4
986862,4
986863,4
986864,1
986865,4
986866,1
986867,4
986868,4
986869,4
986870,4
986871,4
986872,4
986873,4
986874,4
986875,4
986876,4
986877,4
986878,1
986879,4
986880,1
986881,4
986882,4
986883,4
986884,1
986885,4
986886,4
986887,4
986888,4
986889,4
986890,4
986891,5
986892,5
986893,4
986894,5
986895,5
986896,4
986897,1
986898,1
986899,1
986900,4
986901,4
986902,1
986903,4
986904,4
986905,4
986906,4
986907,4
986908,4
986909,4
986910,5
986911,1
986912,4
986913,4
986914,4
986915,4
986916,4
986917,1
986918,4
986919,4
986920,4
986921,4
986922,4
986923,4
986924,4
986925,4
986926,4
986927,4
986928,4
986929,4
986930,4
986931,4
986932,1
986933,4
986934,4
986935,1
986936,4
986937,4
986938,4
986939,4
986940,1
986941,4
986942,4
986943,4
986944,4
986945,4
986946,4
986947,4
986948,4
986949,4
986950,4
986951,4
986952,4
986953,4
986954,4
986955,4
986956,4
986957,4
986958,4
986959,4
986960,1
986961,4
986962,4
986963,4
986964,4
986965,4
986966,4
986967,4
986968,1
986969,4
986970,4
986971,1
986972,4
986973,4
986974,4
986975,4
986976,4
986977,4
986978,4
986979,4
986980,4
986981,5
986982,4
986983,4
986984,4
986985,4
986986,1
986987,4
986988,4
986989,4
986990,4
986991,4
986992,4
986993,4
986994,4
986995,4
986996,4
986997,3
986998,4
986999,1
987000,4
987001,4
987002,4
987003,4
987004,4
987005,4
987006,5
987007,4
987008,4
987009,4
987010,4
987011,4
987012,4
987013,4
987014,1
987015,1
987016,4
987017,4
987018,1
987019,5
987020,4
987021,4
987022,4
987023,4
987024,4
987025,5
987026,4
987027,3
987028,4
987029,5
987030,4
987031,4
987032,4
987033,4
987034,4
987035,4
987036,4
987037,4
987038,4
987039,4
987040,4
987041,4
987042,4
987043,4
987044,4
987045,5
987046,4
987047,5
987048,4
987049,4
987050,4
987051,4
987052,4
987053,4
987054,3
987055,4
987056,1
987057,4
987058,4
987059,4
987060,4
987061,4
987062,4
987063,4
987064,4
987065,4
987066,4
987067,4
987068,4
987069,4
987070,4
987071,4
987072,4
987073,4
987074,1
987075,1
987076,4
987077,4
987078,4
987079,4
987080,4
987081,4
987082,4
987083,4
987084,5
987085,4
987086,4
987087,4
987088,4
987089,5
987090,4
987091,4
987092,4
987093,4
987094,4
987095,4
987096,1
987097,4
987098,4
987099,1
987100,4
987101,4
987102,4
987103,4
987104,4
987105,4
987106,4
987107,4
987108,4
987109,4
987110,4
987111,4
987112,4
987113,4
987114,4
987115,4
987116,4
987117,4
987118,4
987119,4
987120,4
987121,4
987122,4
987123,4
987124,4
987125,4
987126,4
987127,4
987128,1
987129,4
987130,4
987131,4
987132,4
987133,4
987134,4
987135,4
987136,4
987137,4
987138,4
987139,4
987140,4
987141,4
987142,4
987143,4
987144,4
987145,5
987146,4
987147,4
987148,1
987149,1
987150,1
987151,1
987152,5
987153,4
987154,4
987155,4
987156,4
987157,4
987158,4
987159,1
987160,4
987161,4
987162,4
987163,4
987164,4
987165,4
987166,4
987167,4
987168,4
987169,4
987170,4
987171,4
987172,4
987173,5
987174,4
987175,4
987176,1
987177,4
987178,4
987179,5
987180,4
987181,4
987182,4
987183,1
987184,4
987185,4
987186,4
987187,4
987188,4
987189,4
987190,4
987191,4
987192,4
987193,4
987194,4
987195,4
987196,4
987197,4
987198,4
987199,4
987200,4
987201,4
987202,4
987203,4
987204,4
987205,4
987206,4
987207,4
987208,1
987209,4
987210,4
987211,1
987212,4
987213,5
987214,4
987215,4
987216,4
987217,1
987218,4
987219,5
987220,1
987221,4
987222,4
987223,4
987224,4
987225,1
987226,1
987227,4
987228,4
987229,4
987230,4
987231,4
987232,4
987233,1
987234,4
987235,4
987236,4
987237,4
987238,4
987239,4
987240,4
987241,4
987242,5
987243,4
987244,4
987245,4
987246,4
987247,4
987248,4
987249,1
987250,1
987251,1
987252,4
987253,4
987254,4
987255,5
987256,4
987257,4
987258,4
987259,4
987260,5
987261,4
987262,4
987263,4
987264,4
987265,4
987266,4
987267,4
987268,4
987269,4
987270,4
987271,4
987272,4
987273,4
987274,4
987275,4
987276,4
987277,4
987278,4
987279,4
987280,1
987281,1
987282,4
987283,4
987284,4
987285,4
987286,4
987287,4
987288,5
987289,5
987290,4
987291,1
987292,5
987293,4
987294,4
987295,1
987296,5
987297,4
987298,4
987299,5
987300,4
987301,4
987302,4
987303,4
987304,4
987305,4
987306,4
987307,4
987308,4
987309,1
987310,1
987311,4
987312,4
987313,4
987314,4
987315,4
987316,4
987317,4
987318,4
987319,4
987320,4
987321,1
987322,5
987323,4
987324,5
987325,4
987326,4
987327,5
987328,4
987329,4
987330,4
987331,4
987332,4
987333,5
987334,4
987335,4
987336,4
987337,4
987338,4
987339,4
987340,4
987341,4
987342,1
987343,4
987344,4
987345,4
987346,4
987347,4
987348,4
987349,1
987350,4
987351,4
987352,4
987353,4
987354,4
987355,5
987356,5
987357,4
987358,4
987359,4
987360,4
987361,4
987362,4
987363,4
987364,4
987365,4
987366,5
987367,1
987368,4
987369,4
987370,1
987371,4
987372,4
987373,4
987374,4
987375,4
987376,4
987377,4
987378,4
987379,4
987380,1
987381,4
987382,4
987383,1
987384,4
987385,4
987386,4
987387,4
987388,4
987389,4
987390,4
987391,4
987392,4
987393,4
987394,4
987395,4
987396,4
987397,4
987398,4
987399,4
987400,4
987401,4
987402,4
987403,4
987404,1
987405,4
987406,1
987407,5
987408,4
987409,4
987410,4
987411,4
987412,4
987413,4
987414,5
987415,4
987416,4
987417,4
987418,4
987419,4
987420,4
987421,4
987422,5
987423,5
987424,5
987425,4
987426,4
987427,4
987428,4
987429,4
987430,1
987431,4
987432,1
987433,4
987434,4
987435,4
987436,4
987437,4
987438,1
987439,1
987440,5
987441,4
987442,4
987443,4
987444,4
987445,4
987446,4
987447,4
987448,1
987449,4
987450,4
987451,4
987452,4
987453,4
987454,1
987455,1
987456,1
987457,5
987458,4
987459,4
987460,4
987461,4
987462,4
987463,1
987464,4
987465,4
987466,4
987467,4
987468,4
987469,4
987470,4
987471,4
987472,4
987473,5
987474,5
987475,4
987476,4
987477,4
987478,4
987479,1
987480,4
987481,4
987482,4
987483,4
987484,4
987485,4
987486,4
987487,4
987488,4
987489,4
987490,4
987491,4
987492,4
987493,4
987494,4
987495,5
987496,4
987497,4
987498,4
987499,4
987500,4
987501,4
987502,4
987503,4
987504,4
987505,4
987506,5
987507,4
987508,5
987509,4
987510,1
987511,4
987512,4
987513,4
987514,4
987515,4
987516,4
987517,4
987518,4
987519,4
987520,4
987521,4
987522,4
987523,4
987524,4
987525,4
987526,4
987527,4
987528,4
987529,4
987530,4
987531,4
987532,4
987533,4
987534,1
987535,4
987536,4
987537,4
987538,4
987539,4
987540,4
987541,4
987542,4
987543,4
987544,4
987545,4
987546,4
987547,1
987548,4
987549,4
987550,4
987551,4
987552,4
987553,4
987554,4
987555,4
987556,4
987557,4
987558,4
987559,4
987560,4
987561,4
987562,4
987563,4
987564,4
987565,4
987566,4
987567,4
987568,4
987569,4
987570,4
987571,4
987572,5
987573,4
987574,1
987575,1
987576,1
987577,4
987578,4
987579,4
987580,4
987581,4
987582,4
987583,4
987584,4
987585,4
987586,4
987587,4
987588,4
987589,4
987590,4
987591,4
987592,4
987593,4
987594,4
987595,4
987596,4
987597,4
987598,4
987599,4
987600,4
987601,4
987602,4
987603,4
987604,4
987605,4
987606,4
987607,4
987608,4
987609,4
987610,4
987611,4
987612,4
987613,4
987614,4
987615,4
987616,4
987617,4
987618,4
987619,1
987620,4
987621,4
987622,4
987623,1
987624,4
987625,4
987626,4
987627,4
987628,5
987629,4
987630,4
987631,4
987632,4
987633,4
987634,4
987635,4
987636,4
987637,4
987638,4
987639,4
987640,1
987641,4
987642,4
987643,5
987644,4
987645,4
987646,5
987647,5
987648,4
987649,4
987650,1
987651,4
987652,4
987653,4
987654,4
987655,1
987656,4
987657,4
987658,4
987659,5
987660,4
987661,4
987662,4
987663,4
987664,1
987665,4
987666,4
987667,4
987668,1
987669,4
987670,1
987671,4
987672,4
987673,5
987674,4
987675,4
987676,4
987677,4
987678,4
987679,5
987680,1
987681,4
987682,4
987683,4
987684,1
987685,4
987686,4
987687,4
987688,4
987689,4
987690,4
987691,4
987692,4
987693,4
987694,4
987695,4
987696,4
987697,4
987698,4
987699,4
987700,4
987701,4
987702,4
987703,4
987704,4
987705,4
987706,5
987707,4
987708,4
987709,4
987710,4
987711,4
987712,1
987713,4
987714,4
987715,5
987716,4
987717,4
987718,4
987719,4
987720,4
987721,4
987722,4
987723,4
987724,4
987725,1
987726,4
987727,4
987728,4
987729,4
987730,3
987731,4
987732,4
987733,1
987734,4
987735,1
987736,4
987737,4
987738,4
987739,4
987740,4
987741,4
987742,4
987743,4
987744,4
987745,5
987746,4
987747,4
987748,4
987749,4
987750,4
987751,4
987752,4
987753,4
987754,4
987755,1
987756,4
987757,4
987758,4
987759,4
987760,4
987761,4
987762,4
987763,4
987764,4
987765,4
987766,4
987767,4
987768,1
987769,4
987770,4
987771,4
987772,4
987773,4
987774,4
987775,1
987776,4
987777,4
987778,4
987779,1
987780,4
987781,5
987782,1
987783,1
987784,4
987785,4
987786,4
987787,4
987788,1
987789,1
987790,1
987791,4
987792,4
987793,4
987794,4
987795,4
987796,4
987797,4
987798,4
987799,4
987800,4
987801,4
987802,4
987803,4
987804,4
987805,4
987806,4
987807,4
987808,4
987809,4
987810,4
987811,4
987812,4
987813,4
987814,1
987815,4
987816,4
987817,4
987818,4
987819,4
987820,4
987821,1
987822,4
987823,4
987824,4
987825,1
987826,4
987827,4
987828,4
987829,4
987830,4
987831,5
987832,4
987833,4
987834,4
987835,4
987836,4
987837,4
987838,4
987839,4
987840,4
987841,4
987842,4
987843,4
987844,4
987845,1
987846,4
987847,4
987848,4
987849,4
987850,4
987851,4
987852,1
987853,4
987854,4
987855,4
987856,4
987857,4
987858,4
987859,4
987860,4
987861,4
987862,4
987863,4
987864,4
987865,1
987866,4
987867,4
987868,4
987869,4
987870,4
987871,4
987872,4
987873,4
987874,4
987875,4
987876,4
987877,4
987878,5
987879,4
987880,5
987881,5
987882,4
987883,5
987884,4
987885,4
987886,5
987887,1
987888,1
987889,4
987890,4
987891,4
987892,5
987893,4
987894,4
987895,4
987896,5
987897,4
987898,5
987899,4
987900,4
987901,4
987902,4
987903,4
987904,4
987905,4
987906,4
987907,4
987908,4
987909,4
987910,4
987911,4
987912,4
987913,4
987914,4
987915,4
987916,4
987917,4
987918,4
987919,1
987920,4
987921,4
987922,4
987923,1
987924,4
987925,4
987926,4
987927,4
987928,3
987929,4
987930,4
987931,4
987932,4
987933,4
987934,4
987935,1
987936,4
987937,4
987938,4
987939,4
987940,4
987941,4
987942,4
987943,4
987944,4
987945,4
987946,4
987947,1
987948,4
987949,4
987950,4
987951,5
987952,5
987953,5
987954,4
987955,4
987956,4
987957,4
987958,4
987959,4
987960,5
987961,4
987962,5
987963,4
987964,4
987965,5
987966,5
987967,4
987968,1
987969,4
987970,4
987971,4
987972,4
987973,4
987974,4
987975,4
987976,4
987977,4
987978,1
987979,4
987980,4
987981,4
987982,4
987983,4
987984,4
987985,4
987986,4
987987,4
987988,4
987989,4
987990,4
987991,4
987992,4
987993,4
987994,3
987995,4
987996,4
987997,4
987998,4
987999,4
988000,4
988001,4
988002,4
988003,4
988004,3
988005,4
988006,4
988007,4
988008,4
988009,4
988010,4
988011,4
988012,4
988013,4
988014,4
988015,4
988016,3
988017,1
988018,4
988019,4
988020,1
988021,4
988022,1
988023,4
988024,1
988025,4
988026,4
988027,1
988028,4
988029,4
988030,4
988031,4
988032,4
988033,4
988034,4
988035,4
988036,4
988037,4
988038,4
988039,4
988040,4
988041,4
988042,4
988043,4
988044,4
988045,4
988046,4
988047,4
988048,4
988049,4
988050,4
988051,4
988052,4
988053,4
988054,4
988055,4
988056,4
988057,4
988058,4
988059,4
988060,4
988061,4
988062,4
988063,4
988064,4
988065,4
988066,4
988067,4
988068,4
988069,4
988070,4
988071,5
988072,4
988073,4
988074,4
988075,4
988076,4
988077,4
988078,4
988079,4
988080,4
988081,4
988082,4
988083,4
988084,1
988085,1
988086,5
988087,4
988088,4
988089,4
988090,4
988091,4
988092,4
988093,4
988094,4
988095,4
988096,4
988097,4
988098,4
988099,4
988100,1
988101,4
988102,4
988103,5
988104,4
988105,4
988106,1
988107,1
988108,1
988109,1
988110,4
988111,4
988112,4
988113,4
988114,4
988115,4
988116,4
988117,4
988118,4
988119,4
988120,4
988121,4
988122,4
988123,4
988124,4
988125,4
988126,4
988127,4
988128,4
988129,4
988130,4
988131,4
988132,4
988133,5
988134,4
988135,1
988136,1
988137,4
988138,4
988139,4
988140,4
988141,4
988142,4
988143,1
988144,4
988145,4
988146,4
988147,4
988148,4
988149,4
988150,4
988151,4
988152,4
988153,5
988154,4
988155,4
988156,4
988157,1
988158,4
988159,4
988160,4
988161,4
988162,4
988163,4
988164,4
988165,4
988166,4
988167,4
988168,4
988169,4
988170,4
988171,1
988172,4
988173,4
988174,1
988175,4
988176,5
988177,4
988178,4
988179,4
988180,5
988181,4
988182,1
988183,4
988184,4
988185,4
988186,4
988187,1
988188,4
988189,1
988190,1
988191,4
988192,4
988193,4
988194,4
988195,4
988196,4
988197,4
988198,4
988199,4
988200,1
988201,1
988202,4
988203,4
988204,4
988205,4
988206,4
988207,3
988208,4
988209,4
988210,4
988211,4
988212,4
988213,5
988214,4
988215,4
988216,4
988217,5
988218,4
988219,4
988220,4
988221,5
988222,4
988223,4
988224,4
988225,4
988226,4
988227,4
988228,4
988229,4
988230,1
988231,4
988232,4
988233,4
988234,4
988235,4
988236,4
988237,4
988238,4
988239,1
988240,4
988241,4
988242,4
988243,4
988244,4
988245,4
988246,4
988247,5
988248,5
988249,1
988250,4
988251,4
988252,4
988253,5
988254,4
988255,4
988256,4
988257,4
988258,4
988259,1
988260,1
988261,1
988262,4
988263,4
988264,4
988265,4
988266,4
988267,4
988268,4
988269,4
988270,4
988271,4
988272,4
988273,4
988274,4
988275,4
988276,4
988277,4
988278,3
988279,4
988280,4
988281,1
988282,4
988283,4
988284,1
988285,4
988286,4
988287,4
988288,4
988289,4
988290,4
988291,4
988292,1
988293,4
988294,4
988295,4
988296,4
988297,4
988298,5
988299,4
988300,4
988301,4
988302,4
988303,4
988304,4
988305,4
988306,4
988307,4
988308,1
988309,4
988310,4
988311,4
988312,4
988313,4
988314,5
988315,4
988316,4
988317,4
988318,4
988319,4
988320,4
988321,4
988322,4
988323,1
988324,4
988325,4
988326,1
988327,4
988328,4
988329,4
988330,4
988331,4
988332,4
988333,4
988334,4
988335,4
988336,4
988337,1
988338,4
988339,4
988340,1
988341,4
988342,4
988343,4
988344,4
988345,4
988346,4
988347,1
988348,4
988349,4
988350,5
988351,4
988352,4
988353,4
988354,4
988355,5
988356,4
988357,4
988358,1
988359,4
988360,1
988361,4
988362,4
988363,4
988364,4
988365,4
988366,4
988367,4
988368,4
988369,4
988370,4
988371,4
988372,1
988373,4
988374,4
988375,4
988376,4
988377,4
988378,4
988379,4
988380,4
988381,4
988382,4
988383,1
988384,1
988385,4
988386,4
988387,4
988388,4
988389,4
988390,1
988391,4
988392,4
988393,4
988394,4
988395,4
988396,4
988397,4
988398,4
988399,4
988400,4
988401,1
988402,4
988403,4
988404,4
988405,4
988406,1
988407,4
988408,1
988409,4
988410,5
988411,4
988412,4
988413,4
988414,4
988415,4
988416,1
988417,4
988418,4
988419,4
988420,4
988421,4
988422,4
988423,4
988424,4
988425,4
988426,5
988427,4
988428,4
988429,5
988430,4
988431,4
988432,1
988433,4
988434,4
988435,4
988436,4
988437,1
988438,4
988439,4
988440,4
988441,4
988442,4
988443,4
988444,4
988445,4
988446,4
988447,4
988448,5
988449,4
988450,4
988451,4
988452,4
988453,4
988454,4
988455,4
988456,4
988457,4
988458,5
988459,4
988460,4
988461,4
988462,4
988463,4
988464,4
988465,4
988466,4
988467,4
988468,5
988469,4
988470,4
988471,1
988472,4
988473,4
988474,4
988475,4
988476,1
988477,4
988478,4
988479,4
988480,4
988481,1
988482,5
988483,4
988484,4
988485,4
988486,4
988487,4
988488,4
988489,4
988490,4
988491,1
988492,4
988493,4
988494,4
988495,4
988496,4
988497,1
988498,1
988499,1
988500,4
988501,4
988502,4
988503,4
988504,4
988505,1
988506,4
988507,4
988508,4
988509,4
988510,4
988511,5
988512,4
988513,1
988514,4
988515,4
988516,4
988517,4
988518,4
988519,4
988520,4
988521,4
988522,4
988523,4
988524,1
988525,4
988526,4
988527,4
988528,4
988529,5
988530,4
988531,4
988532,5
988533,4
988534,5
988535,4
988536,4
988537,4
988538,5
988539,5
988540,4
988541,5
988542,1
988543,4
988544,4
988545,4
988546,1
988547,4
988548,5
988549,5
988550,4
988551,4
988552,4
