868553,4
868554,4
868555,1
868556,4
868557,4
868558,4
868559,4
868560,4
868561,4
868562,4
868563,4
868564,1
868565,4
868566,1
868567,4
868568,4
868569,4
868570,4
868571,4
868572,4
868573,5
868574,4
868575,3
868576,4
868577,4
868578,4
868579,4
868580,4
868581,4
868582,4
868583,5
868584,4
868585,4
868586,4
868587,4
868588,4
868589,4
868590,4
868591,4
868592,4
868593,1
868594,4
868595,4
868596,4
868597,4
868598,4
868599,5
868600,1
868601,5
868602,4
868603,4
868604,4
868605,4
868606,1
868607,4
868608,4
868609,4
868610,4
868611,4
868612,4
868613,4
868614,1
868615,4
868616,4
868617,5
868618,4
868619,4
868620,4
868621,1
868622,4
868623,4
868624,4
868625,5
868626,4
868627,4
868628,4
868629,4
868630,4
868631,4
868632,4
868633,4
868634,4
868635,4
868636,4
868637,4
868638,4
868639,4
868640,1
868641,4
868642,4
868643,4
868644,4
868645,1
868646,4
868647,1
868648,4
868649,5
868650,4
868651,4
868652,4
868653,4
868654,4
868655,4
868656,4
868657,4
868658,4
868659,4
868660,1
868661,4
868662,4
868663,4
868664,4
868665,5
868666,4
868667,4
868668,4
868669,5
868670,5
868671,4
868672,4
868673,4
868674,4
868675,4
868676,4
868677,4
868678,5
868679,4
868680,4
868681,4
868682,5
868683,4
868684,4
868685,4
868686,4
868687,4
868688,4
868689,4
868690,4
868691,4
868692,4
868693,1
868694,4
868695,4
868696,1
868697,4
868698,4
868699,4
868700,4
868701,4
868702,4
868703,4
868704,4
868705,4
868706,4
868707,4
868708,4
868709,4
868710,4
868711,4
868712,5
868713,4
868714,5
868715,4
868716,4
868717,4
868718,4
868719,4
868720,4
868721,5
868722,5
868723,4
868724,1
868725,4
868726,4
868727,4
868728,4
868729,5
868730,4
868731,4
868732,1
868733,4
868734,4
868735,3
868736,3
868737,4
868738,4
868739,4
868740,3
868741,4
868742,4
868743,4
868744,4
868745,3
868746,4
868747,4
868748,3
868749,4
868750,3
868751,1
868752,3
868753,3
868754,4
868755,4
868756,5
868757,4
868758,4
868759,5
868760,5
868761,5
868762,5
868763,4
868764,5
868765,4
868766,4
868767,5
868768,4
868769,4
868770,1
868771,4
868772,5
868773,4
868774,4
868775,4
868776,4
868777,4
868778,4
868779,4
868780,4
868781,4
868782,4
868783,4
868784,4
868785,4
868786,4
868787,4
868788,1
868789,5
868790,1
868791,4
868792,4
868793,1
868794,4
868795,4
868796,4
868797,1
868798,5
868799,4
868800,4
868801,4
868802,1
868803,4
868804,4
868805,4
868806,4
868807,4
868808,4
868809,4
868810,4
868811,4
868812,4
868813,4
868814,4
868815,4
868816,4
868817,4
868818,4
868819,4
868820,1
868821,4
868822,4
868823,4
868824,4
868825,4
868826,4
868827,4
868828,4
868829,5
868830,4
868831,1
868832,4
868833,4
868834,4
868835,4
868836,4
868837,4
868838,4
868839,4
868840,4
868841,4
868842,4
868843,4
868844,4
868845,4
868846,4
868847,4
868848,4
868849,4
868850,4
868851,4
868852,4
868853,4
868854,4
868855,4
868856,4
868857,1
868858,1
868859,1
868860,4
868861,4
868862,4
868863,4
868864,4
868865,1
868866,4
868867,1
868868,4
868869,5
868870,4
868871,4
868872,4
868873,4
868874,4
868875,4
868876,4
868877,4
868878,4
868879,4
868880,4
868881,4
868882,1
868883,4
868884,1
868885,4
868886,4
868887,4
868888,4
868889,4
868890,4
868891,4
868892,4
868893,4
868894,4
868895,4
868896,4
868897,5
868898,4
868899,4
868900,4
868901,4
868902,4
868903,4
868904,4
868905,4
868906,4
868907,4
868908,1
868909,4
868910,4
868911,4
868912,4
868913,4
868914,5
868915,1
868916,4
868917,4
868918,4
868919,1
868920,4
868921,5
868922,4
868923,4
868924,4
868925,4
868926,4
868927,4
868928,4
868929,1
868930,1
868931,4
868932,4
868933,4
868934,4
868935,4
868936,4
868937,4
868938,1
868939,4
868940,4
868941,4
868942,4
868943,4
868944,4
868945,4
868946,4
868947,4
868948,4
868949,4
868950,4
868951,4
868952,4
868953,4
868954,4
868955,4
868956,4
868957,4
868958,4
868959,4
868960,4
868961,4
868962,4
868963,4
868964,4
868965,5
868966,4
868967,4
868968,4
868969,4
868970,4
868971,5
868972,4
868973,4
868974,4
868975,4
868976,4
868977,4
868978,4
868979,4
868980,4
868981,1
868982,1
868983,4
868984,5
868985,4
868986,4
868987,4
868988,4
868989,1
868990,4
868991,4
868992,4
868993,4
868994,4
868995,1
868996,4
868997,4
868998,1
868999,4
869000,1
869001,4
869002,4
869003,4
869004,1
869005,4
869006,4
869007,4
869008,4
869009,4
869010,4
869011,4
869012,4
869013,4
869014,4
869015,4
869016,4
869017,4
869018,4
869019,4
869020,4
869021,4
869022,5
869023,4
869024,4
869025,1
869026,4
869027,4
869028,4
869029,1
869030,4
869031,1
869032,4
869033,1
869034,4
869035,4
869036,4
869037,4
869038,4
869039,4
869040,4
869041,4
869042,5
869043,1
869044,4
869045,4
869046,4
869047,4
869048,4
869049,4
869050,4
869051,4
869052,4
869053,4
869054,5
869055,4
869056,1
869057,4
869058,4
869059,4
869060,5
869061,4
869062,4
869063,1
869064,4
869065,1
869066,4
869067,4
869068,1
869069,5
869070,4
869071,4
869072,4
869073,4
869074,4
869075,4
869076,4
869077,1
869078,4
869079,4
869080,4
869081,4
869082,4
869083,1
869084,4
869085,4
869086,4
869087,4
869088,4
869089,4
869090,4
869091,4
869092,4
869093,4
869094,4
869095,4
869096,4
869097,4
869098,4
869099,4
869100,4
869101,4
869102,4
869103,4
869104,4
869105,4
869106,4
869107,1
869108,4
869109,4
869110,4
869111,4
869112,4
869113,4
869114,4
869115,4
869116,4
869117,4
869118,1
869119,5
869120,4
869121,4
869122,4
869123,4
869124,4
869125,4
869126,5
869127,4
869128,4
869129,4
869130,4
869131,4
869132,4
869133,4
869134,4
869135,4
869136,4
869137,4
869138,4
869139,4
869140,4
869141,4
869142,5
869143,5
869144,4
869145,4
869146,1
869147,4
869148,1
869149,4
869150,4
869151,4
869152,1
869153,4
869154,1
869155,4
869156,4
869157,4
869158,4
869159,4
869160,4
869161,4
869162,4
869163,4
869164,4
869165,4
869166,1
869167,4
869168,4
869169,4
869170,4
869171,1
869172,4
869173,4
869174,4
869175,4
869176,4
869177,4
869178,4
869179,4
869180,4
869181,4
869182,4
869183,4
869184,4
869185,4
869186,4
869187,4
869188,4
869189,4
869190,4
869191,4
869192,4
869193,4
869194,4
869195,4
869196,4
869197,5
869198,4
869199,4
869200,4
869201,4
869202,4
869203,4
869204,4
869205,4
869206,1
869207,4
869208,4
869209,4
869210,4
869211,4
869212,5
869213,4
869214,1
869215,1
869216,4
869217,4
869218,4
869219,4
869220,4
869221,5
869222,4
869223,4
869224,4
869225,5
869226,1
869227,1
869228,4
869229,4
869230,4
869231,4
869232,4
869233,4
869234,4
869235,4
869236,4
869237,4
869238,5
869239,4
869240,4
869241,4
869242,5
869243,4
869244,4
869245,4
869246,4
869247,4
869248,1
869249,1
869250,4
869251,4
869252,4
869253,4
869254,4
869255,4
869256,4
869257,4
869258,4
869259,4
869260,4
869261,4
869262,5
869263,4
869264,4
869265,1
869266,4
869267,4
869268,1
869269,4
869270,4
869271,4
869272,4
869273,1
869274,4
869275,4
869276,1
869277,4
869278,4
869279,5
869280,4
869281,4
869282,5
869283,4
869284,4
869285,4
869286,4
869287,4
869288,4
869289,4
869290,4
869291,4
869292,4
869293,4
869294,5
869295,4
869296,4
869297,4
869298,4
869299,4
869300,5
869301,5
869302,4
869303,4
869304,4
869305,4
869306,1
869307,1
869308,4
869309,4
869310,4
869311,4
869312,4
869313,4
869314,4
869315,4
869316,4
869317,4
869318,4
869319,4
869320,1
869321,4
869322,4
869323,1
869324,5
869325,4
869326,4
869327,4
869328,4
869329,4
869330,4
869331,4
869332,4
869333,5
869334,4
869335,5
869336,5
869337,4
869338,4
869339,4
869340,5
869341,4
869342,4
869343,4
869344,4
869345,4
869346,4
869347,1
869348,4
869349,4
869350,4
869351,5
869352,4
869353,4
869354,4
869355,4
869356,4
869357,4
869358,4
869359,4
869360,4
869361,4
869362,4
869363,1
869364,4
869365,4
869366,4
869367,4
869368,4
869369,4
869370,4
869371,4
869372,4
869373,4
869374,1
869375,4
869376,5
869377,4
869378,4
869379,4
869380,4
869381,5
869382,4
869383,1
869384,5
869385,4
869386,4
869387,4
869388,4
869389,4
869390,5
869391,4
869392,4
869393,1
869394,4
869395,5
869396,4
869397,4
869398,5
869399,4
869400,4
869401,4
869402,4
869403,4
869404,4
869405,1
869406,4
869407,4
869408,4
869409,4
869410,4
869411,4
869412,4
869413,4
869414,4
869415,5
869416,4
869417,4
869418,1
869419,4
869420,4
869421,1
869422,4
869423,4
869424,4
869425,4
869426,4
869427,1
869428,4
869429,4
869430,4
869431,4
869432,4
869433,4
869434,4
869435,4
869436,1
869437,4
869438,4
869439,1
869440,4
869441,4
869442,4
869443,4
869444,4
869445,4
869446,4
869447,4
869448,4
869449,4
869450,1
869451,4
869452,4
869453,4
869454,4
869455,4
869456,4
869457,1
869458,4
869459,1
869460,4
869461,1
869462,4
869463,4
869464,4
869465,4
869466,4
869467,4
869468,4
869469,4
869470,4
869471,5
869472,4
869473,4
869474,4
869475,1
869476,4
869477,4
869478,4
869479,4
869480,4
869481,4
869482,4
869483,4
869484,4
869485,4
869486,4
869487,1
869488,4
869489,1
869490,4
869491,4
869492,4
869493,1
869494,1
869495,4
869496,4
869497,4
869498,4
869499,4
869500,4
869501,4
869502,4
869503,1
869504,4
869505,1
869506,4
869507,4
869508,4
869509,4
869510,4
869511,1
869512,4
869513,4
869514,4
869515,4
869516,3
869517,1
869518,4
869519,1
869520,1
869521,4
869522,4
869523,4
869524,4
869525,4
869526,4
869527,4
869528,4
869529,4
869530,4
869531,4
869532,4
869533,1
869534,4
869535,4
869536,4
869537,4
869538,4
869539,4
869540,5
869541,4
869542,4
869543,4
869544,5
869545,4
869546,4
869547,4
869548,4
869549,5
869550,5
869551,5
869552,4
869553,4
869554,5
869555,5
869556,4
869557,4
869558,5
869559,5
869560,4
869561,4
869562,1
869563,4
869564,1
869565,4
869566,4
869567,4
869568,5
869569,4
869570,4
869571,5
869572,5
869573,5
869574,4
869575,4
869576,4
869577,5
869578,4
869579,5
869580,4
869581,5
869582,4
869583,1
869584,5
869585,4
869586,5
869587,4
869588,4
869589,4
869590,4
869591,4
869592,4
869593,4
869594,1
869595,4
869596,4
869597,4
869598,4
869599,4
869600,4
869601,4
869602,5
869603,4
869604,5
869605,4
869606,4
869607,4
869608,4
869609,4
869610,4
869611,5
869612,4
869613,4
869614,5
869615,5
869616,4
869617,4
869618,4
869619,4
869620,4
869621,4
869622,4
869623,5
869624,5
869625,5
869626,4
869627,5
869628,4
869629,4
869630,4
869631,4
869632,1
869633,1
869634,4
869635,4
869636,1
869637,4
869638,1
869639,4
869640,4
869641,1
869642,4
869643,4
869644,4
869645,4
869646,4
869647,4
869648,4
869649,4
869650,4
869651,4
869652,1
869653,4
869654,4
869655,4
869656,1
869657,5
869658,4
869659,1
869660,4
869661,4
869662,4
869663,4
869664,4
869665,4
869666,5
869667,5
869668,4
869669,4
869670,4
869671,4
869672,1
869673,4
869674,4
869675,1
869676,4
869677,4
869678,4
869679,4
869680,5
869681,4
869682,4
869683,4
869684,1
869685,4
869686,5
869687,4
869688,4
869689,4
869690,5
869691,4
869692,4
869693,4
869694,4
869695,5
869696,4
869697,4
869698,4
869699,4
869700,4
869701,5
869702,4
869703,1
869704,4
869705,5
869706,3
869707,4
869708,4
869709,4
869710,1
869711,4
869712,4
869713,4
869714,4
869715,1
869716,4
869717,3
869718,4
869719,5
869720,4
869721,4
869722,1
869723,4
869724,4
869725,4
869726,4
869727,4
869728,4
869729,4
869730,4
869731,3
869732,4
869733,4
869734,4
869735,4
869736,4
869737,4
869738,4
869739,1
869740,4
869741,5
869742,1
869743,4
869744,4
869745,5
869746,4
869747,5
869748,4
869749,4
869750,4
869751,4
869752,4
869753,5
869754,1
869755,4
869756,1
869757,4
869758,4
869759,1
869760,4
869761,4
869762,4
869763,1
869764,4
869765,4
869766,4
869767,4
869768,4
869769,1
869770,4
869771,4
869772,4
869773,4
869774,4
869775,4
869776,4
869777,1
869778,4
869779,4
869780,4
869781,4
869782,5
869783,4
869784,4
869785,4
869786,4
869787,4
869788,5
869789,1
869790,4
869791,1
869792,4
869793,1
869794,4
869795,4
869796,4
869797,4
869798,4
869799,4
869800,4
869801,4
869802,4
869803,4
869804,4
869805,5
869806,4
869807,4
869808,4
869809,4
869810,1
869811,4
869812,4
869813,4
869814,4
869815,4
869816,4
869817,1
869818,4
869819,4
869820,4
869821,4
869822,4
869823,4
869824,4
869825,4
869826,4
869827,4
869828,4
869829,5
869830,4
869831,4
869832,1
869833,4
869834,4
869835,4
869836,4
869837,4
869838,1
869839,1
869840,4
869841,4
869842,4
869843,4
869844,4
869845,4
869846,4
869847,4
869848,4
869849,4
869850,4
869851,4
869852,4
869853,4
869854,4
869855,4
869856,4
869857,4
869858,4
869859,4
869860,1
869861,4
869862,3
869863,4
869864,4
869865,4
869866,4
869867,4
869868,4
869869,3
869870,4
869871,4
869872,4
869873,4
869874,4
869875,4
869876,4
869877,4
869878,4
869879,4
869880,4
869881,4
869882,4
869883,1
869884,4
869885,4
869886,1
869887,4
869888,4
869889,4
869890,4
869891,1
869892,4
869893,4
869894,1
869895,4
869896,4
869897,4
869898,4
869899,4
869900,4
869901,4
869902,4
869903,1
869904,1
869905,4
869906,4
869907,1
869908,4
869909,4
869910,4
869911,4
869912,4
869913,4
869914,4
869915,4
869916,4
869917,4
869918,4
869919,1
869920,4
869921,4
869922,4
869923,4
869924,4
869925,4
869926,4
869927,4
869928,4
869929,4
869930,4
869931,4
869932,4
869933,4
869934,4
869935,4
869936,4
869937,4
869938,4
869939,4
869940,4
869941,1
869942,4
869943,4
869944,4
869945,1
869946,4
869947,4
869948,5
869949,4
869950,4
869951,4
869952,4
869953,1
869954,4
869955,4
869956,4
869957,5
869958,4
869959,4
869960,4
869961,4
869962,4
869963,4
869964,4
869965,4
869966,4
869967,4
869968,4
869969,1
869970,4
869971,1
869972,4
869973,4
869974,4
869975,4
869976,4
869977,4
869978,1
869979,4
869980,4
869981,4
869982,4
869983,4
869984,4
869985,4
869986,4
869987,4
869988,1
869989,4
869990,4
869991,4
869992,4
869993,4
869994,4
869995,4
869996,1
869997,1
869998,4
869999,4
870000,4
870001,4
870002,4
870003,4
870004,4
870005,4
870006,4
870007,4
870008,4
870009,4
870010,4
870011,4
870012,1
870013,4
870014,4
870015,4
870016,4
870017,4
870018,1
870019,4
870020,4
870021,4
870022,4
870023,4
870024,4
870025,4
870026,4
870027,1
870028,4
870029,4
870030,4
870031,4
870032,4
870033,4
870034,4
870035,4
870036,4
870037,5
870038,4
870039,4
870040,4
870041,4
870042,4
870043,4
870044,4
870045,4
870046,1
870047,1
870048,4
870049,4
870050,4
870051,4
870052,4
870053,4
870054,1
870055,4
870056,1
870057,4
870058,4
870059,4
870060,4
870061,4
870062,5
870063,4
870064,4
870065,4
870066,4
870067,1
870068,4
870069,4
870070,4
870071,4
870072,4
870073,4
870074,4
870075,4
870076,4
870077,4
870078,4
870079,4
870080,1
870081,4
870082,4
870083,4
870084,4
870085,1
870086,4
870087,4
870088,4
870089,4
870090,4
870091,4
870092,4
870093,1
870094,5
870095,4
870096,1
870097,4
870098,4
870099,1
870100,5
870101,4
870102,4
870103,4
870104,4
870105,4
870106,4
870107,4
870108,4
870109,4
870110,1
870111,4
870112,4
870113,4
870114,4
870115,4
870116,4
870117,4
870118,4
870119,4
870120,4
870121,4
870122,1
870123,4
870124,5
870125,4
870126,5
870127,5
870128,1
870129,4
870130,4
870131,1
870132,4
870133,4
870134,5
870135,5
870136,4
870137,4
870138,4
870139,4
870140,4
870141,5
870142,4
870143,5
870144,4
870145,4
870146,4
870147,1
870148,1
870149,4
870150,1
870151,4
870152,4
870153,4
870154,4
870155,4
870156,4
870157,4
870158,4
870159,4
870160,4
870161,4
870162,4
870163,4
870164,4
870165,4
870166,4
870167,4
870168,4
870169,4
870170,4
870171,5
870172,4
870173,5
870174,1
870175,5
870176,4
870177,4
870178,4
870179,4
870180,4
870181,4
870182,4
870183,4
870184,1
870185,4
870186,4
870187,4
870188,4
870189,4
870190,1
870191,4
870192,4
870193,4
870194,4
870195,1
870196,4
870197,4
870198,4
870199,4
870200,1
870201,4
870202,4
870203,4
870204,5
870205,1
870206,3
870207,5
870208,3
870209,4
870210,1
870211,4
870212,4
870213,4
870214,4
870215,4
870216,1
870217,4
870218,1
870219,4
870220,4
870221,5
870222,5
870223,5
870224,1
870225,4
870226,4
870227,4
870228,4
870229,4
870230,4
870231,4
870232,4
870233,4
870234,4
870235,4
870236,4
870237,4
870238,4
870239,4
870240,4
870241,4
870242,5
870243,4
870244,4
870245,4
870246,4
870247,5
870248,4
870249,4
870250,4
870251,4
870252,4
870253,4
870254,4
870255,4
870256,4
870257,4
870258,4
870259,5
870260,4
870261,4
870262,4
870263,4
870264,4
870265,4
870266,4
870267,4
870268,4
870269,4
870270,5
870271,4
870272,4
870273,5
870274,1
870275,4
870276,4
870277,4
870278,4
870279,4
870280,4
870281,4
870282,4
870283,4
870284,4
870285,4
870286,1
870287,4
870288,4
870289,4
870290,4
870291,4
870292,4
870293,4
870294,1
870295,4
870296,1
870297,4
870298,4
870299,4
870300,4
870301,1
870302,4
870303,4
870304,4
870305,1
870306,1
870307,4
870308,4
870309,4
870310,4
870311,4
870312,4
870313,1
870314,4
870315,4
870316,3
870317,4
870318,4
870319,4
870320,4
870321,1
870322,4
870323,4
870324,1
870325,4
870326,4
870327,4
870328,5
870329,4
870330,4
870331,1
870332,5
870333,4
870334,5
870335,4
870336,4
870337,1
870338,5
870339,4
870340,5
870341,5
870342,4
870343,4
870344,4
870345,4
870346,5
870347,4
870348,4
870349,1
870350,4
870351,4
870352,4
870353,5
870354,4
870355,4
870356,4
870357,4
870358,4
870359,4
870360,4
870361,4
870362,5
870363,5
870364,1
870365,1
870366,5
870367,4
870368,5
870369,4
870370,4
870371,4
870372,5
870373,4
870374,1
870375,5
870376,1
870377,4
870378,5
870379,1
870380,4
870381,4
870382,5
870383,5
870384,4
870385,4
870386,4
870387,4
870388,4
870389,4
870390,4
870391,4
870392,4
870393,4
870394,4
870395,4
870396,4
870397,4
870398,4
870399,1
870400,4
870401,4
870402,1
870403,4
870404,1
870405,4
870406,4
870407,4
870408,4
870409,4
870410,4
870411,4
870412,4
870413,4
870414,4
870415,4
870416,4
870417,4
870418,5
870419,4
870420,5
870421,4
870422,5
870423,4
870424,4
870425,4
870426,5
870427,5
870428,4
870429,4
870430,4
870431,4
870432,4
870433,4
870434,4
870435,5
870436,5
870437,4
870438,4
870439,5
870440,4
870441,4
870442,4
870443,5
870444,1
870445,4
870446,4
870447,4
870448,4
870449,4
870450,4
870451,5
870452,4
870453,4
870454,4
870455,5
870456,4
870457,4
870458,4
870459,4
870460,4
870461,5
870462,4
870463,4
870464,1
870465,5
870466,4
870467,4
870468,4
870469,4
870470,4
870471,4
870472,4
870473,5
870474,5
870475,4
870476,4
870477,4
870478,4
870479,4
870480,4
870481,4
870482,1
870483,4
870484,4
870485,4
870486,4
870487,5
870488,4
870489,5
870490,4
870491,4
870492,4
870493,4
870494,4
870495,1
870496,5
870497,1
870498,1
870499,4
870500,4
870501,5
870502,4
870503,4
870504,1
870505,1
870506,4
870507,4
870508,5
870509,4
870510,5
870511,4
870512,4
870513,4
870514,4
870515,4
870516,4
870517,4
870518,4
870519,4
870520,4
870521,5
870522,4
870523,4
870524,4
870525,1
870526,4
870527,4
870528,4
870529,4
870530,4
870531,4
870532,4
870533,1
870534,5
870535,4
870536,4
870537,4
870538,1
870539,4
870540,4
870541,4
870542,4
870543,4
870544,4
870545,4
870546,4
870547,5
870548,4
870549,5
870550,4
870551,4
870552,4
870553,4
870554,4
870555,4
870556,4
870557,4
870558,5
870559,4
870560,4
870561,4
870562,4
870563,4
870564,4
870565,4
870566,4
870567,5
870568,4
870569,4
870570,4
870571,4
870572,4
870573,4
870574,4
870575,4
870576,4
870577,4
870578,4
870579,5
870580,4
870581,4
870582,4
870583,1
870584,4
870585,4
870586,4
870587,4
870588,4
870589,4
870590,4
870591,4
870592,4
870593,4
870594,4
870595,4
870596,1
870597,4
870598,1
870599,4
870600,5
870601,4
870602,1
870603,4
870604,4
870605,4
870606,4
870607,4
870608,4
870609,4
870610,1
870611,4
870612,4
870613,3
870614,4
870615,4
870616,4
870617,1
870618,4
870619,4
870620,4
870621,4
870622,4
870623,1
870624,4
870625,4
870626,1
870627,4
870628,4
870629,4
870630,4
870631,4
870632,4
870633,4
870634,4
870635,5
870636,4
870637,4
870638,4
870639,4
870640,4
870641,4
870642,4
870643,3
870644,4
870645,4
870646,4
870647,4
870648,4
870649,4
870650,4
870651,4
870652,4
870653,4
870654,4
870655,4
870656,4
870657,4
870658,4
870659,1
870660,4
870661,4
870662,4
870663,1
870664,4
870665,4
870666,4
870667,4
870668,4
870669,4
870670,4
870671,4
870672,4
870673,4
870674,4
870675,4
870676,4
870677,4
870678,4
870679,4
870680,4
870681,4
870682,5
870683,4
870684,1
870685,4
870686,4
870687,4
870688,1
870689,4
870690,4
870691,4
870692,4
870693,1
870694,1
870695,4
870696,4
870697,4
870698,4
870699,4
870700,4
870701,4
870702,5
870703,4
870704,5
870705,4
870706,4
870707,4
870708,1
870709,4
870710,4
870711,4
870712,4
870713,1
870714,4
870715,4
870716,4
870717,4
870718,4
870719,5
870720,4
870721,1
870722,1
870723,4
870724,4
870725,4
870726,4
870727,4
870728,1
870729,4
870730,4
870731,1
870732,4
870733,4
870734,4
870735,1
870736,4
870737,4
870738,4
870739,4
870740,4
870741,4
870742,4
870743,4
870744,4
870745,4
870746,4
870747,5
870748,4
870749,1
870750,4
870751,4
870752,4
870753,4
870754,4
870755,4
870756,4
870757,4
870758,4
870759,5
870760,4
870761,4
870762,4
870763,4
870764,4
870765,4
870766,1
870767,4
870768,4
870769,4
870770,4
870771,4
870772,4
870773,4
870774,4
870775,4
870776,4
870777,1
870778,4
870779,4
870780,4
870781,4
870782,1
870783,4
870784,4
870785,5
870786,4
870787,4
870788,4
870789,4
870790,4
870791,4
870792,4
870793,4
870794,1
870795,4
870796,4
870797,4
870798,4
870799,4
870800,1
870801,4
870802,4
870803,4
870804,1
870805,5
870806,5
870807,5
870808,4
870809,5
870810,4
870811,1
870812,4
870813,1
870814,5
870815,5
870816,4
870817,4
870818,4
870819,4
870820,4
870821,5
870822,4
870823,4
870824,4
870825,4
870826,5
870827,5
870828,4
870829,4
870830,4
870831,5
870832,4
870833,4
870834,5
870835,4
870836,4
870837,4
870838,4
870839,4
870840,5
870841,4
870842,5
870843,4
870844,4
870845,4
870846,4
870847,4
870848,4
870849,4
870850,4
870851,4
870852,1
870853,4
870854,4
870855,4
870856,4
870857,4
870858,4
870859,4
870860,4
870861,4
870862,4
870863,4
870864,1
870865,4
870866,4
870867,4
870868,4
870869,4
870870,1
870871,4
870872,4
870873,5
870874,4
870875,4
870876,4
870877,4
870878,4
870879,4
870880,4
870881,1
870882,4
870883,4
870884,4
870885,5
870886,4
870887,4
870888,4
870889,4
870890,4
870891,4
870892,4
870893,1
870894,4
870895,4
870896,4
870897,4
870898,1
870899,4
870900,4
870901,4
870902,4
870903,4
870904,4
870905,4
870906,4
870907,4
870908,4
870909,4
870910,1
870911,4
870912,4
870913,4
870914,4
870915,5
870916,4
870917,4
870918,5
870919,4
870920,5
870921,4
870922,5
870923,4
870924,4
870925,4
870926,4
870927,4
870928,1
870929,4
870930,5
870931,5
870932,5
870933,4
870934,4
870935,4
870936,4
870937,5
870938,4
870939,5
870940,4
870941,4
870942,5
870943,5
870944,4
870945,5
870946,4
870947,1
870948,4
870949,5
870950,4
870951,5
870952,5
870953,4
870954,4
870955,1
870956,4
870957,4
870958,4
870959,4
870960,4
870961,4
870962,4
870963,4
870964,4
870965,5
870966,5
870967,4
870968,4
870969,4
870970,1
870971,4
870972,5
870973,5
870974,4
870975,4
870976,1
870977,4
870978,4
870979,1
870980,4
870981,4
870982,4
870983,4
870984,1
870985,4
870986,5
870987,4
870988,5
870989,5
870990,4
870991,4
870992,4
870993,4
870994,4
870995,5
870996,4
870997,4
870998,4
870999,4
871000,4
871001,4
871002,5
871003,4
871004,4
871005,4
871006,4
871007,4
871008,1
871009,5
871010,4
871011,4
871012,4
871013,4
871014,4
871015,4
871016,4
871017,1
871018,5
871019,4
871020,4
871021,4
871022,1
871023,4
871024,1
871025,5
871026,4
871027,5
871028,4
871029,1
871030,4
871031,4
871032,4
871033,1
871034,1
871035,4
871036,4
871037,4
871038,4
871039,4
871040,4
871041,4
871042,4
871043,5
871044,4
871045,4
871046,1
871047,4
871048,5
871049,1
871050,4
871051,4
871052,4
871053,4
871054,4
871055,5
871056,5
871057,4
871058,4
871059,4
871060,4
871061,4
871062,4
871063,4
871064,4
871065,4
871066,4
871067,1
871068,4
871069,4
871070,4
871071,4
871072,4
871073,4
871074,4
871075,4
871076,4
871077,4
871078,4
871079,4
871080,4
871081,4
871082,4
871083,4
871084,5
871085,4
871086,4
871087,4
871088,1
871089,4
871090,4
871091,4
871092,4
871093,1
871094,4
871095,4
871096,4
871097,1
871098,1
871099,4
871100,4
871101,4
871102,1
871103,1
871104,4
871105,1
871106,4
871107,4
871108,5
871109,1
871110,5
871111,4
871112,4
871113,5
871114,4
871115,4
871116,4
871117,1
871118,4
871119,4
871120,4
871121,4
871122,4
871123,4
871124,4
871125,1
871126,4
871127,4
871128,4
871129,4
871130,4
871131,4
871132,4
871133,4
871134,4
871135,4
871136,4
871137,4
871138,4
871139,4
871140,4
871141,4
871142,4
871143,4
871144,5
871145,1
871146,4
871147,4
871148,4
871149,4
871150,5
871151,4
871152,4
871153,4
871154,4
871155,1
871156,5
871157,4
871158,4
871159,4
871160,4
871161,4
871162,1
871163,1
871164,4
871165,4
871166,5
871167,4
871168,5
871169,5
871170,4
871171,4
871172,5
871173,4
871174,5
871175,5
871176,1
871177,4
871178,4
871179,5
871180,4
871181,4
871182,5
871183,4
871184,1
871185,4
871186,4
871187,1
871188,4
871189,4
871190,4
871191,4
871192,4
871193,4
871194,4
871195,5
871196,5
871197,1
871198,4
871199,1
871200,5
871201,5
871202,1
871203,4
871204,4
871205,4
871206,1
871207,4
871208,4
871209,1
871210,5
871211,5
871212,5
871213,4
871214,4
871215,4
871216,4
871217,5
871218,4
871219,4
871220,4
871221,4
871222,1
871223,4
871224,4
871225,4
871226,4
871227,4
871228,4
871229,4
871230,4
871231,4
871232,5
871233,4
871234,1
871235,4
871236,1
871237,5
871238,4
871239,4
871240,5
871241,1
871242,4
871243,1
871244,5
871245,4
871246,4
871247,4
871248,4
871249,4
871250,4
871251,4
871252,4
871253,1
871254,4
871255,4
871256,4
871257,4
871258,4
871259,4
871260,5
871261,4
871262,4
871263,4
871264,4
871265,4
871266,5
871267,1
871268,4
871269,4
871270,4
871271,1
871272,4
871273,4
871274,3
871275,4
871276,4
871277,4
871278,4
871279,4
871280,4
871281,4
871282,5
871283,4
871284,4
871285,4
871286,4
871287,4
871288,4
871289,4
871290,4
871291,1
871292,1
871293,4
871294,4
871295,4
871296,4
871297,4
871298,5
871299,5
871300,4
871301,4
871302,4
871303,4
871304,4
871305,4
871306,1
871307,4
871308,4
871309,5
871310,4
871311,4
871312,4
871313,4
871314,4
871315,4
871316,4
871317,5
871318,4
871319,4
871320,4
871321,1
871322,1
871323,4
871324,5
871325,5
871326,4
871327,4
871328,4
871329,4
871330,4
871331,1
871332,1
871333,1
871334,4
871335,4
871336,1
871337,4
871338,4
871339,1
871340,4
871341,4
871342,4
871343,4
871344,4
871345,5
871346,4
871347,4
871348,4
871349,5
871350,4
871351,4
871352,4
871353,4
871354,5
871355,4
871356,4
871357,4
871358,5
871359,4
871360,4
871361,4
871362,4
871363,4
871364,4
871365,4
871366,4
871367,4
871368,1
871369,4
871370,4
871371,5
871372,4
871373,5
871374,4
871375,1
871376,4
871377,5
871378,5
871379,5
871380,4
871381,4
871382,4
871383,4
871384,4
871385,4
871386,3
871387,5
871388,4
871389,4
871390,4
871391,4
871392,1
871393,4
871394,4
871395,4
871396,1
871397,4
871398,4
871399,4
871400,5
871401,4
871402,4
871403,4
871404,4
871405,5
871406,1
871407,4
871408,4
871409,5
871410,4
871411,4
871412,4
871413,4
871414,4
871415,5
871416,4
871417,4
871418,4
871419,4
871420,4
871421,4
871422,4
871423,4
871424,4
871425,1
871426,4
871427,4
871428,4
871429,4
871430,4
871431,4
871432,4
871433,4
871434,4
871435,4
871436,4
871437,1
871438,4
871439,4
871440,4
871441,4
871442,4
871443,1
871444,3
871445,4
871446,4
871447,4
871448,4
871449,4
871450,4
871451,1
871452,4
871453,1
871454,4
871455,4
871456,4
871457,4
871458,4
871459,4
871460,4
871461,4
871462,4
871463,5
871464,4
871465,1
871466,4
871467,1
871468,4
871469,1
871470,4
871471,4
871472,5
871473,4
871474,4
871475,4
871476,4
871477,4
871478,4
871479,4
871480,4
871481,4
871482,4
871483,4
871484,1
871485,4
871486,4
871487,4
871488,4
871489,4
871490,4
871491,4
871492,4
871493,4
871494,1
871495,4
871496,4
871497,4
871498,4
871499,4
871500,4
871501,4
871502,4
871503,1
871504,5
871505,1
871506,4
871507,1
871508,4
871509,4
871510,5
871511,4
871512,4
871513,4
871514,4
871515,4
871516,1
871517,4
871518,4
871519,1
871520,4
871521,1
871522,4
871523,4
871524,4
871525,4
871526,4
871527,5
871528,4
871529,4
871530,4
871531,4
871532,4
871533,4
871534,5
871535,4
871536,4
871537,4
871538,4
871539,4
871540,4
871541,4
871542,4
871543,4
871544,4
871545,4
871546,1
871547,4
871548,4
871549,4
871550,5
871551,4
871552,4
871553,1
871554,4
871555,1
871556,4
871557,4
871558,4
871559,4
871560,4
871561,4
871562,1
871563,4
871564,4
871565,4
871566,4
871567,4
871568,4
871569,4
871570,4
871571,4
871572,4
871573,4
871574,4
871575,4
871576,4
871577,4
871578,4
871579,4
871580,4
871581,4
871582,4
871583,4
871584,4
871585,1
871586,4
871587,1
871588,1
871589,4
871590,4
871591,4
871592,5
871593,4
871594,4
871595,1
871596,4
871597,4
871598,4
871599,4
871600,4
871601,4
871602,4
871603,4
871604,4
871605,4
871606,5
871607,1
871608,4
871609,4
871610,1
871611,4
871612,4
871613,4
871614,4
871615,4
871616,4
871617,4
871618,4
871619,4
871620,4
871621,4
871622,4
871623,4
871624,4
871625,4
871626,4
871627,4
871628,4
871629,4
871630,1
871631,1
871632,4
871633,4
871634,4
871635,4
871636,4
871637,4
871638,4
871639,4
871640,4
871641,4
871642,4
871643,4
871644,4
871645,4
871646,1
871647,4
871648,4
871649,4
871650,4
871651,4
871652,4
871653,4
871654,4
871655,4
871656,4
871657,4
871658,4
871659,4
871660,4
871661,5
871662,5
871663,4
871664,4
871665,4
871666,4
871667,4
871668,4
871669,4
871670,4
871671,4
871672,4
871673,4
871674,4
871675,1
871676,4
871677,4
871678,4
871679,4
871680,4
871681,1
871682,4
871683,1
871684,1
871685,4
871686,4
871687,4
871688,4
871689,4
871690,4
871691,4
871692,4
871693,4
871694,4
871695,4
871696,4
871697,4
871698,4
871699,4
871700,4
871701,4
871702,4
871703,4
871704,4
871705,4
871706,4
871707,4
871708,4
871709,4
871710,4
871711,1
871712,4
871713,4
871714,4
871715,4
871716,4
871717,4
871718,4
871719,4
871720,4
871721,4
871722,4
871723,4
871724,4
871725,4
871726,4
871727,4
871728,4
871729,4
871730,1
871731,5
871732,5
871733,4
871734,5
871735,4
871736,4
871737,4
871738,4
871739,4
871740,4
871741,4
871742,4
871743,4
871744,4
871745,4
871746,4
871747,5
871748,4
871749,5
871750,5
871751,4
871752,5
871753,4
871754,1
871755,5
871756,4
871757,4
871758,4
871759,4
871760,4
871761,4
871762,4
871763,4
871764,4
871765,5
871766,1
871767,4
871768,1
871769,4
871770,5
871771,3
871772,4
871773,4
871774,4
871775,4
871776,4
871777,4
871778,4
871779,4
871780,4
871781,4
871782,4
871783,1
871784,4
871785,4
871786,4
871787,1
871788,4
871789,4
871790,4
871791,4
871792,4
871793,4
871794,4
871795,1
871796,5
871797,4
871798,4
871799,4
871800,4
871801,1
871802,3
871803,4
871804,4
871805,4
871806,3
871807,5
871808,4
871809,4
871810,1
871811,4
871812,4
871813,4
871814,4
871815,1
871816,1
871817,4
871818,1
871819,4
871820,4
871821,4
871822,4
871823,4
871824,4
871825,1
871826,4
871827,4
871828,5
871829,1
871830,4
871831,4
871832,4
871833,4
871834,4
871835,1
871836,4
871837,4
871838,4
871839,4
871840,4
871841,4
871842,4
871843,4
871844,4
871845,4
871846,4
871847,4
871848,1
871849,4
871850,4
871851,4
871852,4
871853,5
871854,1
871855,4
871856,4
871857,4
871858,4
871859,4
871860,5
871861,4
871862,4
871863,4
871864,4
871865,4
871866,4
871867,4
871868,4
871869,4
871870,5
871871,4
871872,4
871873,4
871874,4
871875,4
871876,4
871877,4
871878,5
871879,4
871880,4
871881,4
871882,1
871883,4
871884,4
871885,4
871886,1
871887,4
871888,1
871889,4
871890,4
871891,4
871892,4
871893,4
871894,4
871895,4
871896,4
871897,4
871898,4
871899,4
871900,4
871901,4
871902,4
871903,4
871904,4
871905,4
871906,4
871907,4
871908,4
871909,1
871910,4
871911,4
871912,4
871913,4
871914,4
871915,4
871916,4
871917,1
871918,4
871919,4
871920,4
871921,4
871922,1
871923,4
871924,4
871925,4
871926,4
871927,4
871928,4
871929,4
871930,1
871931,4
871932,1
871933,3
871934,4
871935,1
871936,4
871937,4
871938,4
871939,4
871940,4
871941,4
871942,4
871943,4
871944,4
871945,5
871946,1
871947,4
871948,5
871949,4
871950,1
871951,4
871952,4
871953,4
871954,4
871955,4
871956,4
871957,4
871958,4
871959,4
871960,4
871961,4
871962,4
871963,1
871964,4
871965,4
871966,4
871967,4
871968,4
871969,4
871970,4
871971,1
871972,4
871973,4
871974,4
871975,4
871976,4
871977,4
871978,4
871979,1
871980,4
871981,4
871982,4
871983,4
871984,4
871985,4
871986,4
871987,4
871988,4
871989,4
871990,4
871991,4
871992,4
871993,4
871994,4
871995,4
871996,4
871997,4
871998,4
871999,4
872000,4
872001,4
872002,4
872003,4
872004,1
872005,4
872006,4
872007,4
872008,4
872009,4
872010,4
872011,4
872012,4
872013,4
872014,4
872015,4
872016,5
872017,4
872018,1
872019,4
872020,4
872021,4
872022,4
872023,5
872024,4
872025,4
872026,4
872027,3
872028,4
872029,1
872030,4
872031,4
872032,4
872033,1
872034,1
872035,4
872036,4
872037,4
872038,4
872039,4
872040,4
872041,4
872042,4
872043,4
872044,4
872045,1
872046,3
872047,4
872048,5
872049,4
872050,4
872051,4
872052,1
872053,4
872054,4
872055,4
872056,4
872057,4
872058,4
872059,4
872060,4
872061,1
872062,4
872063,4
872064,4
872065,4
872066,4
872067,4
872068,4
872069,1
872070,4
872071,4
872072,4
872073,4
872074,4
872075,4
872076,4
872077,4
872078,1
872079,4
872080,4
872081,4
872082,4
872083,4
872084,1
872085,4
872086,4
872087,4
872088,4
872089,4
872090,4
872091,4
872092,4
872093,4
872094,4
872095,4
872096,4
872097,1
872098,1
872099,1
872100,1
872101,4
872102,4
872103,4
872104,4
872105,4
872106,4
872107,4
872108,3
872109,4
872110,4
872111,1
872112,3
872113,4
872114,4
872115,3
872116,4
872117,4
872118,4
872119,4
872120,5
872121,4
872122,4
872123,4
872124,4
872125,4
872126,4
872127,4
872128,4
872129,4
872130,4
872131,4
872132,4
872133,4
872134,4
872135,4
872136,4
872137,3
872138,4
872139,4
872140,4
872141,4
872142,4
872143,1
872144,4
872145,3
872146,4
872147,4
872148,4
872149,4
872150,4
872151,4
872152,4
872153,1
872154,4
872155,1
872156,3
872157,4
872158,4
872159,4
872160,4
872161,4
872162,4
872163,4
872164,4
872165,4
872166,4
872167,4
872168,1
872169,4
872170,4
872171,5
872172,4
872173,3
872174,4
872175,1
872176,4
872177,1
872178,4
872179,4
872180,4
872181,4
872182,4
872183,4
872184,4
872185,4
872186,4
872187,4
872188,4
872189,4
872190,4
872191,4
872192,4
872193,4
872194,4
872195,3
872196,4
872197,4
872198,4
872199,4
872200,4
872201,4
872202,4
872203,4
872204,4
872205,4
872206,4
872207,3
872208,4
872209,4
872210,4
872211,4
872212,4
872213,4
872214,4
872215,4
872216,3
872217,4
872218,4
872219,4
872220,4
872221,4
872222,4
872223,4
872224,1
872225,4
872226,4
872227,4
872228,4
872229,4
872230,4
872231,4
872232,5
872233,4
872234,4
872235,4
872236,5
872237,4
872238,4
872239,4
872240,1
872241,4
872242,4
872243,4
872244,4
872245,1
872246,4
872247,4
872248,4
872249,1
872250,5
872251,4
872252,5
872253,4
872254,4
872255,5
872256,4
872257,5
872258,4
872259,4
872260,4
872261,5
872262,4
872263,4
872264,4
872265,5
872266,4
872267,4
872268,4
872269,5
872270,4
872271,4
872272,5
872273,4
872274,4
872275,4
872276,4
872277,4
872278,4
872279,4
872280,4
872281,1
872282,4
872283,1
872284,4
872285,4
872286,4
872287,5
872288,4
872289,4
872290,5
872291,5
872292,5
872293,4
872294,4
872295,5
872296,4
872297,5
872298,5
872299,4
872300,4
872301,4
872302,5
872303,4
872304,5
872305,1
872306,5
872307,4
872308,4
872309,4
872310,4
872311,4
872312,4
872313,5
872314,4
872315,5
872316,5
872317,4
872318,5
872319,4
872320,5
872321,4
872322,4
872323,4
872324,5
872325,4
872326,1
872327,4
872328,4
872329,4
872330,4
872331,4
872332,4
872333,4
872334,4
872335,4
872336,4
872337,4
872338,4
872339,4
872340,4
872341,4
872342,4
872343,4
872344,4
872345,4
872346,4
872347,4
872348,4
872349,5
872350,1
872351,4
872352,4
872353,4
872354,5
872355,4
872356,5
872357,4
872358,4
872359,5
872360,4
872361,5
872362,4
872363,4
872364,4
872365,5
872366,4
872367,4
872368,4
872369,4
872370,4
872371,4
872372,4
872373,4
872374,4
872375,4
872376,1
872377,4
872378,1
872379,4
872380,4
872381,4
872382,4
872383,5
872384,4
872385,4
872386,4
872387,1
872388,4
872389,1
872390,4
872391,4
872392,4
872393,4
872394,4
872395,4
872396,4
872397,4
872398,4
872399,4
872400,4
872401,5
872402,4
872403,4
872404,4
872405,4
872406,4
872407,4
872408,1
872409,1
872410,4
872411,4
872412,4
872413,4
872414,4
872415,4
872416,4
872417,4
872418,4
872419,4
872420,4
872421,5
872422,1
872423,4
872424,4
872425,4
872426,4
872427,4
872428,4
872429,4
872430,4
872431,4
872432,4
872433,4
872434,4
872435,5
872436,5
872437,1
872438,4
872439,5
872440,4
872441,5
872442,4
872443,4
872444,1
872445,5
872446,4
872447,1
872448,4
872449,4
872450,5
872451,4
872452,4
872453,5
872454,5
872455,4
872456,1
872457,4
872458,4
872459,4
872460,4
872461,1
872462,4
872463,4
872464,4
872465,5
872466,1
872467,4
872468,4
872469,4
872470,4
872471,4
872472,4
872473,5
872474,4
872475,5
872476,5
872477,5
872478,4
872479,4
872480,4
872481,4
872482,5
872483,4
872484,4
872485,1
872486,4
872487,4
872488,4
872489,1
872490,1
872491,4
872492,4
872493,1
872494,4
872495,5
872496,4
872497,1
872498,4
872499,1
872500,4
872501,4
872502,4
872503,4
872504,5
872505,4
872506,4
872507,4
872508,4
872509,3
872510,4
872511,5
872512,4
872513,4
872514,5
872515,1
872516,4
872517,4
872518,1
872519,4
872520,4
872521,1
872522,4
872523,5
872524,4
872525,4
872526,4
872527,5
872528,4
872529,4
872530,4
872531,4
872532,4
872533,5
872534,4
872535,5
872536,4
872537,4
872538,4
872539,5
872540,4
872541,5
872542,5
872543,5
872544,4
872545,5
872546,4
872547,4
872548,4
872549,1
872550,4
872551,5
872552,4
872553,4
872554,4
872555,4
872556,4
872557,5
872558,4
872559,4
872560,1
872561,5
872562,4
872563,4
872564,3
872565,4
872566,5
872567,4
872568,4
872569,4
872570,5
872571,5
872572,4
872573,4
872574,4
872575,4
872576,4
872577,4
872578,1
872579,5
872580,1
872581,1
872582,4
872583,4
872584,4
872585,4
872586,4
872587,4
872588,4
872589,4
872590,4
872591,4
872592,5
872593,4
872594,4
872595,4
872596,4
872597,5
872598,4
872599,4
872600,4
872601,4
872602,4
872603,4
872604,4
872605,3
872606,1
872607,4
872608,1
872609,1
872610,1
872611,4
872612,4
872613,4
872614,4
872615,4
872616,5
872617,4
872618,4
872619,1
872620,4
872621,1
872622,4
872623,4
872624,4
872625,4
872626,1
872627,1
872628,4
872629,4
872630,4
872631,1
872632,4
872633,4
872634,4
872635,4
872636,4
872637,4
872638,4
872639,4
872640,4
872641,4
872642,4
872643,4
872644,4
872645,3
872646,4
872647,4
872648,4
872649,4
872650,4
872651,1
872652,3
872653,4
872654,4
872655,4
872656,4
872657,4
872658,1
872659,4
872660,4
872661,4
872662,4
872663,4
872664,1
872665,4
872666,4
872667,4
872668,4
872669,4
872670,4
872671,4
872672,4
872673,4
872674,4
872675,4
872676,4
872677,4
872678,4
872679,4
872680,4
872681,4
872682,4
872683,4
872684,4
872685,4
872686,1
872687,4
872688,4
872689,3
872690,4
872691,3
872692,4
872693,4
872694,4
872695,1
872696,4
872697,4
872698,4
872699,4
872700,4
872701,4
872702,4
872703,4
872704,4
872705,4
872706,4
872707,4
872708,4
872709,4
872710,4
872711,4
872712,4
872713,4
872714,4
872715,4
872716,4
872717,4
872718,3
872719,4
872720,4
872721,4
872722,4
872723,4
872724,1
872725,4
872726,4
872727,4
872728,4
872729,4
872730,4
872731,4
872732,4
872733,4
872734,4
872735,1
872736,4
872737,4
872738,4
872739,1
872740,4
872741,4
872742,3
872743,4
872744,4
872745,4
872746,1
872747,4
872748,4
872749,4
872750,4
872751,4
872752,4
872753,4
872754,1
872755,4
872756,4
872757,4
872758,4
872759,4
872760,4
872761,4
872762,4
872763,4
872764,4
872765,4
872766,4
872767,1
872768,4
872769,4
872770,1
872771,4
872772,4
872773,4
872774,4
872775,4
872776,4
872777,4
872778,4
872779,4
872780,4
872781,4
872782,4
872783,1
872784,4
872785,4
872786,4
872787,4
872788,4
872789,4
872790,4
872791,4
872792,4
872793,4
872794,4
872795,4
872796,4
872797,4
872798,5
872799,4
872800,4
872801,4
872802,4
872803,4
872804,4
872805,4
872806,4
872807,4
872808,4
872809,5
872810,4
872811,1
872812,4
872813,5
872814,5
872815,4
872816,1
872817,4
872818,4
872819,4
872820,4
872821,4
872822,1
872823,4
872824,4
872825,3
872826,3
872827,3
872828,4
872829,3
872830,4
872831,3
872832,4
872833,3
872834,1
872835,3
872836,3
872837,4
872838,4
872839,4
872840,4
872841,4
872842,4
872843,4
872844,4
872845,4
872846,4
872847,4
872848,5
872849,4
872850,1
872851,4
872852,4
872853,4
872854,4
872855,4
872856,4
872857,4
872858,4
872859,4
872860,4
872861,4
872862,4
872863,4
872864,5
872865,4
872866,4
872867,4
872868,4
872869,4
872870,4
872871,4
872872,4
872873,4
872874,4
872875,4
872876,5
872877,1
872878,4
872879,4
872880,1
872881,4
872882,1
872883,4
872884,4
872885,4
872886,4
872887,4
872888,4
872889,4
872890,4
872891,4
872892,4
872893,4
872894,4
872895,4
872896,4
872897,4
872898,4
872899,4
872900,4
872901,4
872902,4
872903,4
872904,4
872905,4
872906,4
872907,4
872908,4
872909,4
872910,4
872911,4
872912,4
872913,4
872914,4
872915,4
872916,1
872917,4
872918,4
872919,4
872920,4
872921,4
872922,4
872923,4
872924,4
872925,4
872926,4
872927,4
872928,4
872929,4
872930,4
872931,4
872932,1
872933,1
872934,4
872935,4
872936,4
872937,5
872938,4
872939,4
872940,4
872941,4
872942,4
872943,4
872944,4
872945,1
872946,1
872947,4
872948,5
872949,4
872950,4
872951,4
872952,4
872953,5
872954,5
872955,4
872956,4
872957,4
872958,1
872959,1
872960,4
872961,4
872962,4
872963,4
872964,4
872965,4
872966,4
872967,1
872968,5
872969,4
872970,4
872971,4
872972,4
872973,4
872974,4
872975,4
872976,4
872977,4
872978,4
872979,4
872980,4
872981,1
872982,4
872983,4
872984,4
872985,4
872986,1
872987,1
872988,4
872989,4
872990,4
872991,4
872992,1
872993,4
872994,4
872995,1
872996,5
872997,5
872998,4
872999,4
873000,4
873001,4
873002,5
873003,1
873004,4
873005,5
873006,1
873007,5
873008,4
873009,1
873010,4
873011,4
873012,4
873013,4
873014,5
873015,5
873016,4
873017,5
873018,4
873019,4
873020,1
873021,4
873022,4
873023,4
873024,4
873025,4
873026,4
873027,5
873028,4
873029,5
873030,4
873031,4
873032,4
873033,4
873034,1
873035,5
873036,4
873037,1
873038,5
873039,4
873040,4
873041,4
873042,1
873043,4
873044,1
873045,5
873046,4
873047,4
873048,5
873049,4
873050,4
873051,4
873052,4
873053,4
873054,4
873055,1
873056,1
873057,4
873058,4
873059,1
873060,4
873061,4
873062,4
873063,4
873064,4
873065,4
873066,4
873067,4
873068,4
873069,4
873070,4
873071,4
873072,4
873073,4
873074,4
873075,4
873076,4
873077,1
873078,4
873079,4
873080,5
873081,4
873082,4
873083,4
873084,4
873085,1
873086,4
873087,1
873088,4
873089,4
873090,4
873091,4
873092,1
873093,4
873094,4
873095,4
873096,4
873097,4
873098,4
873099,4
873100,4
873101,5
873102,4
873103,4
873104,4
873105,5
873106,5
873107,1
873108,4
873109,4
873110,5
873111,4
873112,5
873113,4
873114,4
873115,4
873116,4
873117,4
873118,4
873119,4
873120,4
873121,4
873122,1
873123,4
873124,4
873125,4
873126,4
873127,4
873128,4
873129,4
873130,4
873131,1
873132,1
873133,4
873134,1
873135,4
873136,4
873137,5
873138,4
873139,5
873140,4
873141,4
873142,4
873143,5
873144,1
873145,4
873146,5
873147,5
873148,4
873149,4
873150,4
873151,4
873152,4
873153,4
873154,5
873155,4
873156,5
873157,4
873158,4
873159,4
873160,4
873161,5
873162,4
873163,4
873164,4
873165,4
873166,5
873167,4
873168,4
873169,4
873170,1
873171,4
873172,4
873173,4
873174,4
873175,1
873176,4
873177,1
873178,4
873179,5
873180,5
873181,4
873182,4
873183,4
873184,4
873185,4
873186,5
873187,4
873188,4
873189,4
873190,4
873191,4
873192,4
873193,5
873194,4
873195,4
873196,4
873197,4
873198,5
873199,4
873200,4
873201,4
873202,4
873203,4
873204,5
873205,4
873206,1
873207,4
873208,1
873209,5
873210,4
873211,5
873212,1
873213,4
873214,5
873215,1
873216,4
873217,5
873218,4
873219,1
873220,4
873221,4
873222,1
873223,5
873224,4
873225,5
873226,4
873227,5
873228,4
873229,5
873230,4
873231,5
873232,1
873233,4
873234,5
873235,4
873236,4
873237,4
873238,1
873239,5
873240,4
873241,5
873242,4
873243,4
873244,4
873245,4
873246,4
873247,1
873248,4
873249,5
873250,4
873251,5
873252,4
873253,4
873254,5
873255,4
873256,5
873257,4
873258,4
873259,4
873260,5
873261,4
873262,4
873263,4
873264,4
873265,5
873266,5
873267,4
873268,1
873269,4
873270,4
873271,4
873272,1
873273,1
873274,4
873275,4
873276,4
873277,4
873278,4
873279,4
873280,1
873281,4
873282,4
873283,4
873284,5
873285,4
873286,1
873287,4
873288,4
873289,4
873290,4
873291,4
873292,5
873293,4
873294,4
873295,4
873296,4
873297,4
873298,4
873299,4
873300,4
873301,1
873302,4
873303,4
873304,4
873305,4
873306,4
873307,4
873308,4
873309,4
873310,4
873311,4
873312,4
873313,4
873314,4
873315,4
873316,4
873317,4
873318,4
873319,4
873320,4
873321,4
873322,4
873323,4
873324,4
873325,4
873326,4
873327,1
873328,4
873329,4
873330,4
873331,4
873332,4
873333,4
873334,4
873335,4
873336,4
873337,3
873338,4
873339,3
873340,3
873341,1
873342,3
873343,3
873344,3
873345,1
873346,3
873347,3
873348,3
873349,3
873350,3
873351,3
873352,1
873353,3
873354,3
873355,3
873356,1
873357,3
873358,3
873359,4
873360,3
873361,4
873362,3
873363,3
873364,3
873365,3
873366,3
873367,4
873368,4
873369,3
873370,3
873371,1
873372,4
873373,4
873374,4
873375,4
873376,1
873377,4
873378,4
873379,4
873380,4
873381,4
873382,4
873383,4
873384,1
873385,1
873386,4
873387,4
873388,4
873389,4
873390,4
873391,4
873392,4
873393,4
873394,4
873395,4
873396,4
873397,4
873398,4
873399,4
873400,3
873401,4
873402,4
873403,3
873404,4
873405,4
873406,4
873407,4
873408,4
873409,4
873410,4
873411,1
873412,4
873413,4
873414,4
873415,4
873416,4
873417,4
873418,3
873419,4
873420,4
873421,4
873422,4
873423,4
873424,1
873425,4
873426,4
873427,4
873428,3
873429,4
873430,4
873431,4
873432,4
873433,3
873434,4
873435,4
873436,4
873437,4
873438,1
873439,3
873440,4
873441,4
873442,4
873443,4
873444,4
873445,4
873446,4
873447,4
873448,4
873449,4
873450,4
873451,4
873452,5
873453,4
873454,4
873455,4
873456,4
873457,4
873458,4
873459,4
873460,4
873461,4
873462,4
873463,4
873464,4
873465,1
873466,4
873467,4
873468,4
873469,4
873470,1
873471,4
873472,4
873473,1
873474,4
873475,4
873476,4
873477,4
873478,4
873479,4
873480,4
873481,4
873482,4
873483,4
873484,4
873485,4
873486,4
873487,4
873488,4
873489,4
873490,4
873491,4
873492,4
873493,4
873494,5
873495,4
873496,4
873497,1
873498,4
873499,5
873500,1
873501,4
873502,4
873503,4
873504,4
873505,4
873506,1
873507,4
873508,4
873509,4
873510,4
873511,4
873512,1
873513,4
873514,4
873515,4
873516,4
873517,4
873518,4
873519,5
873520,4
873521,4
873522,4
873523,4
873524,4
873525,4
873526,1
873527,4
873528,1
873529,4
873530,1
873531,4
873532,1
873533,1
873534,1
873535,4
873536,4
873537,4
873538,4
873539,4
873540,4
873541,4
873542,4
873543,4
873544,4
873545,4
873546,4
873547,4
873548,4
873549,4
873550,4
873551,1
873552,4
873553,4
873554,4
873555,4
873556,4
873557,4
873558,4
873559,4
873560,4
873561,4
873562,1
873563,4
873564,4
873565,1
873566,4
873567,4
873568,4
873569,4
873570,4
873571,4
873572,4
873573,4
873574,4
873575,4
873576,4
873577,1
873578,4
873579,1
873580,4
873581,4
873582,4
873583,4
873584,4
873585,4
873586,4
873587,4
873588,4
873589,4
873590,4
873591,4
873592,4
873593,4
873594,4
873595,1
873596,4
873597,4
873598,4
873599,1
873600,4
873601,1
873602,4
873603,4
873604,4
873605,4
873606,4
873607,4
873608,4
873609,4
873610,4
873611,4
873612,4
873613,4
873614,4
873615,4
873616,4
873617,4
873618,4
873619,4
873620,4
873621,4
873622,4
873623,4
873624,4
873625,4
873626,4
873627,4
873628,4
873629,4
873630,4
873631,4
873632,4
873633,4
873634,1
873635,4
873636,4
873637,4
873638,4
873639,4
873640,1
873641,4
873642,4
873643,4
873644,4
873645,4
873646,4
873647,4
873648,5
873649,4
873650,5
873651,4
873652,4
873653,4
873654,4
873655,4
873656,4
873657,4
873658,4
873659,4
873660,4
873661,4
873662,4
873663,1
873664,4
873665,4
873666,4
873667,4
873668,4
873669,1
873670,4
873671,4
873672,1
873673,4
873674,4
873675,1
873676,4
873677,4
873678,4
873679,4
873680,4
873681,4
873682,4
873683,4
873684,4
873685,4
873686,4
873687,4
873688,4
873689,4
873690,4
873691,4
873692,4
873693,4
873694,4
873695,4
873696,4
873697,4
873698,4
873699,4
873700,4
873701,4
873702,4
873703,4
873704,4
873705,1
873706,4
873707,4
873708,4
873709,4
873710,1
873711,1
873712,4
873713,1
873714,4
873715,4
873716,4
873717,4
873718,4
873719,4
873720,4
873721,4
873722,1
873723,4
873724,4
873725,4
873726,4
873727,4
873728,4
873729,4
873730,4
873731,4
873732,4
873733,1
873734,4
873735,4
873736,3
873737,4
873738,1
873739,4
873740,4
873741,4
873742,4
873743,4
873744,4
873745,4
873746,1
873747,4
873748,4
873749,4
873750,4
873751,4
873752,4
873753,4
873754,4
873755,4
873756,4
873757,4
873758,4
873759,4
873760,4
873761,4
873762,4
873763,1
873764,1
873765,4
873766,4
873767,4
873768,4
873769,1
873770,4
873771,4
873772,5
873773,4
873774,4
873775,4
873776,4
873777,4
873778,4
873779,4
873780,4
873781,4
873782,4
873783,4
873784,4
873785,4
873786,4
873787,1
873788,4
873789,4
873790,4
873791,4
873792,4
873793,4
873794,4
873795,4
873796,4
873797,4
873798,5
873799,4
873800,4
873801,4
873802,4
873803,4
873804,4
873805,4
873806,4
873807,4
873808,4
873809,4
873810,4
873811,4
873812,4
873813,4
873814,4
873815,1
873816,4
873817,4
873818,4
873819,4
873820,4
873821,4
873822,4
873823,4
873824,4
873825,1
873826,4
873827,4
873828,4
873829,4
873830,1
873831,4
873832,4
873833,4
873834,4
873835,4
873836,5
873837,1
873838,4
873839,4
873840,1
873841,4
873842,4
873843,5
873844,4
873845,4
873846,4
873847,4
873848,4
873849,4
873850,4
873851,4
873852,4
873853,4
873854,4
873855,4
873856,1
873857,4
873858,4
873859,4
873860,4
873861,1
873862,5
873863,4
873864,4
873865,4
873866,4
873867,4
873868,4
873869,4
873870,4
873871,4
873872,4
873873,1
873874,4
873875,5
873876,4
873877,4
873878,4
873879,4
873880,4
873881,4
873882,4
873883,4
873884,4
873885,4
873886,1
873887,4
873888,4
873889,4
873890,4
873891,4
873892,4
873893,4
873894,4
873895,4
873896,4
873897,4
873898,1
873899,4
873900,4
873901,4
873902,4
873903,4
873904,4
873905,4
873906,4
873907,4
873908,4
873909,4
873910,4
873911,1
873912,4
873913,1
873914,4
873915,4
873916,4
873917,4
873918,4
873919,4
873920,4
873921,4
873922,4
873923,4
873924,4
873925,1
873926,4
873927,4
873928,4
873929,4
873930,4
873931,4
873932,4
873933,4
873934,4
873935,4
873936,5
873937,4
873938,4
873939,4
873940,4
873941,4
873942,4
873943,1
873944,4
873945,4
873946,4
873947,4
873948,4
873949,1
873950,4
873951,1
873952,4
873953,4
873954,4
873955,4
873956,4
873957,4
873958,4
873959,4
873960,4
873961,5
873962,4
873963,4
873964,4
873965,4
873966,4
873967,4
873968,4
873969,4
873970,4
873971,4
873972,1
873973,4
873974,4
873975,4
873976,1
873977,4
873978,4
873979,4
873980,3
873981,4
873982,4
873983,4
873984,1
873985,4
873986,4
873987,4
873988,4
873989,5
873990,1
873991,4
873992,4
873993,4
873994,4
873995,4
873996,4
873997,4
873998,4
873999,4
874000,4
874001,4
874002,1
874003,4
874004,4
874005,4
874006,4
874007,4
874008,5
874009,4
874010,5
874011,4
874012,4
874013,4
874014,4
874015,4
874016,4
874017,4
874018,4
874019,4
874020,4
874021,4
874022,4
874023,4
874024,5
874025,4
874026,5
874027,5
874028,4
874029,5
874030,4
874031,3
874032,4
874033,1
874034,4
874035,4
874036,3
874037,4
874038,4
874039,3
874040,4
874041,4
874042,4
874043,4
874044,4
874045,1
874046,4
874047,4
874048,4
874049,5
874050,4
874051,4
874052,5
874053,4
874054,4
874055,4
874056,4
874057,5
874058,4
874059,5
874060,4
874061,4
874062,1
874063,4
874064,4
874065,5
874066,1
874067,4
874068,4
874069,4
874070,4
874071,4
874072,4
874073,4
874074,1
874075,4
874076,4
874077,4
874078,4
874079,4
874080,4
874081,4
874082,4
874083,4
874084,4
874085,4
874086,4
874087,4
874088,4
874089,4
874090,4
874091,4
874092,4
874093,5
874094,4
874095,5
874096,4
874097,4
874098,3
874099,4
874100,1
874101,4
874102,4
874103,4
874104,4
874105,4
874106,4
874107,1
874108,4
874109,4
874110,5
874111,4
874112,4
874113,4
874114,4
874115,4
874116,4
874117,4
874118,4
874119,4
874120,1
874121,5
874122,5
874123,4
874124,4
874125,4
874126,4
874127,1
874128,4
874129,4
874130,4
874131,4
874132,5
874133,4
874134,4
874135,4
874136,5
874137,4
874138,4
874139,5
874140,5
874141,4
874142,1
874143,5
874144,4
874145,4
874146,1
874147,4
874148,5
874149,1
874150,4
874151,4
874152,4
874153,5
874154,4
874155,4
874156,4
874157,4
874158,4
874159,4
874160,4
874161,4
874162,4
874163,4
874164,4
874165,4
874166,4
874167,5
874168,1
874169,4
874170,5
874171,4
874172,1
874173,5
874174,4
874175,4
874176,4
874177,4
874178,3
874179,3
874180,1
874181,3
874182,4
874183,1
874184,3
874185,4
874186,1
874187,3
874188,4
874189,3
874190,4
874191,1
874192,4
874193,3
874194,4
874195,4
874196,4
874197,3
874198,1
874199,4
874200,4
874201,4
874202,4
874203,1
874204,3
874205,4
874206,4
874207,4
874208,4
874209,4
874210,4
874211,4
874212,4
874213,1
874214,4
874215,4
874216,4
874217,4
874218,4
874219,4
874220,4
874221,4
874222,4
874223,4
874224,1
874225,4
874226,4
874227,4
874228,4
874229,4
874230,4
874231,4
874232,4
874233,4
874234,1
874235,4
874236,4
874237,4
874238,4
874239,4
874240,4
874241,4
874242,4
874243,4
874244,4
874245,4
874246,4
874247,4
874248,4
874249,4
874250,4
874251,4
874252,4
874253,4
874254,4
874255,4
874256,5
874257,4
874258,4
874259,4
874260,4
874261,4
874262,4
874263,1
874264,4
874265,4
874266,1
874267,4
874268,4
874269,4
874270,4
874271,4
874272,4
874273,4
874274,4
874275,4
874276,4
874277,1
874278,4
874279,4
874280,4
874281,4
874282,1
874283,4
874284,4
874285,4
874286,4
874287,4
874288,4
874289,4
874290,4
874291,4
874292,4
874293,4
874294,4
874295,4
874296,4
874297,4
874298,4
874299,4
874300,4
874301,4
874302,4
874303,4
874304,4
874305,4
874306,4
874307,4
874308,4
874309,4
874310,4
874311,4
874312,4
874313,4
874314,4
874315,4
874316,4
874317,4
874318,4
874319,4
874320,4
874321,4
874322,4
874323,4
874324,4
874325,4
874326,4
874327,4
874328,4
874329,4
874330,1
874331,4
874332,4
874333,4
874334,5
874335,4
874336,4
874337,4
874338,4
874339,4
874340,1
874341,4
874342,1
874343,4
874344,4
874345,4
874346,4
874347,4
874348,4
874349,4
874350,4
874351,4
874352,1
874353,1
874354,4
874355,4
874356,3
874357,4
874358,4
874359,4
874360,4
874361,4
874362,4
874363,1
874364,4
874365,1
874366,1
874367,1
874368,4
874369,4
874370,4
874371,1
874372,4
874373,4
874374,4
874375,4
874376,4
874377,4
874378,4
874379,4
874380,4
874381,4
874382,4
874383,4
874384,4
874385,4
874386,4
874387,4
874388,4
874389,4
874390,4
874391,4
874392,4
874393,1
874394,4
874395,4
874396,4
874397,1
874398,4
874399,4
874400,4
874401,4
874402,4
874403,4
874404,4
874405,4
874406,4
874407,4
874408,4
874409,4
874410,4
874411,4
874412,5
874413,5
874414,4
874415,4
874416,4
874417,5
874418,1
874419,1
874420,4
874421,4
874422,4
874423,1
874424,4
874425,4
874426,4
874427,4
874428,4
874429,4
874430,4
874431,4
874432,1
874433,4
874434,4
874435,4
874436,4
874437,1
874438,4
874439,4
874440,5
874441,4
874442,4
874443,4
874444,4
874445,4
874446,4
874447,1
874448,4
874449,4
874450,4
874451,4
874452,4
874453,1
874454,4
874455,4
874456,4
874457,4
874458,4
874459,4
874460,4
874461,4
874462,4
874463,1
874464,4
874465,4
874466,4
874467,4
874468,4
874469,4
874470,4
874471,1
874472,4
874473,4
874474,4
874475,4
874476,4
874477,4
874478,4
874479,4
874480,4
874481,4
874482,4
874483,4
874484,4
874485,4
874486,4
874487,4
874488,4
874489,1
874490,4
874491,4
874492,1
874493,4
874494,4
874495,4
874496,1
874497,4
874498,4
874499,4
874500,1
874501,4
874502,4
874503,4
874504,5
874505,5
874506,4
874507,5
874508,5
874509,4
874510,5
874511,5
874512,4
874513,5
874514,5
874515,5
874516,1
874517,5
874518,5
874519,5
874520,5
874521,4
874522,5
874523,1
874524,5
874525,4
874526,5
874527,5
874528,4
874529,5
874530,4
874531,5
874532,1
874533,5
874534,4
874535,5
874536,5
874537,4
874538,1
874539,5
874540,5
874541,5
874542,4
874543,4
874544,4
874545,4
874546,4
874547,4
874548,4
874549,1
874550,4
874551,4
874552,4
