994553,4
994554,4
994555,4
994556,1
994557,1
994558,4
994559,4
994560,4
994561,4
994562,4
994563,4
994564,4
994565,4
994566,4
994567,4
994568,4
994569,4
994570,4
994571,4
994572,4
994573,1
994574,4
994575,4
994576,4
994577,4
994578,4
994579,4
994580,4
994581,5
994582,4
994583,4
994584,4
994585,4
994586,4
994587,4
994588,4
994589,4
994590,4
994591,4
994592,4
994593,4
994594,4
994595,4
994596,4
994597,4
994598,1
994599,4
994600,1
994601,4
994602,4
994603,4
994604,4
994605,4
994606,4
994607,4
994608,4
994609,4
994610,4
994611,4
994612,4
994613,4
994614,4
994615,4
994616,4
994617,1
994618,4
994619,4
994620,4
994621,4
994622,4
994623,4
994624,4
994625,4
994626,4
994627,1
994628,4
994629,4
994630,4
994631,4
994632,4
994633,5
994634,4
994635,4
994636,5
994637,1
994638,4
994639,4
994640,4
994641,4
994642,5
994643,5
994644,4
994645,1
994646,4
994647,4
994648,4
994649,4
994650,4
994651,1
994652,4
994653,4
994654,4
994655,4
994656,4
994657,4
994658,4
994659,5
994660,5
994661,4
994662,4
994663,4
994664,4
994665,4
994666,4
994667,4
994668,4
994669,4
994670,4
994671,4
994672,4
994673,5
994674,4
994675,4
994676,4
994677,4
994678,4
994679,5
994680,4
994681,4
994682,1
994683,4
994684,4
994685,4
994686,4
994687,4
994688,4
994689,4
994690,5
994691,4
994692,4
994693,4
994694,4
994695,4
994696,4
994697,4
994698,5
994699,1
994700,5
994701,4
994702,4
994703,4
994704,5
994705,4
994706,4
994707,4
994708,4
994709,4
994710,4
994711,4
994712,5
994713,1
994714,4
994715,1
994716,1
994717,1
994718,4
994719,4
994720,4
994721,4
994722,4
994723,4
994724,4
994725,4
994726,1
994727,4
994728,4
994729,1
994730,1
994731,4
994732,4
994733,4
994734,4
994735,4
994736,4
994737,4
994738,4
994739,4
994740,4
994741,1
994742,5
994743,1
994744,1
994745,5
994746,4
994747,5
994748,4
994749,4
994750,1
994751,5
994752,5
994753,1
994754,5
994755,4
994756,4
994757,1
994758,4
994759,5
994760,4
994761,4
994762,4
994763,5
994764,4
994765,4
994766,4
994767,4
994768,4
994769,4
994770,4
994771,5
994772,1
994773,4
994774,4
994775,4
994776,4
994777,4
994778,4
994779,4
994780,4
994781,4
994782,4
994783,4
994784,4
994785,4
994786,4
994787,4
994788,4
994789,4
994790,4
994791,1
994792,4
994793,1
994794,4
994795,4
994796,4
994797,4
994798,1
994799,4
994800,4
994801,4
994802,4
994803,4
994804,1
994805,4
994806,4
994807,4
994808,4
994809,1
994810,4
994811,4
994812,4
994813,4
994814,4
994815,4
994816,4
994817,4
994818,4
994819,4
994820,1
994821,4
994822,5
994823,4
994824,4
994825,4
994826,4
994827,4
994828,4
994829,4
994830,4
994831,4
994832,4
994833,4
994834,4
994835,4
994836,4
994837,4
994838,4
994839,4
994840,4
994841,4
994842,4
994843,4
994844,5
994845,4
994846,4
994847,4
994848,4
994849,4
994850,1
994851,4
994852,4
994853,4
994854,4
994855,1
994856,1
994857,4
994858,4
994859,4
994860,4
994861,4
994862,1
994863,5
994864,4
994865,4
994866,4
994867,4
994868,4
994869,4
994870,3
994871,4
994872,4
994873,4
994874,4
994875,4
994876,4
994877,4
994878,4
994879,4
994880,4
994881,4
994882,4
994883,1
994884,4
994885,4
994886,4
994887,4
994888,1
994889,4
994890,5
994891,5
994892,4
994893,5
994894,4
994895,4
994896,1
994897,4
994898,4
994899,4
994900,4
994901,4
994902,4
994903,4
994904,4
994905,4
994906,4
994907,4
994908,4
994909,4
994910,1
994911,1
994912,4
994913,4
994914,1
994915,4
994916,4
994917,1
994918,4
994919,4
994920,1
994921,4
994922,4
994923,1
994924,4
994925,4
994926,4
994927,4
994928,4
994929,4
994930,4
994931,4
994932,4
994933,4
994934,4
994935,4
994936,1
994937,4
994938,4
994939,4
994940,4
994941,4
994942,4
994943,4
994944,4
994945,4
994946,4
994947,4
994948,4
994949,1
994950,4
994951,4
994952,4
994953,4
994954,4
994955,4
994956,4
994957,4
994958,4
994959,4
994960,4
994961,1
994962,4
994963,4
994964,4
994965,4
994966,4
994967,1
994968,4
994969,4
994970,4
994971,4
994972,4
994973,1
994974,5
994975,4
994976,5
994977,4
994978,4
994979,4
994980,4
994981,4
994982,4
994983,1
994984,4
994985,4
994986,1
994987,4
994988,4
994989,4
994990,4
994991,4
994992,4
994993,5
994994,4
994995,5
994996,4
994997,4
994998,4
994999,4
995000,4
995001,4
995002,4
995003,4
995004,4
995005,4
995006,4
995007,4
995008,5
995009,4
995010,4
995011,4
995012,4
995013,4
995014,4
995015,1
995016,4
995017,5
995018,4
995019,4
995020,4
995021,4
995022,4
995023,4
995024,4
995025,4
995026,4
995027,4
995028,4
995029,5
995030,4
995031,4
995032,4
995033,4
995034,1
995035,4
995036,3
995037,1
995038,4
995039,4
995040,4
995041,4
995042,4
995043,4
995044,1
995045,4
995046,4
995047,4
995048,4
995049,4
995050,4
995051,4
995052,4
995053,4
995054,4
995055,4
995056,4
995057,1
995058,1
995059,4
995060,4
995061,5
995062,4
995063,4
995064,4
995065,4
995066,4
995067,4
995068,4
995069,4
995070,4
995071,4
995072,4
995073,1
995074,5
995075,4
995076,4
995077,4
995078,4
995079,4
995080,4
995081,1
995082,4
995083,4
995084,4
995085,1
995086,5
995087,4
995088,4
995089,3
995090,4
995091,4
995092,4
995093,1
995094,4
995095,4
995096,4
995097,4
995098,4
995099,4
995100,4
995101,4
995102,4
995103,4
995104,4
995105,4
995106,4
995107,4
995108,4
995109,4
995110,1
995111,4
995112,4
995113,4
995114,4
995115,1
995116,4
995117,4
995118,4
995119,4
995120,1
995121,4
995122,4
995123,4
995124,4
995125,4
995126,4
995127,4
995128,4
995129,4
995130,4
995131,1
995132,4
995133,4
995134,4
995135,1
995136,4
995137,4
995138,4
995139,4
995140,4
995141,4
995142,4
995143,4
995144,4
995145,1
995146,1
995147,1
995148,4
995149,4
995150,4
995151,5
995152,1
995153,4
995154,5
995155,4
995156,4
995157,4
995158,4
995159,4
995160,4
995161,4
995162,4
995163,4
995164,4
995165,4
995166,4
995167,5
995168,4
995169,4
995170,5
995171,4
995172,4
995173,4
995174,4
995175,4
995176,5
995177,4
995178,4
995179,1
995180,4
995181,1
995182,4
995183,4
995184,4
995185,4
995186,1
995187,1
995188,4
995189,4
995190,4
995191,1
995192,4
995193,4
995194,4
995195,1
995196,4
995197,1
995198,4
995199,4
995200,4
995201,4
995202,4
995203,4
995204,4
995205,4
995206,4
995207,4
995208,4
995209,5
995210,4
995211,4
995212,4
995213,4
995214,4
995215,4
995216,1
995217,4
995218,4
995219,4
995220,4
995221,4
995222,1
995223,5
995224,4
995225,4
995226,4
995227,4
995228,4
995229,4
995230,4
995231,4
995232,4
995233,4
995234,1
995235,4
995236,4
995237,4
995238,4
995239,4
995240,4
995241,4
995242,4
995243,4
995244,4
995245,4
995246,4
995247,4
995248,4
995249,4
995250,4
995251,4
995252,4
995253,4
995254,4
995255,4
995256,4
995257,5
995258,1
995259,4
995260,4
995261,4
995262,1
995263,4
995264,4
995265,1
995266,4
995267,4
995268,4
995269,4
995270,4
995271,4
995272,4
995273,5
995274,4
995275,1
995276,4
995277,4
995278,5
995279,4
995280,4
995281,4
995282,4
995283,4
995284,4
995285,4
995286,1
995287,4
995288,4
995289,5
995290,4
995291,4
995292,4
995293,4
995294,4
995295,4
995296,4
995297,4
995298,4
995299,4
995300,4
995301,4
995302,1
995303,4
995304,1
995305,4
995306,4
995307,1
995308,4
995309,4
995310,4
995311,4
995312,4
995313,4
995314,1
995315,4
995316,4
995317,4
995318,4
995319,1
995320,4
995321,4
995322,4
995323,4
995324,4
995325,4
995326,4
995327,4
995328,4
995329,4
995330,4
995331,4
995332,4
995333,4
995334,1
995335,4
995336,4
995337,4
995338,4
995339,1
995340,4
995341,4
995342,1
995343,4
995344,4
995345,4
995346,4
995347,4
995348,4
995349,4
995350,4
995351,4
995352,4
995353,4
995354,4
995355,4
995356,1
995357,4
995358,4
995359,4
995360,4
995361,4
995362,4
995363,4
995364,4
995365,4
995366,4
995367,4
995368,4
995369,4
995370,4
995371,1
995372,4
995373,4
995374,4
995375,4
995376,4
995377,4
995378,4
995379,4
995380,4
995381,4
995382,4
995383,4
995384,4
995385,4
995386,4
995387,1
995388,4
995389,4
995390,4
995391,4
995392,4
995393,4
995394,1
995395,1
995396,4
995397,4
995398,1
995399,4
995400,4
995401,4
995402,1
995403,4
995404,1
995405,4
995406,5
995407,4
995408,1
995409,4
995410,4
995411,4
995412,4
995413,4
995414,4
995415,4
995416,4
995417,4
995418,4
995419,5
995420,4
995421,4
995422,1
995423,4
995424,5
995425,5
995426,4
995427,4
995428,4
995429,4
995430,4
995431,4
995432,4
995433,5
995434,4
995435,4
995436,4
995437,4
995438,4
995439,4
995440,4
995441,4
995442,4
995443,1
995444,4
995445,3
995446,4
995447,1
995448,4
995449,4
995450,4
995451,4
995452,4
995453,4
995454,4
995455,1
995456,4
995457,4
995458,4
995459,1
995460,4
995461,4
995462,4
995463,4
995464,4
995465,4
995466,4
995467,1
995468,4
995469,4
995470,4
995471,4
995472,1
995473,4
995474,4
995475,4
995476,4
995477,4
995478,4
995479,4
995480,4
995481,4
995482,1
995483,4
995484,4
995485,4
995486,4
995487,4
995488,4
995489,4
995490,4
995491,1
995492,4
995493,4
995494,5
995495,4
995496,4
995497,4
995498,4
995499,4
995500,4
995501,4
995502,4
995503,4
995504,4
995505,1
995506,4
995507,4
995508,4
995509,4
995510,4
995511,3
995512,5
995513,4
995514,4
995515,4
995516,4
995517,5
995518,4
995519,4
995520,5
995521,4
995522,4
995523,4
995524,1
995525,4
995526,1
995527,4
995528,4
995529,4
995530,1
995531,5
995532,4
995533,4
995534,4
995535,4
995536,4
995537,4
995538,4
995539,4
995540,4
995541,4
995542,4
995543,4
995544,4
995545,4
995546,4
995547,1
995548,5
995549,5
995550,4
995551,4
995552,1
995553,4
995554,4
995555,4
995556,4
995557,4
995558,5
995559,5
995560,4
995561,4
995562,1
995563,4
995564,4
995565,4
995566,5
995567,4
995568,4
995569,4
995570,4
995571,4
995572,4
995573,4
995574,4
995575,4
995576,5
995577,4
995578,1
995579,4
995580,5
995581,4
995582,4
995583,4
995584,4
995585,4
995586,4
995587,4
995588,4
995589,4
995590,4
995591,4
995592,1
995593,4
995594,4
995595,4
995596,4
995597,5
995598,4
995599,4
995600,4
995601,4
995602,4
995603,5
995604,4
995605,4
995606,4
995607,1
995608,4
995609,5
995610,4
995611,4
995612,4
995613,4
995614,4
995615,4
995616,4
995617,1
995618,4
995619,4
995620,1
995621,4
995622,4
995623,4
995624,4
995625,4
995626,4
995627,4
995628,4
995629,4
995630,4
995631,4
995632,4
995633,1
995634,4
995635,4
995636,4
995637,5
995638,4
995639,1
995640,1
995641,4
995642,4
995643,1
995644,4
995645,4
995646,4
995647,4
995648,4
995649,4
995650,4
995651,4
995652,4
995653,4
995654,4
995655,4
995656,4
995657,4
995658,4
995659,5
995660,4
995661,4
995662,5
995663,4
995664,4
995665,4
995666,4
995667,4
995668,4
995669,4
995670,4
995671,4
995672,4
995673,1
995674,4
995675,4
995676,4
995677,4
995678,4
995679,4
995680,4
995681,4
995682,4
995683,4
995684,4
995685,4
995686,4
995687,4
995688,4
995689,4
995690,4
995691,1
995692,4
995693,5
995694,5
995695,4
995696,5
995697,4
995698,1
995699,5
995700,4
995701,4
995702,4
995703,1
995704,4
995705,5
995706,4
995707,4
995708,5
995709,4
995710,4
995711,1
995712,4
995713,4
995714,4
995715,1
995716,4
995717,4
995718,4
995719,4
995720,4
995721,4
995722,4
995723,4
995724,4
995725,4
995726,4
995727,4
995728,4
995729,4
995730,4
995731,4
995732,4
995733,4
995734,1
995735,4
995736,4
995737,5
995738,5
995739,4
995740,4
995741,4
995742,4
995743,4
995744,4
995745,4
995746,5
995747,4
995748,5
995749,4
995750,4
995751,4
995752,5
995753,4
995754,4
995755,5
995756,4
995757,1
995758,4
995759,4
995760,4
995761,4
995762,4
995763,4
995764,4
995765,4
995766,4
995767,4
995768,4
995769,4
995770,1
995771,4
995772,4
995773,4
995774,4
995775,1
995776,4
995777,1
995778,4
995779,1
995780,4
995781,4
995782,4
995783,4
995784,1
995785,4
995786,4
995787,4
995788,4
995789,4
995790,4
995791,4
995792,4
995793,4
995794,4
995795,1
995796,5
995797,5
995798,4
995799,4
995800,4
995801,4
995802,4
995803,4
995804,5
995805,5
995806,4
995807,5
995808,4
995809,5
995810,4
995811,5
995812,4
995813,1
995814,4
995815,4
995816,4
995817,4
995818,4
995819,4
995820,4
995821,4
995822,4
995823,4
995824,1
995825,4
995826,4
995827,4
995828,4
995829,4
995830,4
995831,4
995832,4
995833,4
995834,4
995835,4
995836,1
995837,4
995838,4
995839,1
995840,4
995841,5
995842,4
995843,1
995844,4
995845,4
995846,4
995847,4
995848,4
995849,1
995850,1
995851,4
995852,4
995853,1
995854,4
995855,4
995856,4
995857,4
995858,4
995859,4
995860,1
995861,4
995862,4
995863,4
995864,4
995865,4
995866,4
995867,4
995868,1
995869,1
995870,4
995871,4
995872,4
995873,4
995874,4
995875,4
995876,4
995877,4
995878,4
995879,4
995880,1
995881,4
995882,4
995883,4
995884,4
995885,4
995886,4
995887,4
995888,4
995889,4
995890,4
995891,1
995892,4
995893,4
995894,4
995895,1
995896,4
995897,4
995898,4
995899,1
995900,4
995901,4
995902,4
995903,4
995904,4
995905,4
995906,4
995907,1
995908,4
995909,4
995910,4
995911,4
995912,4
995913,4
995914,4
995915,4
995916,4
995917,4
995918,4
995919,4
995920,4
995921,4
995922,1
995923,4
995924,4
995925,4
995926,1
995927,4
995928,4
995929,1
995930,4
995931,4
995932,4
995933,4
995934,4
995935,4
995936,4
995937,4
995938,4
995939,4
995940,4
995941,4
995942,4
995943,4
995944,4
995945,4
995946,4
995947,4
995948,4
995949,4
995950,4
995951,4
995952,4
995953,4
995954,4
995955,4
995956,4
995957,4
995958,4
995959,4
995960,4
995961,4
995962,4
995963,4
995964,4
995965,4
995966,4
995967,4
995968,4
995969,4
995970,4
995971,5
995972,4
995973,4
995974,4
995975,4
995976,4
995977,4
995978,4
995979,4
995980,4
995981,5
995982,4
995983,4
995984,4
995985,1
995986,4
995987,4
995988,4
995989,4
995990,4
995991,4
995992,1
995993,4
995994,4
995995,4
995996,4
995997,4
995998,4
995999,5
996000,4
996001,4
996002,4
996003,4
996004,1
996005,4
996006,4
996007,5
996008,4
996009,4
996010,4
996011,4
996012,4
996013,4
996014,4
996015,1
996016,3
996017,5
996018,4
996019,4
996020,4
996021,5
996022,4
996023,4
996024,1
996025,4
996026,4
996027,4
996028,5
996029,4
996030,4
996031,3
996032,4
996033,4
996034,5
996035,4
996036,4
996037,4
996038,4
996039,1
996040,5
996041,1
996042,4
996043,4
996044,4
996045,4
996046,4
996047,4
996048,4
996049,4
996050,4
996051,4
996052,4
996053,4
996054,4
996055,4
996056,4
996057,4
996058,5
996059,5
996060,1
996061,5
996062,5
996063,1
996064,5
996065,5
996066,4
996067,5
996068,4
996069,4
996070,4
996071,4
996072,4
996073,1
996074,4
996075,4
996076,4
996077,4
996078,4
996079,4
996080,4
996081,4
996082,4
996083,4
996084,4
996085,4
996086,4
996087,4
996088,4
996089,4
996090,4
996091,4
996092,4
996093,1
996094,4
996095,4
996096,4
996097,4
996098,4
996099,1
996100,1
996101,4
996102,4
996103,1
996104,4
996105,4
996106,5
996107,4
996108,4
996109,4
996110,4
996111,4
996112,5
996113,5
996114,4
996115,4
996116,4
996117,4
996118,4
996119,4
996120,4
996121,4
996122,4
996123,4
996124,4
996125,4
996126,4
996127,4
996128,4
996129,4
996130,4
996131,4
996132,4
996133,4
996134,4
996135,4
996136,4
996137,4
996138,4
996139,4
996140,5
996141,4
996142,4
996143,4
996144,4
996145,1
996146,4
996147,4
996148,4
996149,4
996150,4
996151,4
996152,1
996153,4
996154,4
996155,4
996156,4
996157,4
996158,1
996159,5
996160,1
996161,4
996162,4
996163,4
996164,4
996165,4
996166,4
996167,4
996168,4
996169,4
996170,4
996171,4
996172,4
996173,1
996174,4
996175,4
996176,4
996177,4
996178,4
996179,4
996180,4
996181,4
996182,5
996183,4
996184,4
996185,4
996186,1
996187,4
996188,4
996189,1
996190,4
996191,4
996192,4
996193,4
996194,4
996195,4
996196,4
996197,4
996198,4
996199,4
996200,4
996201,4
996202,4
996203,4
996204,4
996205,4
996206,4
996207,1
996208,4
996209,4
996210,4
996211,4
996212,4
996213,4
996214,4
996215,1
996216,4
996217,4
996218,4
996219,4
996220,4
996221,4
996222,4
996223,4
996224,4
996225,4
996226,1
996227,1
996228,4
996229,1
996230,4
996231,4
996232,4
996233,4
996234,4
996235,4
996236,4
996237,4
996238,4
996239,4
996240,4
996241,1
996242,4
996243,4
996244,4
996245,4
996246,4
996247,4
996248,4
996249,4
996250,4
996251,4
996252,1
996253,1
996254,4
996255,4
996256,4
996257,4
996258,4
996259,4
996260,4
996261,4
996262,4
996263,1
996264,4
996265,4
996266,4
996267,4
996268,4
996269,4
996270,4
996271,4
996272,4
996273,4
996274,4
996275,4
996276,4
996277,4
996278,4
996279,5
996280,5
996281,5
996282,4
996283,4
996284,4
996285,4
996286,1
996287,3
996288,4
996289,1
996290,4
996291,3
996292,5
996293,4
996294,5
996295,4
996296,4
996297,4
996298,4
996299,4
996300,4
996301,4
996302,4
996303,5
996304,4
996305,4
996306,1
996307,4
996308,4
996309,4
996310,4
996311,4
996312,4
996313,1
996314,4
996315,4
996316,1
996317,4
996318,5
996319,5
996320,4
996321,4
996322,4
996323,4
996324,5
996325,4
996326,4
996327,3
996328,4
996329,4
996330,4
996331,1
996332,1
996333,4
996334,4
996335,1
996336,4
996337,4
996338,1
996339,4
996340,1
996341,5
996342,5
996343,4
996344,4
996345,5
996346,4
996347,4
996348,4
996349,4
996350,4
996351,5
996352,3
996353,5
996354,3
996355,4
996356,4
996357,1
996358,5
996359,1
996360,4
996361,5
996362,4
996363,4
996364,5
996365,4
996366,4
996367,4
996368,5
996369,5
996370,5
996371,4
996372,4
996373,5
996374,4
996375,3
996376,4
996377,4
996378,4
996379,4
996380,4
996381,4
996382,1
996383,3
996384,5
996385,5
996386,4
996387,4
996388,5
996389,4
996390,4
996391,3
996392,4
996393,5
996394,4
996395,4
996396,4
996397,4
996398,4
996399,4
996400,4
996401,5
996402,3
996403,4
996404,4
996405,4
996406,4
996407,4
996408,4
996409,5
996410,4
996411,3
996412,4
996413,5
996414,4
996415,4
996416,4
996417,5
996418,4
996419,4
996420,5
996421,4
996422,1
996423,4
996424,5
996425,5
996426,1
996427,4
996428,4
996429,4
996430,1
996431,4
996432,4
996433,4
996434,4
996435,1
996436,4
996437,4
996438,4
996439,1
996440,1
996441,5
996442,4
996443,1
996444,1
996445,4
996446,4
996447,4
996448,4
996449,5
996450,4
996451,5
996452,4
996453,5
996454,4
996455,4
996456,4
996457,4
996458,4
996459,4
996460,4
996461,4
996462,4
996463,5
996464,4
996465,4
996466,4
996467,4
996468,4
996469,4
996470,3
996471,4
996472,3
996473,4
996474,4
996475,4
996476,4
996477,4
996478,4
996479,1
996480,4
996481,1
996482,4
996483,4
996484,1
996485,4
996486,4
996487,4
996488,4
996489,4
996490,4
996491,4
996492,4
996493,4
996494,4
996495,4
996496,4
996497,4
996498,4
996499,4
996500,4
996501,4
996502,1
996503,1
996504,4
996505,4
996506,4
996507,1
996508,4
996509,4
996510,4
996511,5
996512,4
996513,1
996514,5
996515,5
996516,4
996517,4
996518,4
996519,4
996520,4
996521,5
996522,5
996523,1
996524,1
996525,1
996526,4
996527,5
996528,5
996529,4
996530,4
996531,4
996532,5
996533,4
996534,4
996535,4
996536,5
996537,5
996538,4
996539,4
996540,4
996541,5
996542,5
996543,1
996544,5
996545,4
996546,1
996547,4
996548,4
996549,4
996550,1
996551,4
996552,4
996553,5
996554,4
996555,4
996556,4
996557,4
996558,4
996559,4
996560,4
996561,4
996562,4
996563,4
996564,4
996565,1
996566,1
996567,4
996568,4
996569,4
996570,4
996571,4
996572,4
996573,4
996574,4
996575,4
996576,4
996577,4
996578,4
996579,1
996580,4
996581,4
996582,1
996583,4
996584,4
996585,4
996586,4
996587,4
996588,4
996589,4
996590,1
996591,4
996592,4
996593,5
996594,5
996595,4
996596,4
996597,4
996598,4
996599,4
996600,4
996601,4
996602,4
996603,4
996604,4
996605,4
996606,5
996607,4
996608,4
996609,4
996610,1
996611,4
996612,4
996613,4
996614,4
996615,4
996616,4
996617,4
996618,4
996619,4
996620,4
996621,4
996622,4
996623,1
996624,4
996625,4
996626,4
996627,1
996628,4
996629,4
996630,4
996631,4
996632,4
996633,4
996634,4
996635,4
996636,5
996637,1
996638,4
996639,4
996640,4
996641,4
996642,4
996643,4
996644,4
996645,1
996646,4
996647,1
996648,4
996649,4
996650,4
996651,4
996652,4
996653,4
996654,4
996655,4
996656,4
996657,4
996658,4
996659,4
996660,4
996661,4
996662,4
996663,4
996664,4
996665,4
996666,4
996667,4
996668,4
996669,4
996670,4
996671,4
996672,4
996673,4
996674,4
996675,4
996676,4
996677,4
996678,4
996679,4
996680,4
996681,4
996682,4
996683,4
996684,4
996685,4
996686,4
996687,4
996688,4
996689,5
996690,4
996691,4
996692,5
996693,4
996694,5
996695,4
996696,4
996697,4
996698,4
996699,4
996700,4
996701,3
996702,4
996703,4
996704,4
996705,1
996706,4
996707,5
996708,4
996709,3
996710,4
996711,4
996712,5
996713,3
996714,5
996715,4
996716,4
996717,4
996718,4
996719,4
996720,1
996721,4
996722,4
996723,5
996724,1
996725,5
996726,4
996727,5
996728,1
996729,4
996730,4
996731,4
996732,4
996733,4
996734,4
996735,4
996736,4
996737,4
996738,4
996739,4
996740,4
996741,4
996742,4
996743,4
996744,1
996745,1
996746,4
996747,1
996748,4
996749,4
996750,4
996751,4
996752,4
996753,4
996754,4
996755,4
996756,4
996757,4
996758,4
996759,4
996760,4
996761,4
996762,4
996763,1
996764,5
996765,5
996766,4
996767,4
996768,4
996769,4
996770,4
996771,4
996772,1
996773,4
996774,4
996775,4
996776,4
996777,4
996778,4
996779,4
996780,1
996781,4
996782,4
996783,4
996784,4
996785,4
996786,4
996787,4
996788,4
996789,1
996790,4
996791,4
996792,4
996793,4
996794,4
996795,4
996796,4
996797,4
996798,4
996799,4
996800,4
996801,4
996802,4
996803,4
996804,4
996805,1
996806,4
996807,4
996808,4
996809,4
996810,4
996811,4
996812,5
996813,4
996814,4
996815,4
996816,4
996817,4
996818,4
996819,4
996820,4
996821,1
996822,4
996823,4
996824,4
996825,5
996826,4
996827,4
996828,4
996829,4
996830,4
996831,4
996832,4
996833,1
996834,4
996835,4
996836,4
996837,4
996838,4
996839,4
996840,4
996841,4
996842,4
996843,4
996844,5
996845,5
996846,4
996847,5
996848,4
996849,4
996850,4
996851,4
996852,5
996853,4
996854,4
996855,4
996856,1
996857,4
996858,4
996859,4
996860,4
996861,5
996862,4
996863,4
996864,1
996865,4
996866,1
996867,4
996868,4
996869,4
996870,4
996871,4
996872,4
996873,4
996874,4
996875,1
996876,5
996877,4
996878,4
996879,4
996880,5
996881,4
996882,4
996883,5
996884,4
996885,4
996886,4
996887,5
996888,1
996889,4
996890,5
996891,4
996892,4
996893,4
996894,4
996895,5
996896,4
996897,4
996898,4
996899,4
996900,4
996901,4
996902,5
996903,5
996904,4
996905,4
996906,4
996907,4
996908,5
996909,5
996910,5
996911,4
996912,5
996913,4
996914,4
996915,5
996916,4
996917,4
996918,4
996919,4
996920,4
996921,4
996922,5
996923,4
996924,5
996925,1
996926,4
996927,4
996928,4
996929,4
996930,4
996931,4
996932,4
996933,1
996934,4
996935,4
996936,4
996937,4
996938,4
996939,4
996940,4
996941,4
996942,4
996943,4
996944,4
996945,4
996946,4
996947,4
996948,4
996949,4
996950,4
996951,4
996952,4
996953,4
996954,4
996955,5
996956,5
996957,4
996958,1
996959,4
996960,5
996961,4
996962,4
996963,4
996964,5
996965,4
996966,5
996967,4
996968,1
996969,5
996970,5
996971,4
996972,1
996973,4
996974,5
996975,5
996976,4
996977,1
996978,5
996979,4
996980,5
996981,1
996982,5
996983,4
996984,4
996985,4
996986,4
996987,5
996988,4
996989,4
996990,5
996991,4
996992,4
996993,5
996994,5
996995,5
996996,4
996997,4
996998,5
996999,4
997000,4
997001,4
997002,4
997003,5
997004,4
997005,5
997006,5
997007,4
997008,4
997009,4
997010,5
997011,5
997012,1
997013,4
997014,5
997015,4
997016,4
997017,5
997018,4
997019,1
997020,5
997021,5
997022,4
997023,4
997024,4
997025,5
997026,4
997027,4
997028,5
997029,5
997030,4
997031,4
997032,4
997033,5
997034,4
997035,5
997036,1
997037,5
997038,5
997039,4
997040,1
997041,4
997042,4
997043,4
997044,5
997045,4
997046,4
997047,1
997048,5
997049,5
997050,5
997051,4
997052,4
997053,5
997054,4
997055,1
997056,4
997057,5
997058,5
997059,4
997060,5
997061,1
997062,4
997063,4
997064,4
997065,4
997066,4
997067,4
997068,4
997069,4
997070,4
997071,4
997072,4
997073,4
997074,4
997075,4
997076,4
997077,4
997078,4
997079,4
997080,4
997081,4
997082,4
997083,4
997084,1
997085,4
997086,4
997087,1
997088,4
997089,4
997090,4
997091,4
997092,4
997093,4
997094,4
997095,4
997096,1
997097,4
997098,4
997099,4
997100,4
997101,4
997102,4
997103,4
997104,4
997105,4
997106,4
997107,4
997108,4
997109,4
997110,4
997111,4
997112,4
997113,4
997114,4
997115,4
997116,1
997117,4
997118,5
997119,4
997120,4
997121,4
997122,4
997123,4
997124,4
997125,4
997126,1
997127,4
997128,4
997129,1
997130,4
997131,4
997132,4
997133,4
997134,4
997135,4
997136,4
997137,4
997138,4
997139,4
997140,4
997141,4
997142,4
997143,4
997144,4
997145,4
997146,4
997147,5
997148,4
997149,4
997150,4
997151,1
997152,4
997153,4
997154,4
997155,4
997156,4
997157,4
997158,4
997159,4
997160,4
997161,1
997162,5
997163,4
997164,4
997165,4
997166,5
997167,4
997168,5
997169,4
997170,1
997171,4
997172,4
997173,4
997174,4
997175,4
997176,4
997177,4
997178,1
997179,4
997180,4
997181,4
997182,4
997183,4
997184,4
997185,4
997186,4
997187,4
997188,4
997189,4
997190,4
997191,4
997192,4
997193,4
997194,5
997195,4
997196,4
997197,5
997198,5
997199,4
997200,4
997201,5
997202,5
997203,1
997204,4
997205,4
997206,4
997207,4
997208,5
997209,5
997210,4
997211,4
997212,4
997213,4
997214,1
997215,5
997216,4
997217,4
997218,5
997219,4
997220,4
997221,4
997222,4
997223,4
997224,4
997225,4
997226,4
997227,4
997228,4
997229,4
997230,4
997231,4
997232,4
997233,4
997234,4
997235,1
997236,5
997237,4
997238,4
997239,4
997240,4
997241,4
997242,4
997243,4
997244,1
997245,1
997246,4
997247,4
997248,4
997249,4
997250,4
997251,5
997252,4
997253,4
997254,4
997255,4
997256,4
997257,4
997258,4
997259,4
997260,1
997261,5
997262,4
997263,5
997264,5
997265,4
997266,4
997267,4
997268,4
997269,4
997270,4
997271,4
997272,5
997273,4
997274,1
997275,4
997276,4
997277,4
997278,5
997279,4
997280,4
997281,4
997282,5
997283,1
997284,4
997285,4
997286,4
997287,4
997288,4
997289,5
997290,4
997291,1
997292,4
997293,4
997294,4
997295,4
997296,4
997297,4
997298,1
997299,1
997300,5
997301,1
997302,1
997303,4
997304,4
997305,4
997306,5
997307,1
997308,4
997309,1
997310,4
997311,4
997312,4
997313,4
997314,4
997315,4
997316,1
997317,4
997318,4
997319,4
997320,4
997321,4
997322,4
997323,1
997324,5
997325,4
997326,4
997327,4
997328,4
997329,5
997330,4
997331,4
997332,4
997333,4
997334,4
997335,4
997336,4
997337,4
997338,4
997339,4
997340,4
997341,4
997342,5
997343,5
997344,4
997345,4
997346,4
997347,1
997348,4
997349,4
997350,4
997351,4
997352,5
997353,5
997354,4
997355,4
997356,4
997357,4
997358,4
997359,4
997360,4
997361,4
997362,4
997363,4
997364,4
997365,5
997366,4
997367,4
997368,5
997369,4
997370,1
997371,4
997372,4
997373,4
997374,1
997375,4
997376,4
997377,4
997378,1
997379,4
997380,4
997381,4
997382,4
997383,4
997384,4
997385,4
997386,4
997387,1
997388,4
997389,4
997390,1
997391,4
997392,4
997393,5
997394,5
997395,4
997396,4
997397,4
997398,5
997399,4
997400,4
997401,5
997402,5
997403,4
997404,4
997405,4
997406,5
997407,4
997408,4
997409,4
997410,1
997411,1
997412,5
997413,4
997414,4
997415,4
997416,4
997417,4
997418,4
997419,5
997420,1
997421,4
997422,4
997423,4
997424,5
997425,5
997426,5
997427,4
997428,4
997429,1
997430,4
997431,4
997432,4
997433,4
997434,5
997435,4
997436,4
997437,1
997438,4
997439,4
997440,4
997441,4
997442,4
997443,4
997444,4
997445,4
997446,4
997447,1
997448,4
997449,4
997450,4
997451,4
997452,4
997453,4
997454,4
997455,4
997456,4
997457,4
997458,1
997459,4
997460,4
997461,4
997462,1
997463,4
997464,4
997465,4
997466,4
997467,4
997468,4
997469,4
997470,4
997471,4
997472,4
997473,4
997474,4
997475,1
997476,4
997477,4
997478,4
997479,4
997480,1
997481,4
997482,4
997483,4
997484,5
997485,4
997486,4
997487,4
997488,4
997489,4
997490,4
997491,4
997492,4
997493,4
997494,4
997495,4
997496,4
997497,4
997498,4
997499,4
997500,5
997501,4
997502,1
997503,4
997504,4
997505,5
997506,4
997507,4
997508,4
997509,4
997510,4
997511,4
997512,4
997513,4
997514,4
997515,4
997516,4
997517,4
997518,4
997519,4
997520,4
997521,4
997522,1
997523,4
997524,4
997525,4
997526,1
997527,4
997528,4
997529,4
997530,4
997531,4
997532,4
997533,4
997534,4
997535,4
997536,4
997537,4
997538,4
997539,4
997540,4
997541,4
997542,4
997543,4
997544,4
997545,1
997546,4
997547,4
997548,4
997549,4
997550,4
997551,4
997552,4
997553,4
997554,4
997555,4
997556,4
997557,4
997558,4
997559,4
997560,4
997561,4
997562,1
997563,4
997564,4
997565,4
997566,4
997567,4
997568,4
997569,4
997570,4
997571,1
997572,4
997573,4
997574,4
997575,4
997576,3
997577,4
997578,4
997579,4
997580,4
997581,4
997582,4
997583,4
997584,4
997585,4
997586,4
997587,1
997588,1
997589,4
997590,4
997591,4
997592,5
997593,1
997594,4
997595,4
997596,4
997597,4
997598,5
997599,4
997600,4
997601,4
997602,4
997603,4
997604,4
997605,4
997606,1
997607,4
997608,4
997609,4
997610,4
997611,4
997612,4
997613,4
997614,4
997615,4
997616,4
997617,4
997618,1
997619,4
997620,4
997621,4
997622,1
997623,4
997624,4
997625,4
997626,4
997627,4
997628,1
997629,4
997630,4
997631,4
997632,4
997633,4
997634,4
997635,4
997636,1
997637,4
997638,4
997639,4
997640,4
997641,4
997642,4
997643,4
997644,4
997645,4
997646,4
997647,4
997648,4
997649,1
997650,4
997651,4
997652,4
997653,4
997654,4
997655,4
997656,4
997657,4
997658,5
997659,5
997660,5
997661,4
997662,1
997663,1
997664,4
997665,4
997666,4
997667,4
997668,4
997669,5
997670,4
997671,4
997672,4
997673,5
997674,4
997675,4
997676,4
997677,4
997678,4
997679,5
997680,4
997681,4
997682,4
997683,4
997684,5
997685,4
997686,4
997687,4
997688,1
997689,5
997690,4
997691,4
997692,4
997693,4
997694,4
997695,1
997696,4
997697,4
997698,4
997699,4
997700,4
997701,4
997702,4
997703,4
997704,4
997705,4
997706,4
997707,4
997708,1
997709,4
997710,4
997711,4
997712,4
997713,4
997714,4
997715,4
997716,4
997717,4
997718,4
997719,4
997720,4
997721,4
997722,4
997723,4
997724,4
997725,1
997726,4
997727,1
997728,4
997729,4
997730,4
997731,4
997732,4
997733,4
997734,4
997735,4
997736,4
997737,4
997738,4
997739,4
997740,4
997741,4
997742,4
997743,1
997744,4
997745,1
997746,4
997747,4
997748,4
997749,4
997750,4
997751,4
997752,1
997753,1
997754,1
997755,1
997756,4
997757,4
997758,4
997759,4
997760,1
997761,1
997762,4
997763,1
997764,4
997765,4
997766,4
997767,4
997768,4
997769,4
997770,4
997771,4
997772,1
997773,4
997774,4
997775,4
997776,4
997777,4
997778,4
997779,4
997780,4
997781,4
997782,4
997783,4
997784,4
997785,4
997786,4
997787,4
997788,4
997789,4
997790,4
997791,1
997792,1
997793,4
997794,4
997795,3
997796,3
997797,1
997798,4
997799,3
997800,3
997801,3
997802,3
997803,3
997804,3
997805,3
997806,4
997807,5
997808,1
997809,3
997810,3
997811,4
997812,4
997813,4
997814,3
997815,3
997816,4
997817,3
997818,3
997819,3
997820,3
997821,3
997822,3
997823,3
997824,3
997825,3
997826,3
997827,4
997828,3
997829,1
997830,3
997831,3
997832,3
997833,4
997834,3
997835,3
997836,4
997837,4
997838,4
997839,4
997840,3
997841,1
997842,3
997843,1
997844,3
997845,3
997846,3
997847,3
997848,4
997849,4
997850,4
997851,3
997852,3
997853,3
997854,4
997855,3
997856,1
997857,4
997858,4
997859,3
997860,3
997861,3
997862,4
997863,5
997864,3
997865,4
997866,3
997867,3
997868,3
997869,4
997870,3
997871,3
997872,3
997873,4
997874,4
997875,1
997876,1
997877,3
997878,4
997879,4
997880,4
997881,3
997882,4
997883,4
997884,3
997885,1
997886,3
997887,3
997888,1
997889,4
997890,3
997891,4
997892,4
997893,3
997894,3
997895,1
997896,3
997897,4
997898,3
997899,3
997900,4
997901,4
997902,3
997903,4
997904,5
997905,4
997906,1
997907,4
997908,4
997909,4
997910,4
997911,4
997912,4
997913,4
997914,4
997915,4
997916,4
997917,1
997918,4
997919,4
997920,4
997921,4
997922,4
997923,4
997924,4
997925,4
997926,4
997927,4
997928,4
997929,4
997930,4
997931,4
997932,4
997933,5
997934,5
997935,1
997936,4
997937,4
997938,4
997939,4
997940,4
997941,5
997942,4
997943,4
997944,4
997945,4
997946,4
997947,4
997948,4
997949,5
997950,4
997951,4
997952,4
997953,4
997954,4
997955,1
997956,1
997957,4
997958,5
997959,4
997960,4
997961,4
997962,1
997963,4
997964,4
997965,4
997966,4
997967,4
997968,4
997969,4
997970,1
997971,4
997972,4
997973,1
997974,4
997975,4
997976,4
997977,4
997978,4
997979,4
997980,4
997981,4
997982,4
997983,4
997984,4
997985,5
997986,4
997987,4
997988,4
997989,4
997990,4
997991,4
997992,4
997993,5
997994,4
997995,4
997996,4
997997,1
997998,4
997999,4
998000,4
998001,4
998002,4
998003,4
998004,4
998005,4
998006,4
998007,4
998008,4
998009,4
998010,4
998011,4
998012,4
998013,4
998014,4
998015,4
998016,4
998017,4
998018,4
998019,4
998020,4
998021,5
998022,4
998023,1
998024,4
998025,4
998026,4
998027,4
998028,4
998029,4
998030,5
998031,4
998032,4
998033,4
998034,4
998035,4
998036,4
998037,4
998038,4
998039,4
998040,4
998041,4
998042,4
998043,4
998044,4
998045,1
998046,4
998047,4
998048,4
998049,4
998050,1
998051,4
998052,4
998053,4
998054,4
998055,4
998056,4
998057,4
998058,1
998059,4
998060,4
998061,4
998062,4
998063,1
998064,4
998065,4
998066,4
998067,4
998068,4
998069,1
998070,4
998071,1
998072,4
998073,4
998074,4
998075,4
998076,4
998077,4
998078,4
998079,4
998080,5
998081,5
998082,1
998083,4
998084,4
998085,4
998086,4
998087,4
998088,4
998089,4
998090,4
998091,4
998092,4
998093,4
998094,4
998095,4
998096,1
998097,4
998098,5
998099,4
998100,1
998101,4
998102,1
998103,5
998104,4
998105,4
998106,5
998107,4
998108,4
998109,4
998110,4
998111,4
998112,4
998113,4
998114,4
998115,1
998116,4
998117,4
998118,4
998119,5
998120,4
998121,4
998122,5
998123,4
998124,1
998125,5
998126,4
998127,4
998128,4
998129,4
998130,4
998131,5
998132,4
998133,4
998134,5
998135,4
998136,4
998137,4
998138,4
998139,1
998140,4
998141,4
998142,4
998143,4
998144,4
998145,4
998146,4
998147,4
998148,4
998149,4
998150,4
998151,4
998152,4
998153,4
998154,4
998155,4
998156,1
998157,4
998158,4
998159,4
998160,4
998161,4
998162,4
998163,4
998164,4
998165,4
998166,1
998167,4
998168,4
998169,4
998170,4
998171,4
998172,4
998173,4
998174,4
998175,4
998176,4
998177,4
998178,4
998179,5
998180,4
998181,4
998182,4
998183,4
998184,4
998185,4
998186,4
998187,4
998188,5
998189,5
998190,5
998191,4
998192,4
998193,5
998194,4
998195,4
998196,1
998197,4
998198,4
998199,5
998200,4
998201,4
998202,4
998203,4
998204,4
998205,4
998206,4
998207,4
998208,4
998209,4
998210,4
998211,4
998212,4
998213,4
998214,4
998215,4
998216,4
998217,4
998218,5
998219,4
998220,4
998221,4
998222,5
998223,4
998224,4
998225,4
998226,4
998227,1
998228,1
998229,4
998230,4
998231,4
998232,5
998233,4
998234,4
998235,4
998236,4
998237,4
998238,4
998239,4
998240,4
998241,4
998242,1
998243,4
998244,4
998245,4
998246,4
998247,4
998248,4
998249,4
998250,5
998251,4
998252,4
998253,5
998254,5
998255,4
998256,4
998257,4
998258,5
998259,4
998260,4
998261,4
998262,1
998263,5
998264,1
998265,5
998266,4
998267,4
998268,5
998269,4
998270,5
998271,5
998272,4
998273,5
998274,5
998275,4
998276,5
998277,4
998278,1
998279,4
998280,4
998281,4
998282,4
998283,5
998284,5
998285,4
998286,4
998287,5
998288,5
998289,4
998290,4
998291,4
998292,4
998293,4
998294,4
998295,4
998296,5
998297,5
998298,5
998299,5
998300,5
998301,5
998302,1
998303,5
998304,1
998305,1
998306,4
998307,4
998308,5
998309,1
998310,5
998311,5
998312,4
998313,4
998314,4
998315,4
998316,4
998317,4
998318,4
998319,1
998320,5
998321,1
998322,5
998323,5
998324,4
998325,5
998326,4
998327,4
998328,4
998329,4
998330,4
998331,4
998332,4
998333,4
998334,4
998335,5
998336,4
998337,1
998338,4
998339,5
998340,5
998341,4
998342,4
998343,4
998344,4
998345,4
998346,5
998347,4
998348,4
998349,4
998350,4
998351,4
998352,4
998353,4
998354,5
998355,4
998356,4
998357,4
998358,4
998359,4
998360,4
998361,4
998362,4
998363,4
998364,4
998365,4
998366,4
998367,1
998368,5
998369,4
998370,4
998371,1
998372,4
998373,4
998374,4
998375,4
998376,1
998377,4
998378,4
998379,4
998380,4
998381,4
998382,4
998383,4
998384,4
998385,4
998386,4
998387,4
998388,4
998389,4
998390,4
998391,4
998392,4
998393,4
998394,4
998395,4
998396,4
998397,4
998398,4
998399,4
998400,4
998401,4
998402,4
998403,4
998404,4
998405,1
998406,4
998407,4
998408,4
998409,4
998410,4
998411,1
998412,4
998413,4
998414,4
998415,4
998416,4
998417,4
998418,4
998419,4
998420,1
998421,4
998422,4
998423,4
998424,4
998425,4
998426,4
998427,4
998428,4
998429,4
998430,4
998431,5
998432,4
998433,4
998434,4
998435,5
998436,1
998437,4
998438,4
998439,4
998440,4
998441,1
998442,4
998443,4
998444,4
998445,4
998446,4
998447,4
998448,4
998449,4
998450,4
998451,4
998452,4
998453,4
998454,4
998455,4
998456,1
998457,4
998458,4
998459,4
998460,4
998461,4
998462,4
998463,4
998464,4
998465,1
998466,4
998467,1
998468,4
998469,4
998470,5
998471,4
998472,4
998473,4
998474,4
998475,5
998476,4
998477,4
998478,1
998479,4
998480,4
998481,4
998482,4
998483,4
998484,4
998485,4
998486,4
998487,5
998488,4
998489,4
998490,4
998491,4
998492,4
998493,4
998494,4
998495,4
998496,1
998497,4
998498,4
998499,4
998500,4
998501,4
998502,4
998503,4
998504,4
998505,5
998506,4
998507,4
998508,4
998509,4
998510,1
998511,4
998512,4
998513,4
998514,4
998515,4
998516,4
998517,4
998518,4
998519,4
998520,4
998521,4
998522,4
998523,4
998524,4
998525,1
998526,4
998527,1
998528,4
998529,4
998530,4
998531,4
998532,4
998533,4
998534,5
998535,4
998536,4
998537,4
998538,4
998539,4
998540,4
998541,5
998542,4
998543,4
998544,4
998545,1
998546,4
998547,4
998548,4
998549,4
998550,5
998551,4
998552,4
998553,4
998554,4
998555,4
998556,4
998557,5
998558,4
998559,4
998560,4
998561,4
998562,4
998563,4
998564,4
998565,4
998566,4
998567,4
998568,4
998569,4
998570,5
998571,5
998572,4
998573,5
998574,4
998575,4
998576,4
998577,4
998578,4
998579,4
998580,4
998581,4
998582,4
998583,4
998584,4
998585,4
998586,4
998587,4
998588,4
998589,4
998590,4
998591,1
998592,4
998593,4
998594,4
998595,4
998596,4
998597,4
998598,4
998599,4
998600,4
998601,4
998602,1
998603,1
998604,4
998605,4
998606,4
998607,4
998608,4
998609,4
998610,4
998611,4
998612,5
998613,4
998614,1
998615,4
998616,4
998617,4
998618,4
998619,4
998620,4
998621,5
998622,4
998623,5
998624,4
998625,4
998626,4
998627,4
998628,4
998629,4
998630,4
998631,4
998632,4
998633,4
998634,4
998635,1
998636,5
998637,4
998638,1
998639,4
998640,4
998641,1
998642,4
998643,5
998644,4
998645,4
998646,4
998647,4
998648,4
998649,1
998650,4
998651,5
998652,4
998653,1
998654,1
998655,4
998656,4
998657,5
998658,4
998659,4
998660,1
998661,5
998662,4
998663,4
998664,4
998665,3
998666,4
998667,4
998668,4
998669,5
998670,4
998671,1
998672,4
998673,4
998674,4
998675,4
998676,4
998677,4
998678,1
998679,4
998680,1
998681,4
998682,1
998683,4
998684,4
998685,5
998686,3
998687,4
998688,4
998689,4
998690,5
998691,4
998692,1
998693,4
998694,4
998695,4
998696,4
998697,1
998698,5
998699,4
998700,4
998701,4
998702,4
998703,4
998704,4
998705,4
998706,4
998707,1
998708,4
998709,4
998710,4
998711,4
998712,4
998713,4
998714,4
998715,4
998716,4
998717,4
998718,4
998719,3
998720,4
998721,1
998722,3
998723,4
998724,4
998725,4
998726,4
998727,1
998728,4
998729,4
998730,4
998731,4
998732,5
998733,4
998734,4
998735,5
998736,4
998737,4
998738,4
998739,4
998740,4
998741,4
998742,1
998743,4
998744,4
998745,5
998746,4
998747,5
998748,4
998749,1
998750,4
998751,4
998752,1
998753,4
998754,4
998755,1
998756,4
998757,4
998758,4
998759,4
998760,4
998761,4
998762,4
998763,4
998764,4
998765,4
998766,4
998767,4
998768,4
998769,4
998770,4
998771,4
998772,1
998773,4
998774,4
998775,4
998776,4
998777,4
998778,4
998779,4
998780,4
998781,4
998782,4
998783,4
998784,4
998785,1
998786,4
998787,5
998788,4
998789,4
998790,5
998791,4
998792,1
998793,4
998794,4
998795,4
998796,4
998797,4
998798,4
998799,4
998800,4
998801,1
998802,4
998803,4
998804,4
998805,4
998806,1
998807,5
998808,4
998809,4
998810,4
998811,1
998812,4
998813,4
998814,1
998815,4
998816,4
998817,4
998818,1
998819,4
998820,4
998821,4
998822,5
998823,5
998824,4
998825,1
998826,1
998827,4
998828,5
998829,4
998830,4
998831,4
998832,4
998833,4
998834,4
998835,4
998836,4
998837,4
998838,4
998839,5
998840,4
998841,4
998842,5
998843,4
998844,1
998845,4
998846,4
998847,4
998848,4
998849,4
998850,4
998851,4
998852,4
998853,4
998854,4
998855,4
998856,4
998857,1
998858,4
998859,4
998860,4
998861,4
998862,4
998863,4
998864,4
998865,1
998866,4
998867,4
998868,4
998869,4
998870,4
998871,4
998872,1
998873,4
998874,4
998875,4
998876,4
998877,4
998878,4
998879,4
998880,4
998881,4
998882,4
998883,4
998884,4
998885,1
998886,4
998887,4
998888,4
998889,4
998890,4
998891,1
998892,4
998893,4
998894,4
998895,4
998896,4
998897,4
998898,4
998899,4
998900,4
998901,4
998902,4
998903,1
998904,4
998905,4
998906,4
998907,4
998908,5
998909,4
998910,5
998911,4
998912,4
998913,4
998914,4
998915,4
998916,1
998917,4
998918,4
998919,4
998920,1
998921,4
998922,4
998923,4
998924,4
998925,5
998926,4
998927,1
998928,4
998929,4
998930,4
998931,4
998932,4
998933,4
998934,4
998935,1
998936,4
998937,4
998938,4
998939,4
998940,4
998941,4
998942,4
998943,4
998944,4
998945,5
998946,4
998947,1
998948,5
998949,4
998950,4
998951,4
998952,4
998953,4
998954,4
998955,4
998956,4
998957,5
998958,5
998959,4
998960,4
998961,1
998962,4
998963,1
998964,1
998965,4
998966,1
998967,5
998968,4
998969,4
998970,4
998971,5
998972,4
998973,4
998974,5
998975,4
998976,4
998977,4
998978,4
998979,4
998980,5
998981,1
998982,1
998983,4
998984,4
998985,4
998986,4
998987,4
998988,4
998989,4
998990,1
998991,4
998992,4
998993,1
998994,1
998995,4
998996,1
998997,4
998998,4
998999,4
999000,4
999001,4
999002,4
999003,4
999004,4
999005,4
999006,5
999007,1
999008,5
999009,4
999010,4
999011,4
999012,4
999013,4
999014,4
999015,5
999016,4
999017,4
999018,4
999019,5
999020,4
999021,4
999022,5
999023,4
999024,4
999025,1
999026,4
999027,4
999028,4
999029,4
999030,5
999031,4
999032,4
999033,4
999034,4
999035,4
999036,4
999037,4
999038,4
999039,4
999040,4
999041,5
999042,4
999043,1
999044,4
999045,5
999046,4
999047,4
999048,4
999049,4
999050,1
999051,5
999052,4
999053,4
999054,4
999055,4
999056,4
999057,4
999058,4
999059,4
999060,4
999061,4
999062,4
999063,4
999064,1
999065,4
999066,4
999067,5
999068,3
999069,3
999070,4
999071,3
999072,3
999073,3
999074,3
999075,4
999076,4
999077,3
999078,1
999079,4
999080,3
999081,3
999082,4
999083,4
999084,1
999085,4
999086,5
999087,4
999088,4
999089,4
999090,5
999091,4
999092,4
999093,4
999094,4
999095,4
999096,4
999097,5
999098,4
999099,4
999100,1
999101,4
999102,4
999103,4
999104,4
999105,4
999106,4
999107,1
999108,4
999109,1
999110,4
999111,1
999112,4
999113,4
999114,4
999115,4
999116,4
999117,4
999118,4
999119,4
999120,4
999121,4
999122,4
999123,4
999124,4
999125,4
999126,4
999127,4
999128,4
999129,4
999130,4
999131,4
999132,4
999133,4
999134,4
999135,5
999136,4
999137,4
999138,4
999139,4
999140,4
999141,4
999142,1
999143,4
999144,4
999145,4
999146,4
999147,4
999148,4
999149,4
999150,4
999151,5
999152,4
999153,3
999154,4
999155,3
999156,4
999157,4
999158,1
999159,4
999160,4
999161,3
999162,4
999163,4
999164,4
999165,4
999166,4
999167,4
999168,4
999169,3
999170,4
999171,4
999172,4
999173,4
999174,4
999175,4
999176,1
999177,1
999178,4
999179,4
999180,4
999181,4
999182,4
999183,4
999184,4
999185,4
999186,4
999187,4
999188,4
999189,4
999190,4
999191,4
999192,4
999193,4
999194,4
999195,4
999196,1
999197,4
999198,4
999199,4
999200,4
999201,5
999202,4
999203,4
999204,4
999205,4
999206,4
999207,1
999208,4
999209,4
999210,4
999211,4
999212,4
999213,4
999214,4
999215,4
999216,4
999217,4
999218,1
999219,4
999220,4
999221,4
999222,4
999223,4
999224,4
999225,4
999226,4
999227,1
999228,4
999229,4
999230,1
999231,4
999232,4
999233,4
999234,4
999235,4
999236,4
999237,1
999238,4
999239,1
999240,4
999241,5
999242,1
999243,4
999244,4
999245,4
999246,4
999247,4
999248,4
999249,4
999250,4
999251,4
999252,1
999253,4
999254,4
999255,1
999256,4
999257,4
999258,4
999259,4
999260,4
999261,1
999262,4
999263,4
999264,4
999265,1
999266,5
999267,4
999268,4
999269,1
999270,4
999271,4
999272,1
999273,4
999274,4
999275,4
999276,5
999277,4
999278,4
999279,4
999280,4
999281,1
999282,4
999283,1
999284,4
999285,4
999286,1
999287,4
999288,4
999289,4
999290,4
999291,1
999292,1
999293,4
999294,4
999295,4
999296,1
999297,4
999298,4
999299,4
999300,4
999301,4
999302,1
999303,4
999304,1
999305,4
999306,4
999307,5
999308,4
999309,1
999310,1
999311,4
999312,4
999313,1
999314,4
999315,4
999316,4
999317,4
999318,4
999319,4
999320,4
999321,4
999322,4
999323,5
999324,4
999325,4
999326,4
999327,4
999328,1
999329,4
999330,4
999331,4
999332,4
999333,4
999334,4
999335,5
999336,4
999337,5
999338,5
999339,5
999340,4
999341,5
999342,4
999343,4
999344,4
999345,1
999346,4
999347,1
999348,1
999349,4
999350,1
999351,4
999352,4
999353,4
999354,4
999355,5
999356,1
999357,4
999358,1
999359,4
999360,4
999361,5
999362,5
999363,5
999364,4
999365,4
999366,4
999367,4
999368,4
999369,4
999370,4
999371,4
999372,4
999373,1
999374,4
999375,5
999376,4
999377,4
999378,4
999379,4
999380,1
999381,5
999382,4
999383,4
999384,4
999385,4
999386,1
999387,4
999388,4
999389,5
999390,4
999391,4
999392,4
999393,4
999394,4
999395,1
999396,4
999397,4
999398,4
999399,4
999400,4
999401,4
999402,4
999403,4
999404,5
999405,1
999406,5
999407,4
999408,4
999409,4
999410,5
999411,4
999412,5
999413,4
999414,4
999415,4
999416,4
999417,4
999418,1
999419,4
999420,1
999421,4
999422,4
999423,4
999424,4
999425,4
999426,5
999427,5
999428,4
999429,4
999430,4
999431,4
999432,4
999433,4
999434,4
999435,4
999436,4
999437,5
999438,4
999439,4
999440,5
999441,4
999442,5
999443,4
999444,4
999445,4
999446,4
999447,1
999448,4
999449,5
999450,5
999451,4
999452,4
999453,4
999454,4
999455,1
999456,4
999457,5
999458,4
999459,1
999460,4
999461,4
999462,4
999463,4
999464,1
999465,4
999466,4
999467,1
999468,5
999469,5
999470,1
999471,4
999472,4
999473,4
999474,4
999475,4
999476,1
999477,4
999478,4
999479,4
999480,5
999481,4
999482,4
999483,4
999484,5
999485,1
999486,4
999487,1
999488,5
999489,4
999490,4
999491,4
999492,5
999493,1
999494,4
999495,1
999496,4
999497,4
999498,4
999499,4
999500,4
999501,4
999502,4
999503,5
999504,4
999505,4
999506,4
999507,4
999508,4
999509,4
999510,4
999511,4
999512,4
999513,4
999514,4
999515,4
999516,4
999517,4
999518,4
999519,4
999520,4
999521,4
999522,4
999523,4
999524,4
999525,4
999526,4
999527,5
999528,4
999529,4
999530,4
999531,4
999532,1
999533,4
999534,4
999535,4
999536,4
999537,1
999538,4
999539,5
999540,4
999541,4
999542,4
999543,4
999544,4
999545,1
999546,4
999547,4
999548,4
999549,1
999550,4
999551,4
999552,4
999553,4
999554,4
999555,4
999556,4
999557,4
999558,4
999559,4
999560,4
999561,4
999562,5
999563,4
999564,4
999565,4
999566,4
999567,5
999568,4
999569,4
999570,4
999571,4
999572,4
999573,4
999574,4
999575,4
999576,4
999577,4
999578,4
999579,4
999580,1
999581,4
999582,4
999583,4
999584,1
999585,3
999586,4
999587,4
999588,5
999589,5
999590,1
999591,5
999592,5
999593,5
999594,5
999595,4
999596,4
999597,4
999598,4
999599,4
999600,4
999601,4
999602,4
999603,4
999604,4
999605,4
999606,4
999607,5
999608,4
999609,4
999610,4
999611,4
999612,4
999613,4
999614,4
999615,4
999616,4
999617,4
999618,4
999619,4
999620,4
999621,4
999622,4
999623,4
999624,4
999625,4
999626,4
999627,4
999628,4
999629,4
999630,4
999631,4
999632,4
999633,4
999634,1
999635,1
999636,4
999637,4
999638,4
999639,4
999640,4
999641,4
999642,4
999643,4
999644,4
999645,4
999646,4
999647,4
999648,4
999649,4
999650,4
999651,4
999652,4
999653,4
999654,4
999655,4
999656,4
999657,4
999658,4
999659,4
999660,4
999661,4
999662,4
999663,4
999664,4
999665,4
999666,4
999667,4
999668,4
999669,4
999670,4
999671,1
999672,4
999673,4
999674,4
999675,4
999676,4
999677,4
999678,4
999679,3
999680,1
999681,4
999682,4
999683,3
999684,4
999685,4
999686,4
999687,4
999688,1
999689,4
999690,4
999691,3
999692,4
999693,1
999694,4
999695,4
999696,4
999697,4
999698,4
999699,4
999700,3
999701,4
999702,4
999703,4
999704,4
999705,4
999706,4
999707,4
999708,4
999709,4
999710,4
999711,4
999712,1
999713,4
999714,1
999715,4
999716,1
999717,4
999718,4
999719,3
999720,4
999721,3
999722,4
999723,1
999724,4
999725,4
999726,4
999727,4
999728,4
999729,3
999730,4
999731,4
999732,4
999733,4
999734,4
999735,4
999736,4
999737,4
999738,4
999739,4
999740,4
999741,4
999742,4
999743,4
999744,5
999745,5
999746,5
999747,4
999748,5
999749,4
999750,4
999751,4
999752,4
999753,4
999754,4
999755,4
999756,4
999757,4
999758,4
999759,4
999760,4
999761,4
999762,4
999763,4
999764,4
999765,4
999766,4
999767,4
999768,4
999769,4
999770,4
999771,4
999772,4
999773,5
999774,4
999775,4
999776,4
999777,4
999778,1
999779,1
999780,4
999781,4
999782,4
999783,4
999784,4
999785,4
999786,4
999787,4
999788,4
999789,4
999790,4
999791,4
999792,4
999793,4
999794,1
999795,4
999796,4
999797,4
999798,4
999799,4
999800,4
999801,4
999802,4
999803,4
999804,4
999805,4
999806,4
999807,4
999808,4
999809,4
999810,4
999811,4
999812,4
999813,4
999814,4
999815,4
999816,4
999817,4
999818,5
999819,5
999820,4
999821,4
999822,4
999823,5
999824,4
999825,4
999826,4
999827,4
999828,1
999829,4
999830,5
999831,4
999832,4
999833,1
999834,4
999835,1
999836,4
999837,4
999838,5
999839,5
999840,4
999841,4
999842,4
999843,4
999844,4
999845,4
999846,4
999847,4
999848,1
999849,1
999850,4
999851,4
999852,4
999853,4
999854,1
999855,4
999856,4
999857,4
999858,4
999859,4
999860,1
999861,4
999862,4
999863,4
999864,1
999865,1
999866,1
999867,4
999868,4
999869,4
999870,4
999871,1
999872,4
999873,4
999874,4
999875,4
999876,4
999877,1
999878,4
999879,4
999880,4
999881,4
999882,4
999883,4
999884,1
999885,4
999886,4
999887,4
999888,4
999889,4
999890,4
999891,4
999892,4
999893,4
999894,4
999895,4
999896,4
999897,4
999898,4
999899,4
999900,4
999901,4
999902,4
999903,4
999904,4
999905,4
999906,4
999907,4
999908,1
999909,4
999910,5
999911,4
999912,4
999913,4
999914,4
999915,4
999916,4
999917,4
999918,4
999919,4
999920,4
999921,4
999922,4
999923,4
999924,4
999925,4
999926,4
999927,1
999928,4
999929,4
999930,4
999931,4
999932,4
999933,1
999934,1
999935,1
999936,4
999937,5
999938,4
999939,5
999940,1
999941,4
999942,4
999943,4
999944,4
999945,4
999946,4
999947,4
999948,4
999949,5
999950,4
999951,4
999952,4
999953,5
999954,4
999955,4
999956,4
999957,4
999958,4
999959,5
999960,5
999961,4
999962,4
999963,4
999964,4
999965,4
999966,4
999967,4
999968,4
999969,4
999970,4
999971,4
999972,4
999973,4
999974,4
999975,4
999976,4
999977,4
999978,4
999979,4
999980,4
999981,4
999982,4
999983,4
999984,4
999985,4
999986,4
999987,4
999988,4
999989,4
999990,4
999991,4
999992,4
999993,4
999994,4
999995,4
999996,4
999997,4
999998,4
999999,4
1000000,4
1000001,1
1000002,4
1000003,4
1000004,4
1000005,4
1000006,4
1000007,4
1000008,5
1000009,4
1000010,4
1000011,4
1000012,4
1000013,4
1000014,4
1000015,4
1000016,4
1000017,4
1000018,5
1000019,4
1000020,4
1000021,5
1000022,5
1000023,4
1000024,1
1000025,4
1000026,4
1000027,4
1000028,4
1000029,4
1000030,4
1000031,4
1000032,4
1000033,4
1000034,4
1000035,4
1000036,4
1000037,4
1000038,4
1000039,5
1000040,1
1000041,4
1000042,5
1000043,4
1000044,4
1000045,4
1000046,5
1000047,4
1000048,4
1000049,5
1000050,4
1000051,4
1000052,1
1000053,4
1000054,5
1000055,4
1000056,4
1000057,1
1000058,1
1000059,4
1000060,1
1000061,4
1000062,4
1000063,4
1000064,1
1000065,4
1000066,4
1000067,1
1000068,4
1000069,4
1000070,4
1000071,4
1000072,5
1000073,4
1000074,4
1000075,4
1000076,5
1000077,4
1000078,1
1000079,4
1000080,4
1000081,4
1000082,4
1000083,4
1000084,4
1000085,4
1000086,4
1000087,5
1000088,4
1000089,5
1000090,4
1000091,4
1000092,4
1000093,5
1000094,1
1000095,4
1000096,4
1000097,4
1000098,4
1000099,4
1000100,5
1000101,5
1000102,4
1000103,1
1000104,5
1000105,4
1000106,1
1000107,4
1000108,4
1000109,4
1000110,5
1000111,4
1000112,1
1000113,5
1000114,4
1000115,5
1000116,4
1000117,4
1000118,4
1000119,4
1000120,5
1000121,5
1000122,4
1000123,4
1000124,5
1000125,4
1000126,5
1000127,5
1000128,1
1000129,4
1000130,4
1000131,5
1000132,5
1000133,4
1000134,5
1000135,4
1000136,5
1000137,4
1000138,4
1000139,5
1000140,4
1000141,4
1000142,4
1000143,4
1000144,5
1000145,4
1000146,4
1000147,4
1000148,4
1000149,4
1000150,4
1000151,1
1000152,4
1000153,1
1000154,5
1000155,4
1000156,4
1000157,4
1000158,4
1000159,4
1000160,4
1000161,4
1000162,4
1000163,4
1000164,4
1000165,1
1000166,4
1000167,4
1000168,4
1000169,4
1000170,4
1000171,5
1000172,5
1000173,4
1000174,4
1000175,4
1000176,4
1000177,5
1000178,4
1000179,4
1000180,4
1000181,4
1000182,4
1000183,4
1000184,4
1000185,4
1000186,4
1000187,1
1000188,4
1000189,1
1000190,4
1000191,4
1000192,4
1000193,4
1000194,4
1000195,5
1000196,4
1000197,4
1000198,4
1000199,4
1000200,4
1000201,4
1000202,1
1000203,4
1000204,1
1000205,4
1000206,1
1000207,4
1000208,4
