940553,4
940554,4
940555,4
940556,5
940557,5
940558,4
940559,4
940560,5
940561,4
940562,4
940563,4
940564,4
940565,4
940566,1
940567,4
940568,4
940569,4
940570,4
940571,4
940572,4
940573,1
940574,4
940575,5
940576,4
940577,4
940578,4
940579,4
940580,4
940581,4
940582,5
940583,4
940584,4
940585,1
940586,4
940587,1
940588,1
940589,4
940590,4
940591,4
940592,4
940593,4
940594,4
940595,4
940596,4
940597,4
940598,5
940599,4
940600,5
940601,1
940602,4
940603,4
940604,5
940605,4
940606,4
940607,4
940608,4
940609,4
940610,4
940611,4
940612,4
940613,4
940614,1
940615,4
940616,4
940617,4
940618,4
940619,4
940620,4
940621,4
940622,5
940623,5
940624,4
940625,4
940626,4
940627,4
940628,4
940629,4
940630,4
940631,4
940632,4
940633,4
940634,5
940635,4
940636,1
940637,4
940638,4
940639,4
940640,1
940641,4
940642,4
940643,4
940644,4
940645,4
940646,4
940647,4
940648,4
940649,4
940650,4
940651,1
940652,4
940653,4
940654,4
940655,4
940656,1
940657,4
940658,4
940659,1
940660,4
940661,4
940662,4
940663,4
940664,4
940665,1
940666,4
940667,1
940668,4
940669,4
940670,4
940671,4
940672,4
940673,4
940674,4
940675,4
940676,4
940677,4
940678,4
940679,4
940680,1
940681,4
940682,4
940683,4
940684,4
940685,4
940686,4
940687,4
940688,1
940689,4
940690,4
940691,4
940692,4
940693,4
940694,4
940695,4
940696,4
940697,4
940698,4
940699,1
940700,4
940701,4
940702,1
940703,4
940704,4
940705,4
940706,4
940707,1
940708,4
940709,1
940710,4
940711,4
940712,4
940713,4
940714,1
940715,4
940716,4
940717,1
940718,4
940719,4
940720,4
940721,4
940722,4
940723,4
940724,4
940725,4
940726,4
940727,4
940728,5
940729,4
940730,4
940731,4
940732,4
940733,4
940734,4
940735,4
940736,1
940737,4
940738,4
940739,4
940740,4
940741,4
940742,1
940743,4
940744,4
940745,4
940746,1
940747,4
940748,4
940749,4
940750,4
940751,4
940752,1
940753,4
940754,4
940755,4
940756,4
940757,4
940758,4
940759,4
940760,4
940761,1
940762,4
940763,4
940764,4
940765,4
940766,4
940767,4
940768,4
940769,4
940770,4
940771,4
940772,4
940773,4
940774,4
940775,4
940776,4
940777,4
940778,1
940779,1
940780,4
940781,4
940782,4
940783,4
940784,4
940785,4
940786,4
940787,4
940788,1
940789,4
940790,4
940791,4
940792,1
940793,4
940794,4
940795,4
940796,4
940797,4
940798,4
940799,4
940800,5
940801,4
940802,4
940803,4
940804,1
940805,4
940806,4
940807,4
940808,4
940809,4
940810,4
940811,4
940812,1
940813,4
940814,4
940815,4
940816,4
940817,4
940818,4
940819,4
940820,4
940821,5
940822,4
940823,4
940824,1
940825,4
940826,4
940827,4
940828,4
940829,4
940830,4
940831,5
940832,4
940833,4
940834,4
940835,4
940836,4
940837,4
940838,1
940839,4
940840,4
940841,4
940842,1
940843,4
940844,4
940845,4
940846,4
940847,4
940848,4
940849,4
940850,4
940851,4
940852,4
940853,4
940854,4
940855,1
940856,4
940857,4
940858,4
940859,5
940860,5
940861,4
940862,1
940863,4
940864,4
940865,4
940866,1
940867,1
940868,4
940869,4
940870,4
940871,4
940872,4
940873,4
940874,4
940875,1
940876,4
940877,4
940878,5
940879,4
940880,4
940881,4
940882,4
940883,4
940884,3
940885,4
940886,1
940887,4
940888,4
940889,4
940890,4
940891,4
940892,4
940893,4
940894,1
940895,5
940896,1
940897,4
940898,4
940899,4
940900,4
940901,4
940902,4
940903,4
940904,1
940905,4
940906,4
940907,1
940908,4
940909,5
940910,5
940911,1
940912,4
940913,4
940914,4
940915,4
940916,4
940917,4
940918,5
940919,4
940920,4
940921,5
940922,4
940923,5
940924,4
940925,5
940926,4
940927,4
940928,5
940929,5
940930,4
940931,4
940932,4
940933,5
940934,4
940935,4
940936,4
940937,4
940938,4
940939,5
940940,4
940941,5
940942,4
940943,5
940944,1
940945,4
940946,4
940947,4
940948,4
940949,4
940950,4
940951,4
940952,1
940953,4
940954,4
940955,4
940956,1
940957,4
940958,4
940959,1
940960,1
940961,4
940962,4
940963,4
940964,4
940965,4
940966,4
940967,4
940968,4
940969,4
940970,4
940971,4
940972,4
940973,5
940974,1
940975,4
940976,5
940977,5
940978,4
940979,4
940980,4
940981,4
940982,5
940983,5
940984,1
940985,4
940986,4
940987,4
940988,4
940989,5
940990,1
940991,4
940992,4
940993,1
940994,4
940995,4
940996,4
940997,4
940998,1
940999,4
941000,4
941001,4
941002,4
941003,1
941004,4
941005,4
941006,4
941007,4
941008,1
941009,4
941010,4
941011,4
941012,4
941013,4
941014,5
941015,4
941016,1
941017,4
941018,4
941019,5
941020,5
941021,4
941022,4
941023,4
941024,4
941025,4
941026,4
941027,4
941028,1
941029,4
941030,4
941031,4
941032,4
941033,4
941034,4
941035,4
941036,4
941037,1
941038,4
941039,4
941040,4
941041,4
941042,1
941043,4
941044,4
941045,3
941046,4
941047,3
941048,1
941049,4
941050,4
941051,4
941052,4
941053,4
941054,4
941055,4
941056,4
941057,4
941058,5
941059,4
941060,4
941061,5
941062,1
941063,4
941064,4
941065,4
941066,1
941067,4
941068,5
941069,4
941070,4
941071,4
941072,4
941073,1
941074,4
941075,4
941076,4
941077,5
941078,4
941079,4
941080,4
941081,4
941082,4
941083,4
941084,4
941085,4
941086,4
941087,4
941088,4
941089,3
941090,4
941091,4
941092,4
941093,4
941094,4
941095,4
941096,1
941097,4
941098,4
941099,4
941100,4
941101,4
941102,5
941103,4
941104,5
941105,4
941106,5
941107,4
941108,4
941109,4
941110,4
941111,1
941112,4
941113,4
941114,4
941115,4
941116,1
941117,4
941118,4
941119,4
941120,4
941121,4
941122,1
941123,4
941124,1
941125,1
941126,1
941127,4
941128,3
941129,4
941130,4
941131,1
941132,4
941133,4
941134,1
941135,4
941136,1
941137,4
941138,1
941139,4
941140,4
941141,4
941142,1
941143,4
941144,4
941145,4
941146,1
941147,4
941148,4
941149,4
941150,4
941151,1
941152,4
941153,5
941154,4
941155,4
941156,4
941157,1
941158,4
941159,4
941160,5
941161,4
941162,4
941163,4
941164,4
941165,1
941166,4
941167,4
941168,4
941169,4
941170,1
941171,4
941172,4
941173,4
941174,4
941175,4
941176,4
941177,4
941178,4
941179,4
941180,4
941181,1
941182,1
941183,4
941184,1
941185,4
941186,3
941187,4
941188,1
941189,1
941190,4
941191,4
941192,4
941193,4
941194,4
941195,4
941196,4
941197,4
941198,4
941199,4
941200,4
941201,4
941202,4
941203,4
941204,4
941205,4
941206,4
941207,4
941208,4
941209,1
941210,4
941211,5
941212,4
941213,5
941214,4
941215,1
941216,4
941217,4
941218,4
941219,4
941220,4
941221,4
941222,4
941223,4
941224,4
941225,4
941226,4
941227,1
941228,1
941229,4
941230,4
941231,4
941232,4
941233,4
941234,4
941235,4
941236,4
941237,4
941238,5
941239,4
941240,4
941241,4
941242,4
941243,1
941244,4
941245,4
941246,4
941247,4
941248,4
941249,4
941250,4
941251,4
941252,4
941253,1
941254,4
941255,4
941256,1
941257,4
941258,1
941259,4
941260,4
941261,4
941262,1
941263,4
941264,1
941265,4
941266,4
941267,4
941268,4
941269,4
941270,4
941271,4
941272,5
941273,4
941274,4
941275,4
941276,4
941277,4
941278,4
941279,4
941280,4
941281,4
941282,4
941283,4
941284,4
941285,4
941286,1
941287,4
941288,4
941289,4
941290,4
941291,4
941292,1
941293,4
941294,4
941295,4
941296,4
941297,4
941298,4
941299,1
941300,1
941301,4
941302,4
941303,4
941304,4
941305,4
941306,4
941307,4
941308,4
941309,4
941310,5
941311,4
941312,4
941313,4
941314,4
941315,4
941316,4
941317,4
941318,4
941319,5
941320,4
941321,4
941322,4
941323,5
941324,3
941325,1
941326,5
941327,4
941328,4
941329,4
941330,4
941331,4
941332,4
941333,5
941334,4
941335,4
941336,4
941337,4
941338,4
941339,4
941340,5
941341,4
941342,4
941343,4
941344,4
941345,4
941346,1
941347,4
941348,1
941349,4
941350,4
941351,4
941352,4
941353,4
941354,1
941355,4
941356,4
941357,4
941358,4
941359,5
941360,4
941361,4
941362,4
941363,4
941364,4
941365,4
941366,4
941367,4
941368,4
941369,4
941370,4
941371,4
941372,4
941373,4
941374,4
941375,4
941376,4
941377,4
941378,4
941379,4
941380,4
941381,1
941382,3
941383,4
941384,4
941385,4
941386,1
941387,4
941388,1
941389,4
941390,4
941391,4
941392,4
941393,4
941394,1
941395,4
941396,5
941397,4
941398,4
941399,4
941400,4
941401,4
941402,4
941403,4
941404,4
941405,4
941406,4
941407,4
941408,1
941409,4
941410,4
941411,4
941412,4
941413,4
941414,4
941415,4
941416,1
941417,4
941418,5
941419,4
941420,4
941421,4
941422,4
941423,4
941424,4
941425,4
941426,4
941427,4
941428,4
941429,4
941430,4
941431,4
941432,4
941433,4
941434,4
941435,4
941436,4
941437,1
941438,4
941439,4
941440,4
941441,1
941442,4
941443,4
941444,4
941445,4
941446,4
941447,1
941448,1
941449,4
941450,4
941451,4
941452,4
941453,4
941454,4
941455,4
941456,4
941457,4
941458,4
941459,4
941460,4
941461,4
941462,1
941463,1
941464,4
941465,4
941466,4
941467,1
941468,4
941469,4
941470,4
941471,4
941472,4
941473,4
941474,4
941475,4
941476,4
941477,4
941478,4
941479,4
941480,4
941481,4
941482,4
941483,4
941484,1
941485,4
941486,4
941487,4
941488,5
941489,4
941490,4
941491,4
941492,4
941493,4
941494,4
941495,4
941496,1
941497,4
941498,4
941499,4
941500,1
941501,4
941502,5
941503,4
941504,4
941505,4
941506,4
941507,4
941508,4
941509,4
941510,4
941511,4
941512,4
941513,4
941514,1
941515,4
941516,4
941517,4
941518,4
941519,4
941520,4
941521,4
941522,4
941523,4
941524,4
941525,4
941526,4
941527,4
941528,4
941529,4
941530,4
941531,1
941532,4
941533,4
941534,4
941535,4
941536,4
941537,4
941538,1
941539,4
941540,4
941541,4
941542,4
941543,4
941544,4
941545,4
941546,4
941547,4
941548,4
941549,4
941550,1
941551,4
941552,4
941553,4
941554,4
941555,1
941556,5
941557,4
941558,4
941559,4
941560,4
941561,4
941562,4
941563,4
941564,5
941565,4
941566,4
941567,4
941568,4
941569,4
941570,5
941571,4
941572,1
941573,4
941574,1
941575,4
941576,4
941577,4
941578,5
941579,4
941580,4
941581,4
941582,4
941583,4
941584,4
941585,4
941586,4
941587,1
941588,4
941589,4
941590,4
941591,5
941592,5
941593,4
941594,1
941595,4
941596,4
941597,4
941598,1
941599,4
941600,4
941601,4
941602,4
941603,4
941604,4
941605,4
941606,5
941607,4
941608,4
941609,4
941610,4
941611,4
941612,4
941613,4
941614,4
941615,4
941616,4
941617,4
941618,4
941619,1
941620,4
941621,4
941622,4
941623,4
941624,4
941625,4
941626,1
941627,4
941628,4
941629,4
941630,4
941631,4
941632,4
941633,4
941634,4
941635,4
941636,4
941637,4
941638,4
941639,4
941640,1
941641,4
941642,1
941643,4
941644,4
941645,4
941646,4
941647,4
941648,4
941649,1
941650,5
941651,4
941652,4
941653,4
941654,4
941655,4
941656,4
941657,4
941658,4
941659,5
941660,1
941661,4
941662,1
941663,5
941664,4
941665,4
941666,5
941667,1
941668,4
941669,5
941670,5
941671,5
941672,5
941673,5
941674,5
941675,5
941676,4
941677,4
941678,4
941679,4
941680,4
941681,4
941682,4
941683,1
941684,4
941685,4
941686,4
941687,5
941688,1
941689,4
941690,1
941691,4
941692,4
941693,4
941694,4
941695,4
941696,5
941697,5
941698,4
941699,4
941700,4
941701,4
941702,1
941703,4
941704,4
941705,4
941706,4
941707,4
941708,4
941709,1
941710,4
941711,4
941712,4
941713,1
941714,4
941715,4
941716,4
941717,4
941718,4
941719,4
941720,4
941721,1
941722,4
941723,4
941724,1
941725,4
941726,4
941727,4
941728,1
941729,4
941730,5
941731,5
941732,4
941733,4
941734,4
941735,1
941736,4
941737,4
941738,4
941739,4
941740,5
941741,4
941742,4
941743,4
941744,1
941745,4
941746,5
941747,4
941748,4
941749,4
941750,5
941751,4
941752,4
941753,5
941754,4
941755,5
941756,1
941757,4
941758,4
941759,4
941760,4
941761,4
941762,4
941763,5
941764,4
941765,4
941766,4
941767,4
941768,1
941769,1
941770,4
941771,4
941772,4
941773,4
941774,4
941775,4
941776,4
941777,4
941778,1
941779,1
941780,4
941781,4
941782,4
941783,1
941784,1
941785,1
941786,4
941787,1
941788,1
941789,5
941790,4
941791,4
941792,4
941793,4
941794,4
941795,4
941796,5
941797,1
941798,4
941799,4
941800,4
941801,4
941802,4
941803,4
941804,4
941805,4
941806,4
941807,4
941808,4
941809,4
941810,1
941811,4
941812,4
941813,4
941814,4
941815,4
941816,4
941817,4
941818,4
941819,4
941820,4
941821,4
941822,4
941823,4
941824,4
941825,4
941826,1
941827,4
941828,4
941829,1
941830,3
941831,4
941832,4
941833,3
941834,3
941835,4
941836,1
941837,3
941838,4
941839,4
941840,4
941841,3
941842,4
941843,3
941844,4
941845,3
941846,4
941847,3
941848,3
941849,4
941850,3
941851,3
941852,4
941853,4
941854,4
941855,1
941856,1
941857,3
941858,4
941859,3
941860,1
941861,1
941862,1
941863,3
941864,3
941865,3
941866,5
941867,4
941868,3
941869,4
941870,3
941871,4
941872,3
941873,3
941874,5
941875,3
941876,3
941877,5
941878,4
941879,3
941880,4
941881,5
941882,3
941883,3
941884,3
941885,4
941886,3
941887,3
941888,3
941889,3
941890,4
941891,3
941892,4
941893,5
941894,1
941895,3
941896,3
941897,3
941898,3
941899,1
941900,4
941901,5
941902,3
941903,3
941904,3
941905,5
941906,3
941907,1
941908,4
941909,3
941910,3
941911,4
941912,4
941913,5
941914,3
941915,1
941916,4
941917,3
941918,4
941919,1
941920,1
941921,3
941922,3
941923,1
941924,3
941925,3
941926,4
941927,3
941928,5
941929,4
941930,4
941931,3
941932,1
941933,4
941934,3
941935,3
941936,3
941937,3
941938,4
941939,3
941940,4
941941,1
941942,3
941943,3
941944,4
941945,4
941946,1
941947,4
941948,3
941949,5
941950,3
941951,4
941952,4
941953,3
941954,4
941955,3
941956,4
941957,3
941958,4
941959,1
941960,5
941961,1
941962,3
941963,3
941964,3
941965,3
941966,4
941967,3
941968,3
941969,5
941970,3
941971,1
941972,4
941973,1
941974,4
941975,3
941976,3
941977,3
941978,4
941979,1
941980,5
941981,3
941982,3
941983,4
941984,4
941985,3
941986,3
941987,1
941988,3
941989,1
941990,4
941991,4
941992,1
941993,4
941994,3
941995,3
941996,4
941997,3
941998,3
941999,4
942000,4
942001,3
942002,5
942003,5
942004,3
942005,3
942006,5
942007,3
942008,4
942009,1
942010,4
942011,3
942012,4
942013,3
942014,1
942015,4
942016,5
942017,3
942018,4
942019,3
942020,1
942021,3
942022,3
942023,3
942024,3
942025,5
942026,1
942027,3
942028,1
942029,1
942030,3
942031,3
942032,3
942033,3
942034,1
942035,1
942036,4
942037,4
942038,3
942039,3
942040,4
942041,4
942042,3
942043,3
942044,3
942045,3
942046,4
942047,4
942048,4
942049,1
942050,3
942051,3
942052,3
942053,3
942054,4
942055,3
942056,3
942057,5
942058,3
942059,3
942060,3
942061,4
942062,3
942063,4
942064,3
942065,3
942066,4
942067,3
942068,4
942069,5
942070,4
942071,4
942072,4
942073,4
942074,1
942075,1
942076,4
942077,1
942078,4
942079,4
942080,4
942081,4
942082,4
942083,4
942084,1
942085,4
942086,4
942087,4
942088,4
942089,4
942090,4
942091,5
942092,5
942093,4
942094,4
942095,5
942096,4
942097,4
942098,4
942099,4
942100,4
942101,4
942102,4
942103,4
942104,4
942105,4
942106,1
942107,1
942108,4
942109,4
942110,4
942111,4
942112,4
942113,1
942114,5
942115,4
942116,5
942117,4
942118,5
942119,4
942120,1
942121,4
942122,5
942123,4
942124,4
942125,4
942126,5
942127,4
942128,4
942129,4
942130,4
942131,4
942132,4
942133,4
942134,4
942135,4
942136,4
942137,4
942138,4
942139,4
942140,1
942141,5
942142,4
942143,5
942144,5
942145,5
942146,5
942147,1
942148,5
942149,4
942150,5
942151,4
942152,1
942153,4
942154,4
942155,4
942156,4
942157,4
942158,4
942159,5
942160,4
942161,1
942162,4
942163,4
942164,4
942165,4
942166,4
942167,5
942168,4
942169,5
942170,4
942171,4
942172,4
942173,4
942174,4
942175,4
942176,4
942177,4
942178,4
942179,4
942180,4
942181,4
942182,4
942183,4
942184,4
942185,4
942186,1
942187,4
942188,4
942189,4
942190,4
942191,4
942192,4
942193,4
942194,4
942195,4
942196,4
942197,4
942198,5
942199,4
942200,4
942201,1
942202,4
942203,4
942204,4
942205,4
942206,4
942207,4
942208,4
942209,4
942210,4
942211,4
942212,4
942213,4
942214,4
942215,1
942216,4
942217,4
942218,4
942219,4
942220,4
942221,1
942222,4
942223,4
942224,4
942225,4
942226,4
942227,1
942228,4
942229,1
942230,1
942231,4
942232,4
942233,4
942234,4
942235,5
942236,4
942237,4
942238,3
942239,4
942240,4
942241,4
942242,4
942243,4
942244,4
942245,4
942246,4
942247,4
942248,4
942249,5
942250,4
942251,4
942252,4
942253,4
942254,4
942255,4
942256,1
942257,4
942258,4
942259,4
942260,4
942261,4
942262,4
942263,4
942264,4
942265,4
942266,4
942267,4
942268,4
942269,4
942270,4
942271,4
942272,4
942273,4
942274,1
942275,4
942276,1
942277,4
942278,4
942279,4
942280,4
942281,5
942282,4
942283,4
942284,1
942285,4
942286,4
942287,4
942288,4
942289,4
942290,4
942291,1
942292,4
942293,4
942294,4
942295,4
942296,4
942297,4
942298,4
942299,4
942300,4
942301,4
942302,1
942303,5
942304,4
942305,1
942306,4
942307,1
942308,4
942309,4
942310,4
942311,4
942312,1
942313,4
942314,4
942315,4
942316,4
942317,5
942318,4
942319,4
942320,4
942321,4
942322,4
942323,5
942324,1
942325,4
942326,4
942327,4
942328,4
942329,1
942330,4
942331,4
942332,3
942333,4
942334,1
942335,4
942336,4
942337,4
942338,4
942339,4
942340,4
942341,4
942342,4
942343,3
942344,1
942345,4
942346,4
942347,4
942348,4
942349,4
942350,4
942351,4
942352,4
942353,4
942354,4
942355,4
942356,4
942357,4
942358,5
942359,1
942360,4
942361,5
942362,4
942363,4
942364,4
942365,4
942366,4
942367,4
942368,4
942369,4
942370,4
942371,4
942372,1
942373,4
942374,4
942375,5
942376,4
942377,4
942378,4
942379,4
942380,4
942381,4
942382,4
942383,4
942384,5
942385,5
942386,4
942387,4
942388,4
942389,1
942390,1
942391,4
942392,5
942393,1
942394,4
942395,5
942396,4
942397,4
942398,4
942399,4
942400,4
942401,4
942402,5
942403,4
942404,1
942405,4
942406,4
942407,4
942408,4
942409,4
942410,1
942411,4
942412,4
942413,4
942414,4
942415,4
942416,1
942417,1
942418,5
942419,4
942420,4
942421,5
942422,5
942423,4
942424,4
942425,1
942426,1
942427,5
942428,4
942429,1
942430,5
942431,4
942432,4
942433,4
942434,4
942435,5
942436,4
942437,4
942438,4
942439,4
942440,4
942441,1
942442,4
942443,4
942444,4
942445,1
942446,4
942447,4
942448,4
942449,4
942450,1
942451,4
942452,4
942453,4
942454,4
942455,4
942456,4
942457,4
942458,4
942459,4
942460,4
942461,4
942462,4
942463,4
942464,4
942465,5
942466,4
942467,5
942468,4
942469,4
942470,4
942471,4
942472,4
942473,4
942474,4
942475,4
942476,4
942477,4
942478,5
942479,4
942480,5
942481,4
942482,4
942483,1
942484,4
942485,4
942486,5
942487,4
942488,5
942489,5
942490,4
942491,1
942492,4
942493,4
942494,4
942495,4
942496,4
942497,5
942498,4
942499,5
942500,4
942501,4
942502,1
942503,1
942504,4
942505,5
942506,4
942507,4
942508,1
942509,4
942510,4
942511,4
942512,4
942513,4
942514,4
942515,1
942516,1
942517,4
942518,4
942519,4
942520,4
942521,4
942522,4
942523,4
942524,4
942525,4
942526,4
942527,1
942528,4
942529,4
942530,4
942531,4
942532,4
942533,4
942534,4
942535,4
942536,4
942537,4
942538,4
942539,4
942540,4
942541,4
942542,1
942543,4
942544,4
942545,4
942546,1
942547,3
942548,4
942549,4
942550,4
942551,4
942552,4
942553,4
942554,4
942555,4
942556,1
942557,4
942558,1
942559,4
942560,4
942561,4
942562,4
942563,1
942564,5
942565,4
942566,4
942567,4
942568,4
942569,4
942570,4
942571,4
942572,1
942573,4
942574,4
942575,1
942576,4
942577,1
942578,1
942579,4
942580,4
942581,4
942582,4
942583,4
942584,4
942585,4
942586,4
942587,4
942588,4
942589,4
942590,4
942591,4
942592,4
942593,4
942594,4
942595,4
942596,4
942597,4
942598,4
942599,4
942600,1
942601,4
942602,4
942603,1
942604,4
942605,4
942606,4
942607,4
942608,1
942609,4
942610,1
942611,4
942612,4
942613,4
942614,4
942615,4
942616,4
942617,4
942618,4
942619,4
942620,4
942621,1
942622,4
942623,4
942624,4
942625,1
942626,4
942627,4
942628,4
942629,4
942630,1
942631,4
942632,4
942633,4
942634,4
942635,4
942636,4
942637,4
942638,4
942639,4
942640,1
942641,4
942642,4
942643,4
942644,4
942645,4
942646,4
942647,4
942648,4
942649,4
942650,4
942651,4
942652,1
942653,4
942654,4
942655,4
942656,4
942657,4
942658,4
942659,4
942660,4
942661,4
942662,4
942663,4
942664,4
942665,1
942666,1
942667,1
942668,4
942669,4
942670,4
942671,4
942672,4
942673,1
942674,4
942675,4
942676,4
942677,4
942678,4
942679,1
942680,5
942681,5
942682,4
942683,5
942684,4
942685,4
942686,5
942687,4
942688,5
942689,4
942690,5
942691,5
942692,4
942693,4
942694,4
942695,4
942696,5
942697,4
942698,4
942699,4
942700,4
942701,5
942702,4
942703,4
942704,4
942705,4
942706,4
942707,4
942708,4
942709,4
942710,4
942711,4
942712,1
942713,4
942714,4
942715,4
942716,4
942717,5
942718,5
942719,4
942720,5
942721,5
942722,4
942723,1
942724,5
942725,5
942726,4
942727,4
942728,1
942729,4
942730,4
942731,1
942732,4
942733,4
942734,4
942735,4
942736,4
942737,4
942738,4
942739,4
942740,5
942741,4
942742,5
942743,5
942744,4
942745,4
942746,4
942747,4
942748,5
942749,5
942750,1
942751,5
942752,4
942753,4
942754,4
942755,5
942756,5
942757,1
942758,5
942759,5
942760,5
942761,4
942762,4
942763,4
942764,4
942765,4
942766,4
942767,4
942768,1
942769,1
942770,4
942771,1
942772,4
942773,4
942774,4
942775,4
942776,4
942777,4
942778,4
942779,4
942780,1
942781,4
942782,4
942783,4
942784,4
942785,4
942786,4
942787,4
942788,1
942789,4
942790,1
942791,4
942792,4
942793,4
942794,4
942795,4
942796,4
942797,5
942798,1
942799,1
942800,4
942801,4
942802,4
942803,4
942804,4
942805,1
942806,4
942807,4
942808,4
942809,1
942810,4
942811,4
942812,1
942813,4
942814,4
942815,4
942816,4
942817,4
942818,4
942819,4
942820,4
942821,4
942822,4
942823,4
942824,4
942825,4
942826,4
942827,4
942828,4
942829,4
942830,4
942831,4
942832,4
942833,4
942834,4
942835,4
942836,4
942837,4
942838,4
942839,4
942840,4
942841,4
942842,4
942843,4
942844,4
942845,4
942846,5
942847,4
942848,1
942849,4
942850,4
942851,4
942852,4
942853,4
942854,1
942855,4
942856,4
942857,4
942858,1
942859,4
942860,1
942861,4
942862,4
942863,4
942864,4
942865,1
942866,4
942867,5
942868,4
942869,4
942870,4
942871,4
942872,5
942873,4
942874,4
942875,4
942876,1
942877,4
942878,5
942879,5
942880,4
942881,4
942882,1
942883,4
942884,4
942885,4
942886,4
942887,4
942888,4
942889,1
942890,4
942891,4
942892,4
942893,4
942894,4
942895,4
942896,1
942897,4
942898,4
942899,4
942900,4
942901,5
942902,4
942903,4
942904,4
942905,1
942906,4
942907,4
942908,4
942909,4
942910,4
942911,4
942912,4
942913,5
942914,4
942915,1
942916,4
942917,4
942918,5
942919,4
942920,4
942921,3
942922,4
942923,1
942924,4
942925,4
942926,4
942927,4
942928,4
942929,4
942930,4
942931,4
942932,4
942933,3
942934,4
942935,4
942936,4
942937,4
942938,4
942939,4
942940,1
942941,1
942942,1
942943,4
942944,4
942945,4
942946,4
942947,4
942948,4
942949,4
942950,4
942951,4
942952,4
942953,4
942954,4
942955,1
942956,1
942957,4
942958,4
942959,4
942960,4
942961,1
942962,4
942963,4
942964,4
942965,1
942966,4
942967,4
942968,4
942969,4
942970,4
942971,4
942972,5
942973,4
942974,4
942975,4
942976,4
942977,4
942978,4
942979,4
942980,4
942981,4
942982,4
942983,4
942984,4
942985,4
942986,4
942987,4
942988,4
942989,5
942990,1
942991,4
942992,4
942993,4
942994,4
942995,4
942996,4
942997,4
942998,4
942999,4
943000,3
943001,4
943002,4
943003,4
943004,4
943005,4
943006,4
943007,4
943008,4
943009,4
943010,4
943011,4
943012,4
943013,4
943014,5
943015,4
943016,4
943017,4
943018,4
943019,1
943020,4
943021,4
943022,4
943023,5
943024,4
943025,4
943026,4
943027,1
943028,1
943029,1
943030,4
943031,4
943032,4
943033,4
943034,4
943035,4
943036,4
943037,4
943038,4
943039,1
943040,5
943041,4
943042,4
943043,4
943044,4
943045,1
943046,4
943047,4
943048,4
943049,4
943050,4
943051,4
943052,4
943053,4
943054,5
943055,4
943056,4
943057,4
943058,4
943059,4
943060,4
943061,4
943062,4
943063,5
943064,4
943065,4
943066,4
943067,4
943068,5
943069,1
943070,5
943071,5
943072,4
943073,4
943074,4
943075,4
943076,4
943077,1
943078,5
943079,5
943080,5
943081,4
943082,4
943083,4
943084,4
943085,4
943086,4
943087,4
943088,4
943089,4
943090,4
943091,5
943092,4
943093,4
943094,4
943095,5
943096,5
943097,1
943098,1
943099,4
943100,4
943101,4
943102,4
943103,4
943104,4
943105,4
943106,4
943107,4
943108,4
943109,4
943110,4
943111,4
943112,4
943113,4
943114,4
943115,4
943116,4
943117,4
943118,4
943119,5
943120,4
943121,4
943122,4
943123,1
943124,1
943125,4
943126,4
943127,4
943128,4
943129,5
943130,5
943131,4
943132,4
943133,4
943134,4
943135,5
943136,5
943137,4
943138,4
943139,4
943140,4
943141,5
943142,1
943143,1
943144,5
943145,4
943146,4
943147,4
943148,4
943149,5
943150,4
943151,1
943152,4
943153,4
943154,4
943155,4
943156,4
943157,1
943158,4
943159,4
943160,4
943161,4
943162,4
943163,4
943164,4
943165,4
943166,4
943167,4
943168,4
943169,4
943170,1
943171,5
943172,4
943173,1
943174,1
943175,3
943176,4
943177,4
943178,4
943179,4
943180,1
943181,4
943182,4
943183,4
943184,4
943185,4
943186,4
943187,4
943188,4
943189,4
943190,4
943191,4
943192,4
943193,4
943194,4
943195,4
943196,1
943197,4
943198,4
943199,4
943200,4
943201,4
943202,4
943203,1
943204,4
943205,4
943206,5
943207,5
943208,1
943209,4
943210,5
943211,1
943212,4
943213,1
943214,4
943215,4
943216,4
943217,4
943218,4
943219,4
943220,4
943221,4
943222,4
943223,4
943224,4
943225,4
943226,4
943227,4
943228,4
943229,4
943230,4
943231,4
943232,4
943233,4
943234,4
943235,1
943236,5
943237,4
943238,4
943239,4
943240,4
943241,4
943242,4
943243,4
943244,1
943245,4
943246,4
943247,4
943248,1
943249,4
943250,4
943251,4
943252,4
943253,5
943254,4
943255,4
943256,4
943257,4
943258,4
943259,1
943260,4
943261,4
943262,5
943263,4
943264,4
943265,4
943266,1
943267,4
943268,4
943269,4
943270,4
943271,4
943272,5
943273,5
943274,1
943275,4
943276,4
943277,1
943278,4
943279,4
943280,4
943281,4
943282,4
943283,4
943284,4
943285,4
943286,4
943287,4
943288,1
943289,4
943290,4
943291,4
943292,4
943293,4
943294,4
943295,4
943296,4
943297,4
943298,4
943299,4
943300,1
943301,5
943302,4
943303,4
943304,4
943305,4
943306,4
943307,4
943308,4
943309,4
943310,4
943311,4
943312,1
943313,5
943314,4
943315,4
943316,4
943317,1
943318,4
943319,4
943320,4
943321,4
943322,4
943323,4
943324,4
943325,4
943326,4
943327,1
943328,1
943329,4
943330,4
943331,4
943332,4
943333,4
943334,4
943335,4
943336,4
943337,4
943338,5
943339,4
943340,1
943341,4
943342,4
943343,1
943344,1
943345,1
943346,4
943347,5
943348,4
943349,4
943350,4
943351,4
943352,4
943353,4
943354,1
943355,4
943356,4
943357,4
943358,4
943359,4
943360,4
943361,5
943362,4
943363,4
943364,4
943365,5
943366,4
943367,4
943368,4
943369,4
943370,4
943371,5
943372,4
943373,4
943374,4
943375,4
943376,1
943377,4
943378,4
943379,4
943380,4
943381,4
943382,4
943383,4
943384,1
943385,4
943386,4
943387,4
943388,4
943389,4
943390,4
943391,4
943392,4
943393,4
943394,5
943395,4
943396,4
943397,4
943398,4
943399,1
943400,4
943401,4
943402,4
943403,1
943404,4
943405,5
943406,4
943407,4
943408,4
943409,4
943410,4
943411,4
943412,4
943413,4
943414,4
943415,4
943416,4
943417,4
943418,5
943419,4
943420,4
943421,4
943422,4
943423,4
943424,4
943425,5
943426,4
943427,4
943428,4
943429,4
943430,4
943431,4
943432,1
943433,5
943434,5
943435,4
943436,4
943437,4
943438,4
943439,1
943440,4
943441,4
943442,4
943443,5
943444,4
943445,4
943446,4
943447,4
943448,4
943449,4
943450,4
943451,4
943452,4
943453,4
943454,5
943455,4
943456,4
943457,4
943458,4
943459,4
943460,4
943461,4
943462,4
943463,4
943464,4
943465,4
943466,5
943467,4
943468,4
943469,5
943470,4
943471,4
943472,1
943473,4
943474,4
943475,4
943476,4
943477,4
943478,4
943479,4
943480,4
943481,4
943482,4
943483,4
943484,1
943485,4
943486,1
943487,1
943488,1
943489,5
943490,4
943491,4
943492,4
943493,4
943494,4
943495,4
943496,4
943497,5
943498,4
943499,4
943500,4
943501,4
943502,4
943503,4
943504,1
943505,4
943506,5
943507,5
943508,5
943509,4
943510,4
943511,4
943512,4
943513,4
943514,4
943515,4
943516,4
943517,4
943518,4
943519,4
943520,4
943521,4
943522,4
943523,4
943524,1
943525,4
943526,4
943527,4
943528,4
943529,4
943530,4
943531,4
943532,5
943533,4
943534,1
943535,4
943536,4
943537,4
943538,4
943539,1
943540,4
943541,4
943542,4
943543,1
943544,4
943545,5
943546,4
943547,1
943548,4
943549,4
943550,4
943551,4
943552,4
943553,4
943554,4
943555,4
943556,4
943557,1
943558,4
943559,4
943560,4
943561,4
943562,4
943563,4
943564,4
943565,4
943566,5
943567,4
943568,4
943569,4
943570,1
943571,4
943572,1
943573,4
943574,4
943575,4
943576,4
943577,4
943578,4
943579,4
943580,1
943581,1
943582,4
943583,1
943584,4
943585,1
943586,4
943587,4
943588,4
943589,4
943590,4
943591,4
943592,3
943593,4
943594,4
943595,4
943596,1
943597,4
943598,4
943599,4
943600,4
943601,4
943602,4
943603,4
943604,5
943605,1
943606,4
943607,4
943608,4
943609,4
943610,4
943611,4
943612,4
943613,4
943614,4
943615,4
943616,4
943617,4
943618,4
943619,4
943620,1
943621,4
943622,4
943623,4
943624,4
943625,4
943626,4
943627,1
943628,4
943629,4
943630,4
943631,1
943632,4
943633,4
943634,4
943635,4
943636,4
943637,4
943638,4
943639,4
943640,4
943641,4
943642,4
943643,4
943644,4
943645,4
943646,5
943647,4
943648,4
943649,4
943650,4
943651,4
943652,4
943653,5
943654,4
943655,5
943656,4
943657,4
943658,4
943659,4
943660,4
943661,4
943662,1
943663,4
943664,4
943665,4
943666,4
943667,4
943668,5
943669,4
943670,4
943671,4
943672,4
943673,4
943674,4
943675,4
943676,1
943677,4
943678,5
943679,4
943680,4
943681,4
943682,4
943683,4
943684,4
943685,5
943686,5
943687,4
943688,4
943689,4
943690,4
943691,4
943692,4
943693,4
943694,4
943695,4
943696,4
943697,4
943698,4
943699,4
943700,5
943701,4
943702,4
943703,4
943704,4
943705,5
943706,4
943707,4
943708,4
943709,4
943710,4
943711,4
943712,4
943713,4
943714,4
943715,4
943716,4
943717,4
943718,4
943719,4
943720,1
943721,4
943722,4
943723,4
943724,4
943725,4
943726,4
943727,4
943728,4
943729,4
943730,5
943731,4
943732,4
943733,4
943734,4
943735,4
943736,1
943737,4
943738,4
943739,4
943740,3
943741,4
943742,4
943743,4
943744,4
943745,4
943746,4
943747,4
943748,4
943749,5
943750,4
943751,4
943752,3
943753,4
943754,4
943755,4
943756,4
943757,4
943758,4
943759,4
943760,4
943761,4
943762,4
943763,4
943764,4
943765,4
943766,4
943767,4
943768,4
943769,1
943770,4
943771,4
943772,3
943773,4
943774,1
943775,4
943776,5
943777,4
943778,4
943779,4
943780,4
943781,4
943782,4
943783,4
943784,4
943785,1
943786,4
943787,4
943788,4
943789,4
943790,4
943791,1
943792,4
943793,1
943794,4
943795,4
943796,4
943797,4
943798,4
943799,4
943800,4
943801,4
943802,4
943803,4
943804,4
943805,4
943806,4
943807,4
943808,1
943809,4
943810,4
943811,4
943812,4
943813,1
943814,4
943815,4
943816,4
943817,4
943818,1
943819,4
943820,4
943821,4
943822,4
943823,4
943824,4
943825,4
943826,4
943827,4
943828,4
943829,4
943830,4
943831,1
943832,4
943833,4
943834,1
943835,4
943836,4
943837,4
943838,4
943839,4
943840,1
943841,4
943842,4
943843,5
943844,4
943845,4
943846,4
943847,4
943848,4
943849,5
943850,4
943851,4
943852,4
943853,4
943854,4
943855,1
943856,4
943857,4
943858,4
943859,4
943860,4
943861,4
943862,1
943863,4
943864,4
943865,4
943866,4
943867,4
943868,4
943869,4
943870,1
943871,4
943872,4
943873,4
943874,4
943875,4
943876,4
943877,4
943878,4
943879,4
943880,4
943881,4
943882,4
943883,4
943884,4
943885,4
943886,1
943887,1
943888,4
943889,4
943890,4
943891,4
943892,4
943893,4
943894,4
943895,4
943896,4
943897,4
943898,4
943899,4
943900,4
943901,4
943902,4
943903,4
943904,4
943905,4
943906,4
943907,1
943908,4
943909,1
943910,4
943911,1
943912,4
943913,4
943914,4
943915,4
943916,4
943917,1
943918,4
943919,4
943920,1
943921,4
943922,1
943923,4
943924,4
943925,4
943926,4
943927,1
943928,4
943929,4
943930,4
943931,4
943932,1
943933,4
943934,4
943935,4
943936,4
943937,4
943938,1
943939,1
943940,4
943941,4
943942,4
943943,4
943944,4
943945,4
943946,4
943947,4
943948,4
943949,4
943950,4
943951,4
943952,4
943953,4
943954,4
943955,4
943956,4
943957,4
943958,4
943959,4
943960,4
943961,4
943962,4
943963,4
943964,4
943965,4
943966,4
943967,4
943968,4
943969,1
943970,4
943971,4
943972,1
943973,4
943974,4
943975,4
943976,4
943977,4
943978,4
943979,4
943980,4
943981,4
943982,4
943983,1
943984,4
943985,4
943986,1
943987,4
943988,5
943989,1
943990,4
943991,4
943992,4
943993,4
943994,1
943995,4
943996,4
943997,4
943998,4
943999,4
944000,4
944001,4
944002,4
944003,1
944004,4
944005,4
944006,4
944007,1
944008,4
944009,1
944010,4
944011,4
944012,4
944013,4
944014,4
944015,4
944016,4
944017,4
944018,4
944019,4
944020,4
944021,4
944022,4
944023,4
944024,4
944025,4
944026,4
944027,4
944028,4
944029,4
944030,4
944031,4
944032,4
944033,4
944034,4
944035,4
944036,4
944037,4
944038,4
944039,4
944040,4
944041,4
944042,4
944043,4
944044,4
944045,5
944046,4
944047,4
944048,4
944049,4
944050,4
944051,4
944052,4
944053,5
944054,4
944055,4
944056,5
944057,4
944058,1
944059,4
944060,4
944061,4
944062,4
944063,4
944064,4
944065,4
944066,4
944067,4
944068,4
944069,4
944070,4
944071,4
944072,1
944073,4
944074,4
944075,4
944076,1
944077,4
944078,4
944079,4
944080,4
944081,4
944082,4
944083,4
944084,4
944085,4
944086,4
944087,4
944088,4
944089,1
944090,4
944091,1
944092,4
944093,1
944094,4
944095,4
944096,1
944097,1
944098,4
944099,4
944100,4
944101,4
944102,1
944103,4
944104,4
944105,4
944106,1
944107,4
944108,4
944109,4
944110,1
944111,4
944112,4
944113,4
944114,1
944115,4
944116,4
944117,4
944118,4
944119,4
944120,4
944121,4
944122,4
944123,4
944124,4
944125,4
944126,4
944127,4
944128,4
944129,1
944130,4
944131,4
944132,4
944133,4
944134,4
944135,4
944136,4
944137,4
944138,1
944139,4
944140,4
944141,4
944142,4
944143,4
944144,4
944145,4
944146,1
944147,4
944148,4
944149,1
944150,4
944151,4
944152,4
944153,4
944154,1
944155,1
944156,4
944157,4
944158,4
944159,4
944160,4
944161,1
944162,4
944163,4
944164,4
944165,4
944166,4
944167,4
944168,4
944169,4
944170,4
944171,4
944172,4
944173,4
944174,4
944175,4
944176,4
944177,4
944178,4
944179,4
944180,1
944181,4
944182,4
944183,4
944184,1
944185,1
944186,4
944187,5
944188,4
944189,4
944190,1
944191,4
944192,5
944193,5
944194,4
944195,4
944196,1
944197,4
944198,4
944199,4
944200,4
944201,4
944202,4
944203,4
944204,4
944205,4
944206,4
944207,4
944208,4
944209,4
944210,4
944211,4
944212,4
944213,4
944214,1
944215,4
944216,4
944217,4
944218,4
944219,4
944220,4
944221,1
944222,4
944223,4
944224,1
944225,4
944226,4
944227,4
944228,4
944229,4
944230,4
944231,4
944232,4
944233,4
944234,1
944235,5
944236,5
944237,1
944238,4
944239,4
944240,4
944241,4
944242,4
944243,4
944244,4
944245,4
944246,4
944247,4
944248,4
944249,4
944250,1
944251,4
944252,4
944253,4
944254,4
944255,4
944256,4
944257,4
944258,5
944259,4
944260,4
944261,4
944262,4
944263,4
944264,4
944265,4
944266,4
944267,4
944268,4
944269,1
944270,4
944271,4
944272,4
944273,4
944274,4
944275,5
944276,4
944277,4
944278,4
944279,1
944280,4
944281,4
944282,5
944283,1
944284,4
944285,4
944286,5
944287,5
944288,4
944289,4
944290,4
944291,4
944292,4
944293,1
944294,4
944295,4
944296,4
944297,4
944298,4
944299,4
944300,5
944301,4
944302,4
944303,5
944304,5
944305,4
944306,5
944307,4
944308,4
944309,4
944310,4
944311,4
944312,4
944313,4
944314,4
944315,4
944316,4
944317,4
944318,4
944319,4
944320,4
944321,4
944322,4
944323,5
944324,1
944325,4
944326,4
944327,4
944328,4
944329,4
944330,5
944331,4
944332,4
944333,1
944334,4
944335,1
944336,4
944337,4
944338,4
944339,5
944340,4
944341,4
944342,4
944343,5
944344,1
944345,5
944346,4
944347,4
944348,4
944349,4
944350,5
944351,4
944352,5
944353,4
944354,4
944355,5
944356,4
944357,4
944358,4
944359,4
944360,1
944361,4
944362,4
944363,4
944364,4
944365,4
944366,4
944367,4
944368,4
944369,4
944370,4
944371,4
944372,4
944373,4
944374,1
944375,4
944376,4
944377,5
944378,4
944379,4
944380,4
944381,4
944382,4
944383,5
944384,4
944385,4
944386,4
944387,4
944388,4
944389,5
944390,4
944391,4
944392,1
944393,4
944394,4
944395,4
944396,4
944397,4
944398,4
944399,5
944400,4
944401,4
944402,4
944403,4
944404,4
944405,4
944406,4
944407,4
944408,4
944409,4
944410,4
944411,4
944412,4
944413,4
944414,4
944415,4
944416,4
944417,4
944418,4
944419,4
944420,4
944421,4
944422,4
944423,4
944424,4
944425,1
944426,1
944427,1
944428,4
944429,4
944430,4
944431,1
944432,4
944433,4
944434,4
944435,4
944436,4
944437,1
944438,4
944439,1
944440,4
944441,4
944442,4
944443,1
944444,4
944445,4
944446,4
944447,4
944448,4
944449,4
944450,4
944451,4
944452,1
944453,4
944454,4
944455,5
944456,4
944457,4
944458,4
944459,4
944460,4
944461,4
944462,4
944463,1
944464,4
944465,4
944466,4
944467,4
944468,4
944469,4
944470,4
944471,4
944472,4
944473,5
944474,1
944475,5
944476,4
944477,4
944478,4
944479,4
944480,4
944481,1
944482,4
944483,4
944484,4
944485,4
944486,4
944487,4
944488,4
944489,4
944490,4
944491,4
944492,4
944493,1
944494,3
944495,4
944496,4
944497,4
944498,5
944499,1
944500,4
944501,5
944502,4
944503,4
944504,4
944505,4
944506,4
944507,4
944508,4
944509,4
944510,4
944511,4
944512,4
944513,4
944514,4
944515,4
944516,4
944517,4
944518,4
944519,4
944520,4
944521,5
944522,4
944523,4
944524,5
944525,4
944526,4
944527,4
944528,1
944529,4
944530,4
944531,4
944532,1
944533,4
944534,4
944535,4
944536,5
944537,4
944538,5
944539,4
944540,4
944541,4
944542,4
944543,4
944544,4
944545,4
944546,4
944547,5
944548,4
944549,4
944550,4
944551,4
944552,4
944553,4
944554,4
944555,4
944556,5
944557,4
944558,4
944559,4
944560,1
944561,4
944562,4
944563,4
944564,4
944565,4
944566,1
944567,4
944568,4
944569,1
944570,4
944571,4
944572,4
944573,4
944574,4
944575,3
944576,4
944577,1
944578,4
944579,1
944580,4
944581,4
944582,4
944583,4
944584,3
944585,4
944586,4
944587,4
944588,4
944589,4
944590,5
944591,1
944592,1
944593,4
944594,4
944595,4
944596,4
944597,4
944598,3
944599,4
944600,4
944601,4
944602,4
944603,1
944604,4
944605,4
944606,4
944607,1
944608,4
944609,4
944610,5
944611,4
944612,4
944613,1
944614,4
944615,4
944616,1
944617,4
944618,4
944619,1
944620,4
944621,1
944622,4
944623,4
944624,4
944625,4
944626,4
944627,1
944628,5
944629,4
944630,4
944631,4
944632,4
944633,4
944634,4
944635,4
944636,4
944637,4
944638,4
944639,5
944640,4
944641,4
944642,4
944643,4
944644,4
944645,4
944646,4
944647,4
944648,4
944649,4
944650,4
944651,4
944652,1
944653,4
944654,4
944655,4
944656,4
944657,4
944658,1
944659,4
944660,4
944661,4
944662,4
944663,5
944664,4
944665,4
944666,4
944667,1
944668,4
944669,4
944670,4
944671,4
944672,4
944673,5
944674,4
944675,4
944676,4
944677,5
944678,4
944679,4
944680,4
944681,4
944682,4
944683,4
944684,4
944685,4
944686,3
944687,4
944688,4
944689,4
944690,1
944691,4
944692,4
944693,4
944694,4
944695,4
944696,4
944697,4
944698,4
944699,4
944700,4
944701,4
944702,1
944703,4
944704,1
944705,1
944706,4
944707,4
944708,4
944709,1
944710,4
944711,4
944712,4
944713,4
944714,4
944715,4
944716,4
944717,1
944718,1
944719,4
944720,4
944721,4
944722,1
944723,4
944724,4
944725,4
944726,4
944727,4
944728,4
944729,4
944730,4
944731,1
944732,4
944733,4
944734,4
944735,4
944736,4
944737,4
944738,1
944739,4
944740,1
944741,4
944742,4
944743,4
944744,4
944745,4
944746,4
944747,4
944748,4
944749,5
944750,4
944751,4
944752,4
944753,1
944754,4
944755,5
944756,4
944757,4
944758,4
944759,4
944760,4
944761,4
944762,4
944763,4
944764,4
944765,4
944766,4
944767,4
944768,4
944769,4
944770,4
944771,4
944772,4
944773,4
944774,4
944775,4
944776,1
944777,4
944778,4
944779,4
944780,4
944781,4
944782,1
944783,4
944784,4
944785,4
944786,4
944787,5
944788,4
944789,5
944790,5
944791,4
944792,4
944793,4
944794,5
944795,4
944796,4
944797,4
944798,4
944799,1
944800,4
944801,4
944802,4
944803,4
944804,5
944805,4
944806,3
944807,4
944808,4
944809,4
944810,3
944811,4
944812,4
944813,4
944814,4
944815,3
944816,4
944817,4
944818,4
944819,4
944820,4
944821,4
944822,4
944823,4
944824,4
944825,3
944826,4
944827,1
944828,3
944829,4
944830,1
944831,1
944832,4
944833,3
944834,1
944835,5
944836,4
944837,4
944838,4
944839,4
944840,4
944841,3
944842,4
944843,4
944844,3
944845,4
944846,3
944847,4
944848,4
944849,5
944850,4
944851,1
944852,4
944853,4
944854,4
944855,4
944856,4
944857,4
944858,4
944859,1
944860,3
944861,4
944862,1
944863,4
944864,4
944865,4
944866,4
944867,4
944868,4
944869,4
944870,4
944871,4
944872,3
944873,4
944874,4
944875,1
944876,4
944877,4
944878,4
944879,3
944880,4
944881,5
944882,4
944883,4
944884,1
944885,1
944886,4
944887,3
944888,4
944889,4
944890,4
944891,4
944892,4
944893,4
944894,4
944895,4
944896,1
944897,4
944898,4
944899,4
944900,4
944901,4
944902,1
944903,3
944904,4
944905,4
944906,3
944907,4
944908,4
944909,3
944910,4
944911,4
944912,1
944913,4
944914,4
944915,4
944916,3
944917,3
944918,4
944919,4
944920,3
944921,4
944922,3
944923,4
944924,3
944925,4
944926,3
944927,4
944928,1
944929,4
944930,3
944931,4
944932,3
944933,4
944934,4
944935,1
944936,4
944937,3
944938,4
944939,3
944940,4
944941,4
944942,4
944943,4
944944,4
944945,3
944946,3
944947,3
944948,4
944949,4
944950,4
944951,4
944952,4
944953,4
944954,4
944955,4
944956,4
944957,4
944958,5
944959,4
944960,4
944961,4
944962,4
944963,4
944964,3
944965,1
944966,1
944967,3
944968,4
944969,3
944970,4
944971,3
944972,4
944973,4
944974,1
944975,4
944976,3
944977,4
944978,4
944979,4
944980,4
944981,4
944982,4
944983,4
944984,4
944985,4
944986,1
944987,4
944988,1
944989,5
944990,4
944991,4
944992,4
944993,5
944994,5
944995,1
944996,4
944997,4
944998,4
944999,4
945000,4
945001,4
945002,4
945003,4
945004,4
945005,4
945006,4
945007,4
945008,5
945009,4
945010,4
945011,4
945012,4
945013,4
945014,4
945015,4
945016,4
945017,4
945018,4
945019,1
945020,4
945021,4
945022,4
945023,4
945024,4
945025,4
945026,4
945027,4
945028,1
945029,4
945030,4
945031,4
945032,4
945033,1
945034,1
945035,5
945036,4
945037,4
945038,4
945039,4
945040,4
945041,4
945042,4
945043,4
945044,4
945045,1
945046,4
945047,4
945048,4
945049,4
945050,5
945051,5
945052,4
945053,4
945054,4
945055,4
945056,4
945057,4
945058,4
945059,4
945060,4
945061,1
945062,5
945063,4
945064,4
945065,4
945066,4
945067,4
945068,4
945069,4
945070,1
945071,4
945072,1
945073,3
945074,4
945075,4
945076,4
945077,4
945078,4
945079,4
945080,4
945081,4
945082,4
945083,1
945084,4
945085,4
945086,4
945087,4
945088,5
945089,4
945090,4
945091,4
945092,5
945093,4
945094,4
945095,4
945096,4
945097,4
945098,4
945099,4
945100,4
945101,4
945102,4
945103,4
945104,4
945105,1
945106,4
945107,4
945108,4
945109,4
945110,1
945111,4
945112,4
945113,4
945114,4
945115,4
945116,4
945117,4
945118,4
945119,4
945120,4
945121,4
945122,4
945123,4
945124,1
945125,1
945126,1
945127,4
945128,4
945129,4
945130,4
945131,1
945132,4
945133,4
945134,4
945135,4
945136,4
945137,4
945138,4
945139,4
945140,4
945141,1
945142,4
945143,4
945144,4
945145,4
945146,4
945147,1
945148,4
945149,1
945150,4
945151,4
945152,4
945153,4
945154,4
945155,1
945156,4
945157,4
945158,4
945159,4
945160,1
945161,3
945162,3
945163,3
945164,4
945165,4
945166,3
945167,3
945168,1
945169,4
945170,4
945171,4
945172,3
945173,3
945174,4
945175,1
945176,5
945177,4
945178,4
945179,4
945180,1
945181,4
945182,4
945183,4
945184,1
945185,5
945186,4
945187,4
945188,4
945189,4
945190,5
945191,4
945192,4
945193,4
945194,1
945195,4
945196,4
945197,4
945198,4
945199,4
945200,4
945201,4
945202,4
945203,4
945204,4
945205,4
945206,4
945207,4
945208,4
945209,4
945210,4
945211,5
945212,4
945213,4
945214,4
945215,4
945216,4
945217,4
945218,4
945219,4
945220,4
945221,5
945222,5
945223,4
945224,5
945225,4
945226,4
945227,4
945228,4
945229,4
945230,4
945231,4
945232,4
945233,4
945234,4
945235,4
945236,4
945237,4
945238,5
945239,4
945240,4
945241,1
945242,4
945243,4
945244,4
945245,4
945246,4
945247,4
945248,4
945249,4
945250,4
945251,1
945252,4
945253,5
945254,4
945255,4
945256,4
945257,4
945258,4
945259,4
945260,4
945261,4
945262,5
945263,4
945264,1
945265,5
945266,1
945267,1
945268,4
945269,1
945270,4
945271,5
945272,1
945273,5
945274,4
945275,4
945276,4
945277,4
945278,5
945279,4
945280,5
945281,4
945282,4
945283,4
945284,4
945285,4
945286,4
945287,4
945288,1
945289,4
945290,4
945291,4
945292,4
945293,3
945294,4
945295,5
945296,3
945297,3
945298,5
945299,3
945300,4
945301,4
945302,4
945303,4
945304,4
945305,4
945306,4
945307,4
945308,1
945309,4
945310,4
945311,4
945312,4
945313,4
945314,4
945315,1
945316,4
945317,5
945318,4
945319,4
945320,4
945321,4
945322,4
945323,4
945324,4
945325,1
945326,1
945327,4
945328,1
945329,4
945330,4
945331,4
945332,1
945333,4
945334,4
945335,4
945336,4
945337,1
945338,4
945339,4
945340,4
945341,4
945342,4
945343,4
945344,4
945345,4
945346,5
945347,4
945348,4
945349,4
945350,4
945351,4
945352,4
945353,4
945354,4
945355,4
945356,1
945357,4
945358,4
945359,4
945360,5
945361,4
945362,4
945363,4
945364,4
945365,4
945366,4
945367,5
945368,4
945369,4
945370,1
945371,4
945372,5
945373,4
945374,4
945375,4
945376,4
945377,5
945378,4
945379,4
945380,4
945381,4
945382,4
945383,5
945384,4
945385,4
945386,4
945387,4
945388,4
945389,4
945390,4
945391,5
945392,4
945393,4
945394,4
945395,4
945396,4
945397,4
945398,5
945399,4
945400,5
945401,1
945402,4
945403,1
945404,4
945405,4
945406,4
945407,4
945408,4
945409,4
945410,1
945411,4
945412,4
945413,4
945414,4
945415,1
945416,4
945417,1
945418,4
945419,1
945420,1
945421,4
945422,4
945423,4
945424,3
945425,4
945426,4
945427,4
945428,4
945429,4
945430,4
945431,1
945432,4
945433,4
945434,4
945435,4
945436,4
945437,1
945438,1
945439,4
945440,1
945441,4
945442,4
945443,4
945444,4
945445,4
945446,1
945447,4
945448,4
945449,4
945450,1
945451,1
945452,4
945453,4
945454,4
945455,4
945456,4
945457,4
945458,4
945459,4
945460,4
945461,4
945462,4
945463,5
945464,4
945465,4
945466,4
945467,4
945468,4
945469,4
945470,4
945471,4
945472,4
945473,4
945474,5
945475,4
945476,5
945477,4
945478,1
945479,4
945480,4
945481,4
945482,4
945483,5
945484,4
945485,4
945486,5
945487,4
945488,5
945489,4
945490,4
945491,4
945492,4
945493,5
945494,4
945495,4
945496,4
945497,5
945498,4
945499,4
945500,4
945501,4
945502,4
945503,4
945504,4
945505,4
945506,4
945507,4
945508,4
945509,1
945510,1
945511,1
945512,4
945513,4
945514,3
945515,4
945516,4
945517,4
945518,1
945519,4
945520,4
945521,4
945522,4
945523,4
945524,4
945525,4
945526,4
945527,4
945528,4
945529,3
945530,4
945531,4
945532,4
945533,4
945534,4
945535,4
945536,4
945537,4
945538,4
945539,4
945540,4
945541,4
945542,4
945543,4
945544,4
945545,4
945546,4
945547,4
945548,4
945549,1
945550,4
945551,4
945552,1
945553,4
945554,1
945555,4
945556,4
945557,4
945558,3
945559,4
945560,4
945561,4
945562,4
945563,4
945564,4
945565,4
945566,4
945567,1
945568,3
945569,4
945570,4
945571,4
945572,1
945573,4
945574,4
945575,4
945576,4
945577,4
945578,4
945579,1
945580,4
945581,3
945582,4
945583,4
945584,4
945585,4
945586,4
945587,4
945588,4
945589,4
945590,4
945591,4
945592,4
945593,4
945594,4
945595,4
945596,4
945597,4
945598,4
945599,4
945600,4
945601,4
945602,4
945603,4
945604,4
945605,4
945606,4
945607,4
945608,4
945609,4
945610,4
945611,4
945612,4
945613,3
945614,1
945615,4
945616,4
945617,4
945618,4
945619,4
945620,1
945621,4
945622,4
945623,4
945624,1
945625,4
945626,4
945627,1
945628,4
945629,1
945630,4
945631,4
945632,4
945633,1
945634,4
945635,4
945636,1
945637,4
945638,4
945639,4
945640,4
945641,4
945642,4
945643,4
945644,4
945645,4
945646,4
945647,4
945648,3
945649,4
945650,4
945651,4
945652,4
945653,1
945654,4
945655,4
945656,3
945657,4
945658,4
945659,4
945660,4
945661,4
945662,1
945663,4
945664,4
945665,4
945666,4
945667,4
945668,4
945669,4
945670,4
945671,3
945672,4
945673,5
945674,4
945675,4
945676,4
945677,4
945678,1
945679,4
945680,1
945681,4
945682,5
945683,4
945684,4
945685,4
945686,1
945687,4
945688,4
945689,4
945690,1
945691,3
945692,1
945693,4
945694,4
945695,4
945696,4
945697,4
945698,4
945699,4
945700,4
945701,4
945702,5
945703,4
945704,4
945705,3
945706,3
945707,4
945708,4
945709,1
945710,1
945711,1
945712,3
945713,3
945714,3
945715,4
945716,4
945717,4
945718,4
945719,4
945720,4
945721,1
945722,4
945723,4
945724,1
945725,4
945726,4
945727,1
945728,1
945729,4
945730,4
945731,4
945732,4
945733,4
945734,4
945735,4
945736,4
945737,4
945738,4
945739,4
945740,4
945741,4
945742,4
945743,1
945744,4
945745,4
945746,4
945747,1
945748,4
945749,1
945750,4
945751,4
945752,1
945753,4
945754,4
945755,4
945756,3
945757,4
945758,1
945759,4
945760,4
945761,4
945762,4
945763,4
945764,4
945765,4
945766,4
945767,4
945768,4
945769,1
945770,4
945771,4
945772,4
945773,4
945774,4
945775,4
945776,4
945777,4
945778,4
945779,4
945780,1
945781,4
945782,4
945783,4
945784,4
945785,4
945786,1
945787,4
945788,4
945789,4
945790,4
945791,4
945792,4
945793,4
945794,4
945795,4
945796,4
945797,4
945798,4
945799,4
945800,4
945801,4
945802,4
945803,4
945804,4
945805,4
945806,4
945807,4
945808,4
945809,4
945810,4
945811,4
945812,4
945813,4
945814,4
945815,4
945816,4
945817,4
945818,4
945819,4
945820,4
945821,4
945822,4
945823,4
945824,4
945825,4
945826,4
945827,4
945828,4
945829,4
945830,4
945831,4
945832,4
945833,4
945834,5
945835,5
945836,4
945837,4
945838,4
945839,4
945840,4
945841,4
945842,5
945843,4
945844,5
945845,4
945846,4
945847,4
945848,4
945849,4
945850,4
945851,5
945852,5
945853,4
945854,4
945855,4
945856,4
945857,4
945858,4
945859,4
945860,4
945861,4
945862,4
945863,3
945864,4
945865,4
945866,3
945867,4
945868,4
945869,4
945870,4
945871,4
945872,1
945873,4
945874,4
945875,4
945876,1
945877,4
945878,4
945879,4
945880,4
945881,4
945882,5
945883,4
945884,4
945885,1
945886,4
945887,4
945888,3
945889,4
945890,4
945891,4
945892,4
945893,4
945894,4
945895,4
945896,4
945897,1
945898,4
945899,4
945900,1
945901,1
945902,4
945903,5
945904,4
945905,5
945906,4
945907,4
945908,4
945909,5
945910,4
945911,4
945912,1
945913,1
945914,4
945915,4
945916,4
945917,4
945918,1
945919,4
945920,1
945921,4
945922,4
945923,5
945924,4
945925,4
945926,4
945927,4
945928,1
945929,4
945930,4
945931,3
945932,4
945933,4
945934,4
945935,4
945936,3
945937,4
945938,4
945939,4
945940,4
945941,1
945942,4
945943,3
945944,4
945945,4
945946,4
945947,4
945948,4
945949,1
945950,5
945951,4
945952,4
945953,4
945954,4
945955,5
945956,4
945957,4
945958,4
945959,4
945960,1
945961,5
945962,4
945963,4
945964,4
945965,1
945966,1
945967,4
945968,4
945969,1
945970,4
945971,4
945972,4
945973,5
945974,4
945975,4
945976,4
945977,4
945978,4
945979,4
945980,4
945981,5
945982,4
945983,4
945984,4
945985,4
945986,4
945987,4
945988,1
945989,4
945990,4
945991,4
945992,4
945993,4
945994,4
945995,4
945996,1
945997,4
945998,4
945999,4
946000,3
946001,4
946002,1
946003,4
946004,4
946005,4
946006,1
946007,4
946008,4
946009,1
946010,4
946011,4
946012,4
946013,4
946014,4
946015,4
946016,4
946017,4
946018,4
946019,4
946020,4
946021,1
946022,4
946023,4
946024,4
946025,5
946026,4
946027,4
946028,4
946029,3
946030,4
946031,4
946032,4
946033,1
946034,4
946035,1
946036,1
946037,1
946038,4
946039,4
946040,4
946041,4
946042,4
946043,4
946044,4
946045,1
946046,4
946047,4
946048,1
946049,4
946050,4
946051,4
946052,1
946053,4
946054,4
946055,4
946056,5
946057,4
946058,5
946059,4
946060,4
946061,1
946062,5
946063,4
946064,1
946065,4
946066,4
946067,4
946068,4
946069,4
946070,4
946071,4
946072,4
946073,4
946074,4
946075,3
946076,4
946077,4
946078,4
946079,4
946080,5
946081,4
946082,4
946083,1
946084,4
946085,1
946086,4
946087,4
946088,4
946089,4
946090,4
946091,4
946092,1
946093,4
946094,4
946095,5
946096,4
946097,5
946098,4
946099,4
946100,4
946101,5
946102,4
946103,4
946104,4
946105,4
946106,4
946107,4
946108,4
946109,4
946110,4
946111,4
946112,4
946113,4
946114,4
946115,4
946116,4
946117,4
946118,5
946119,4
946120,4
946121,4
946122,4
946123,4
946124,4
946125,5
946126,4
946127,4
946128,4
946129,1
946130,4
946131,4
946132,1
946133,4
946134,4
946135,4
946136,4
946137,4
946138,4
946139,5
946140,1
946141,4
946142,4
946143,4
946144,4
946145,5
946146,4
946147,4
946148,4
946149,4
946150,4
946151,4
946152,4
946153,4
946154,5
946155,4
946156,4
946157,4
946158,4
946159,4
946160,4
946161,4
946162,5
946163,4
946164,4
946165,4
946166,4
946167,4
946168,4
946169,4
946170,4
946171,5
946172,4
946173,4
946174,4
946175,4
946176,4
946177,1
946178,4
946179,4
946180,4
946181,4
946182,4
946183,4
946184,5
946185,4
946186,4
946187,4
946188,1
946189,4
946190,4
946191,4
946192,1
946193,4
946194,4
946195,5
946196,4
946197,4
946198,1
946199,4
946200,4
946201,4
946202,4
946203,4
946204,4
946205,4
946206,4
946207,4
946208,4
946209,4
946210,4
946211,4
946212,4
946213,4
946214,4
946215,4
946216,4
946217,4
946218,4
946219,4
946220,4
946221,4
946222,4
946223,4
946224,4
946225,4
946226,4
946227,4
946228,4
946229,4
946230,4
946231,4
946232,4
946233,4
946234,4
946235,1
946236,4
946237,4
946238,4
946239,4
946240,4
946241,4
946242,4
946243,4
946244,4
946245,4
946246,4
946247,4
946248,5
946249,1
946250,4
946251,4
946252,4
946253,4
946254,4
946255,1
946256,4
946257,1
946258,4
946259,4
946260,4
946261,4
946262,4
946263,1
946264,4
946265,4
946266,4
946267,4
946268,4
946269,4
946270,4
946271,4
946272,4
946273,4
946274,4
946275,4
946276,4
946277,1
946278,4
946279,4
946280,4
946281,4
946282,4
946283,4
946284,4
946285,4
946286,4
946287,4
946288,4
946289,4
946290,4
946291,4
946292,4
946293,4
946294,4
946295,4
946296,1
946297,4
946298,4
946299,3
946300,4
946301,4
946302,4
946303,4
946304,4
946305,4
946306,4
946307,4
946308,4
946309,4
946310,4
946311,4
946312,3
946313,4
946314,4
946315,4
946316,4
946317,4
946318,4
946319,4
946320,1
946321,4
946322,4
946323,4
946324,4
946325,4
946326,4
946327,4
946328,4
946329,4
946330,4
946331,1
946332,4
946333,4
946334,4
946335,4
946336,4
946337,1
946338,4
946339,4
946340,4
946341,4
946342,4
946343,4
946344,4
946345,4
946346,4
946347,4
946348,3
946349,4
946350,1
946351,4
946352,4
946353,4
946354,4
946355,4
946356,4
946357,4
946358,4
946359,4
946360,1
946361,4
946362,3
946363,4
946364,4
946365,4
946366,4
946367,4
946368,4
946369,4
946370,1
946371,4
946372,4
946373,4
946374,4
946375,4
946376,3
946377,1
946378,4
946379,4
946380,1
946381,4
946382,4
946383,5
946384,4
946385,4
946386,4
946387,4
946388,4
946389,1
946390,4
946391,4
946392,1
946393,4
946394,1
946395,4
946396,1
946397,4
946398,4
946399,4
946400,4
946401,4
946402,4
946403,4
946404,1
946405,4
946406,1
946407,4
946408,4
946409,4
946410,4
946411,4
946412,4
946413,5
946414,4
946415,1
946416,4
946417,4
946418,4
946419,5
946420,4
946421,4
946422,4
946423,4
946424,4
946425,4
946426,4
946427,4
946428,4
946429,4
946430,4
946431,4
946432,4
946433,4
946434,5
946435,5
946436,5
946437,1
946438,4
946439,4
946440,4
946441,4
946442,4
946443,4
946444,4
946445,4
946446,4
946447,4
946448,4
946449,5
946450,4
946451,1
946452,4
946453,4
946454,4
946455,4
946456,4
946457,4
946458,4
946459,4
946460,5
946461,5
946462,4
946463,4
946464,5
946465,4
946466,4
946467,4
946468,5
946469,4
946470,4
946471,4
946472,4
946473,5
946474,5
946475,4
946476,4
946477,4
946478,4
946479,4
946480,4
946481,4
946482,4
946483,4
946484,5
946485,1
946486,4
946487,4
946488,4
946489,4
946490,4
946491,4
946492,4
946493,4
946494,4
946495,4
946496,4
946497,5
946498,4
946499,1
946500,4
946501,4
946502,5
946503,1
946504,4
946505,4
946506,4
946507,4
946508,4
946509,4
946510,4
946511,4
946512,1
946513,1
946514,4
946515,5
946516,5
946517,4
946518,4
946519,1
946520,4
946521,4
946522,4
946523,4
946524,4
946525,4
946526,4
946527,4
946528,4
946529,1
946530,4
946531,4
946532,4
946533,4
946534,4
946535,4
946536,4
946537,4
946538,4
946539,1
946540,4
946541,1
946542,4
946543,4
946544,4
946545,1
946546,4
946547,4
946548,4
946549,4
946550,1
946551,4
946552,4
