832553,4
832554,4
832555,1
832556,4
832557,4
832558,4
832559,4
832560,1
832561,4
832562,4
832563,5
832564,4
832565,4
832566,4
832567,4
832568,4
832569,5
832570,1
832571,3
832572,1
832573,4
832574,1
832575,4
832576,4
832577,4
832578,4
832579,4
832580,4
832581,4
832582,4
832583,4
832584,4
832585,4
832586,4
832587,4
832588,4
832589,4
832590,4
832591,4
832592,5
832593,4
832594,5
832595,4
832596,1
832597,1
832598,4
832599,4
832600,4
832601,4
832602,4
832603,4
832604,4
832605,4
832606,4
832607,4
832608,4
832609,5
832610,1
832611,4
832612,4
832613,4
832614,4
832615,1
832616,4
832617,4
832618,4
832619,4
832620,4
832621,4
832622,5
832623,4
832624,5
832625,4
832626,4
832627,5
832628,4
832629,4
832630,4
832631,4
832632,1
832633,1
832634,5
832635,4
832636,4
832637,1
832638,1
832639,4
832640,4
832641,4
832642,4
832643,4
832644,4
832645,1
832646,4
832647,4
832648,4
832649,4
832650,4
832651,4
832652,4
832653,4
832654,5
832655,4
832656,1
832657,4
832658,4
832659,4
832660,1
832661,4
832662,5
832663,4
832664,4
832665,4
832666,4
832667,4
832668,4
832669,4
832670,1
832671,4
832672,4
832673,5
832674,4
832675,4
832676,4
832677,1
832678,1
832679,4
832680,4
832681,4
832682,4
832683,4
832684,4
832685,4
832686,4
832687,4
832688,4
832689,4
832690,4
832691,4
832692,4
832693,4
832694,4
832695,4
832696,4
832697,4
832698,4
832699,1
832700,4
832701,4
832702,4
832703,4
832704,4
832705,4
832706,1
832707,5
832708,4
832709,4
832710,5
832711,5
832712,4
832713,5
832714,1
832715,4
832716,4
832717,4
832718,1
832719,4
832720,1
832721,4
832722,4
832723,5
832724,4
832725,4
832726,4
832727,1
832728,4
832729,4
832730,4
832731,4
832732,4
832733,1
832734,4
832735,4
832736,4
832737,4
832738,4
832739,4
832740,4
832741,1
832742,4
832743,5
832744,4
832745,4
832746,4
832747,4
832748,4
832749,4
832750,4
832751,4
832752,1
832753,4
832754,4
832755,4
832756,5
832757,4
832758,4
832759,4
832760,4
832761,4
832762,4
832763,4
832764,4
832765,4
832766,4
832767,4
832768,4
832769,4
832770,4
832771,4
832772,4
832773,4
832774,4
832775,4
832776,4
832777,4
832778,4
832779,4
832780,4
832781,5
832782,4
832783,4
832784,4
832785,4
832786,4
832787,4
832788,4
832789,4
832790,4
832791,1
832792,5
832793,4
832794,4
832795,4
832796,1
832797,4
832798,5
832799,5
832800,5
832801,4
832802,4
832803,4
832804,1
832805,4
832806,5
832807,4
832808,1
832809,4
832810,1
832811,1
832812,4
832813,4
832814,4
832815,1
832816,4
832817,4
832818,4
832819,1
832820,1
832821,4
832822,5
832823,4
832824,4
832825,4
832826,4
832827,1
832828,4
832829,5
832830,4
832831,4
832832,4
832833,4
832834,4
832835,4
832836,4
832837,4
832838,4
832839,4
832840,4
832841,4
832842,4
832843,4
832844,4
832845,4
832846,4
832847,4
832848,4
832849,1
832850,4
832851,4
832852,4
832853,4
832854,4
832855,4
832856,4
832857,4
832858,4
832859,1
832860,4
832861,4
832862,4
832863,4
832864,4
832865,1
832866,4
832867,4
832868,4
832869,4
832870,5
832871,4
832872,4
832873,4
832874,4
832875,4
832876,4
832877,4
832878,4
832879,4
832880,4
832881,4
832882,4
832883,4
832884,4
832885,1
832886,1
832887,4
832888,4
832889,4
832890,4
832891,4
832892,4
832893,4
832894,4
832895,4
832896,4
832897,4
832898,1
832899,4
832900,4
832901,4
832902,4
832903,4
832904,4
832905,4
832906,4
832907,4
832908,4
832909,4
832910,4
832911,4
832912,4
832913,4
832914,4
832915,4
832916,5
832917,4
832918,4
832919,4
832920,4
832921,4
832922,4
832923,1
832924,4
832925,1
832926,5
832927,4
832928,5
832929,4
832930,5
832931,4
832932,4
832933,4
832934,4
832935,4
832936,4
832937,4
832938,4
832939,1
832940,4
832941,4
832942,1
832943,4
832944,4
832945,1
832946,4
832947,4
832948,4
832949,4
832950,4
832951,4
832952,5
832953,4
832954,4
832955,4
832956,4
832957,5
832958,4
832959,1
832960,4
832961,4
832962,4
832963,4
832964,4
832965,4
832966,4
832967,4
832968,4
832969,4
832970,4
832971,4
832972,4
832973,4
832974,5
832975,4
832976,4
832977,1
832978,4
832979,4
832980,4
832981,4
832982,4
832983,4
832984,4
832985,4
832986,4
832987,4
832988,4
832989,4
832990,4
832991,4
832992,4
832993,4
832994,5
832995,1
832996,4
832997,4
832998,1
832999,4
833000,4
833001,4
833002,4
833003,4
833004,4
833005,4
833006,1
833007,4
833008,4
833009,4
833010,1
833011,4
833012,1
833013,4
833014,4
833015,4
833016,1
833017,4
833018,4
833019,4
833020,4
833021,4
833022,4
833023,4
833024,1
833025,4
833026,1
833027,4
833028,4
833029,4
833030,4
833031,4
833032,4
833033,4
833034,4
833035,4
833036,4
833037,4
833038,4
833039,4
833040,4
833041,4
833042,4
833043,4
833044,4
833045,4
833046,4
833047,1
833048,4
833049,1
833050,4
833051,4
833052,4
833053,4
833054,4
833055,4
833056,4
833057,4
833058,4
833059,4
833060,4
833061,4
833062,4
833063,4
833064,4
833065,4
833066,4
833067,4
833068,4
833069,4
833070,4
833071,4
833072,4
833073,4
833074,4
833075,1
833076,4
833077,4
833078,4
833079,4
833080,4
833081,4
833082,4
833083,4
833084,4
833085,4
833086,4
833087,4
833088,4
833089,4
833090,4
833091,4
833092,4
833093,4
833094,4
833095,4
833096,4
833097,4
833098,4
833099,4
833100,1
833101,4
833102,4
833103,4
833104,4
833105,4
833106,4
833107,4
833108,4
833109,4
833110,4
833111,4
833112,4
833113,4
833114,4
833115,4
833116,4
833117,4
833118,4
833119,4
833120,4
833121,4
833122,4
833123,4
833124,4
833125,4
833126,4
833127,1
833128,4
833129,4
833130,1
833131,4
833132,4
833133,4
833134,4
833135,1
833136,4
833137,4
833138,4
833139,4
833140,1
833141,4
833142,4
833143,4
833144,4
833145,4
833146,4
833147,4
833148,4
833149,1
833150,4
833151,1
833152,4
833153,4
833154,4
833155,1
833156,4
833157,1
833158,1
833159,4
833160,4
833161,5
833162,1
833163,4
833164,4
833165,4
833166,4
833167,4
833168,4
833169,4
833170,4
833171,4
833172,4
833173,4
833174,4
833175,4
833176,4
833177,4
833178,4
833179,4
833180,4
833181,4
833182,5
833183,5
833184,4
833185,4
833186,1
833187,4
833188,4
833189,4
833190,4
833191,4
833192,4
833193,4
833194,4
833195,1
833196,4
833197,4
833198,4
833199,4
833200,4
833201,4
833202,4
833203,4
833204,4
833205,4
833206,4
833207,4
833208,4
833209,4
833210,4
833211,4
833212,4
833213,1
833214,4
833215,4
833216,4
833217,4
833218,4
833219,1
833220,4
833221,4
833222,4
833223,4
833224,4
833225,1
833226,4
833227,4
833228,1
833229,4
833230,1
833231,4
833232,1
833233,4
833234,4
833235,4
833236,4
833237,4
833238,4
833239,4
833240,4
833241,4
833242,5
833243,4
833244,1
833245,4
833246,4
833247,4
833248,4
833249,4
833250,4
833251,1
833252,4
833253,4
833254,4
833255,4
833256,4
833257,4
833258,4
833259,4
833260,4
833261,4
833262,4
833263,4
833264,4
833265,4
833266,4
833267,4
833268,4
833269,4
833270,1
833271,4
833272,4
833273,4
833274,1
833275,4
833276,1
833277,4
833278,4
833279,4
833280,1
833281,1
833282,4
833283,4
833284,1
833285,4
833286,4
833287,4
833288,4
833289,4
833290,4
833291,4
833292,4
833293,4
833294,4
833295,4
833296,4
833297,4
833298,5
833299,4
833300,4
833301,4
833302,4
833303,4
833304,4
833305,4
833306,4
833307,4
833308,4
833309,4
833310,4
833311,4
833312,1
833313,4
833314,4
833315,4
833316,4
833317,4
833318,4
833319,4
833320,5
833321,4
833322,1
833323,4
833324,4
833325,4
833326,4
833327,4
833328,1
833329,4
833330,4
833331,4
833332,4
833333,4
833334,4
833335,4
833336,4
833337,4
833338,4
833339,4
833340,5
833341,4
833342,4
833343,4
833344,4
833345,4
833346,4
833347,4
833348,4
833349,4
833350,1
833351,4
833352,4
833353,1
833354,4
833355,4
833356,4
833357,1
833358,4
833359,4
833360,4
833361,5
833362,5
833363,4
833364,4
833365,4
833366,4
833367,4
833368,4
833369,4
833370,4
833371,4
833372,4
833373,1
833374,4
833375,4
833376,4
833377,4
833378,5
833379,5
833380,4
833381,1
833382,4
833383,4
833384,4
833385,4
833386,4
833387,4
833388,4
833389,4
833390,1
833391,1
833392,4
833393,4
833394,4
833395,4
833396,4
833397,4
833398,4
833399,4
833400,4
833401,4
833402,1
833403,4
833404,4
833405,4
833406,4
833407,4
833408,4
833409,4
833410,4
833411,4
833412,5
833413,4
833414,4
833415,4
833416,5
833417,4
833418,4
833419,4
833420,4
833421,4
833422,4
833423,4
833424,4
833425,4
833426,1
833427,4
833428,4
833429,4
833430,4
833431,1
833432,4
833433,4
833434,4
833435,4
833436,4
833437,4
833438,4
833439,4
833440,4
833441,4
833442,4
833443,4
833444,4
833445,4
833446,4
833447,4
833448,4
833449,4
833450,4
833451,3
833452,4
833453,4
833454,4
833455,4
833456,4
833457,4
833458,4
833459,4
833460,1
833461,4
833462,4
833463,4
833464,1
833465,4
833466,3
833467,4
833468,4
833469,4
833470,4
833471,1
833472,1
833473,4
833474,4
833475,4
833476,4
833477,4
833478,4
833479,4
833480,4
833481,4
833482,4
833483,4
833484,4
833485,4
833486,4
833487,4
833488,1
833489,1
833490,4
833491,4
833492,4
833493,1
833494,4
833495,4
833496,4
833497,4
833498,4
833499,4
833500,4
833501,4
833502,4
833503,4
833504,4
833505,4
833506,4
833507,4
833508,4
833509,4
833510,4
833511,4
833512,4
833513,4
833514,4
833515,4
833516,4
833517,4
833518,4
833519,4
833520,4
833521,4
833522,4
833523,1
833524,4
833525,1
833526,4
833527,4
833528,1
833529,4
833530,4
833531,4
833532,4
833533,4
833534,4
833535,5
833536,1
833537,4
833538,4
833539,4
833540,4
833541,4
833542,1
833543,1
833544,4
833545,4
833546,4
833547,1
833548,4
833549,4
833550,4
833551,1
833552,4
833553,4
833554,4
833555,4
833556,4
833557,4
833558,4
833559,3
833560,4
833561,4
833562,4
833563,3
833564,4
833565,4
833566,1
833567,4
833568,4
833569,1
833570,4
833571,1
833572,4
833573,4
833574,4
833575,1
833576,4
833577,4
833578,4
833579,4
833580,5
833581,4
833582,4
833583,4
833584,4
833585,4
833586,4
833587,4
833588,4
833589,4
833590,4
833591,4
833592,4
833593,4
833594,4
833595,4
833596,4
833597,4
833598,4
833599,1
833600,1
833601,4
833602,4
833603,5
833604,4
833605,4
833606,4
833607,4
833608,4
833609,4
833610,4
833611,4
833612,4
833613,4
833614,4
833615,4
833616,4
833617,4
833618,4
833619,4
833620,4
833621,4
833622,4
833623,4
833624,1
833625,4
833626,4
833627,3
833628,3
833629,4
833630,4
833631,4
833632,4
833633,3
833634,4
833635,4
833636,4
833637,4
833638,4
833639,4
833640,4
833641,4
833642,4
833643,1
833644,4
833645,1
833646,4
833647,4
833648,4
833649,5
833650,4
833651,4
833652,5
833653,4
833654,1
833655,4
833656,4
833657,5
833658,4
833659,1
833660,4
833661,1
833662,1
833663,4
833664,5
833665,4
833666,4
833667,4
833668,4
833669,4
833670,4
833671,4
833672,4
833673,4
833674,4
833675,4
833676,5
833677,4
833678,5
833679,4
833680,5
833681,4
833682,4
833683,4
833684,4
833685,3
833686,4
833687,4
833688,4
833689,4
833690,5
833691,4
833692,1
833693,5
833694,4
833695,5
833696,4
833697,1
833698,4
833699,4
833700,4
833701,4
833702,4
833703,4
833704,4
833705,5
833706,4
833707,4
833708,1
833709,5
833710,5
833711,1
833712,5
833713,4
833714,4
833715,4
833716,4
833717,4
833718,4
833719,1
833720,4
833721,4
833722,4
833723,5
833724,5
833725,4
833726,4
833727,4
833728,1
833729,4
833730,4
833731,4
833732,4
833733,4
833734,4
833735,4
833736,4
833737,5
833738,1
833739,5
833740,4
833741,4
833742,4
833743,4
833744,4
833745,1
833746,4
833747,4
833748,5
833749,4
833750,1
833751,1
833752,4
833753,4
833754,4
833755,4
833756,5
833757,4
833758,4
833759,4
833760,4
833761,4
833762,4
833763,4
833764,4
833765,5
833766,4
833767,4
833768,5
833769,5
833770,4
833771,4
833772,4
833773,5
833774,4
833775,4
833776,4
833777,4
833778,4
833779,5
833780,4
833781,4
833782,4
833783,4
833784,4
833785,5
833786,4
833787,4
833788,4
833789,4
833790,4
833791,4
833792,1
833793,4
833794,4
833795,4
833796,1
833797,5
833798,4
833799,5
833800,5
833801,5
833802,4
833803,4
833804,4
833805,4
833806,4
833807,4
833808,4
833809,4
833810,4
833811,4
833812,4
833813,4
833814,4
833815,4
833816,4
833817,4
833818,4
833819,4
833820,4
833821,4
833822,5
833823,4
833824,4
833825,1
833826,4
833827,4
833828,4
833829,4
833830,4
833831,4
833832,4
833833,1
833834,4
833835,4
833836,4
833837,4
833838,4
833839,4
833840,1
833841,4
833842,5
833843,4
833844,4
833845,4
833846,1
833847,4
833848,4
833849,4
833850,4
833851,4
833852,4
833853,4
833854,4
833855,4
833856,5
833857,4
833858,4
833859,5
833860,4
833861,4
833862,4
833863,4
833864,4
833865,4
833866,4
833867,4
833868,4
833869,4
833870,4
833871,4
833872,4
833873,1
833874,4
833875,1
833876,4
833877,4
833878,4
833879,4
833880,4
833881,4
833882,4
833883,4
833884,4
833885,4
833886,4
833887,1
833888,4
833889,4
833890,4
833891,4
833892,4
833893,4
833894,4
833895,4
833896,4
833897,4
833898,4
833899,4
833900,4
833901,4
833902,4
833903,4
833904,4
833905,4
833906,4
833907,4
833908,4
833909,4
833910,4
833911,4
833912,4
833913,4
833914,5
833915,5
833916,1
833917,1
833918,1
833919,4
833920,4
833921,4
833922,4
833923,1
833924,4
833925,4
833926,4
833927,4
833928,4
833929,4
833930,4
833931,4
833932,4
833933,1
833934,1
833935,4
833936,4
833937,4
833938,4
833939,4
833940,4
833941,4
833942,4
833943,4
833944,4
833945,4
833946,4
833947,4
833948,5
833949,4
833950,4
833951,3
833952,1
833953,5
833954,4
833955,4
833956,4
833957,4
833958,4
833959,5
833960,4
833961,4
833962,3
833963,1
833964,4
833965,4
833966,1
833967,5
833968,3
833969,4
833970,4
833971,4
833972,1
833973,3
833974,4
833975,4
833976,4
833977,4
833978,4
833979,4
833980,1
833981,4
833982,4
833983,4
833984,3
833985,5
833986,1
833987,4
833988,4
833989,5
833990,4
833991,3
833992,4
833993,4
833994,3
833995,5
833996,1
833997,3
833998,3
833999,3
834000,4
834001,5
834002,4
834003,4
834004,4
834005,4
834006,4
834007,4
834008,4
834009,3
834010,4
834011,4
834012,3
834013,4
834014,4
834015,4
834016,5
834017,4
834018,5
834019,4
834020,4
834021,4
834022,4
834023,3
834024,5
834025,1
834026,4
834027,1
834028,4
834029,5
834030,4
834031,1
834032,3
834033,4
834034,5
834035,3
834036,4
834037,4
834038,4
834039,4
834040,4
834041,4
834042,4
834043,4
834044,5
834045,3
834046,5
834047,4
834048,3
834049,1
834050,4
834051,5
834052,4
834053,4
834054,4
834055,4
834056,4
834057,4
834058,5
834059,4
834060,4
834061,4
834062,4
834063,4
834064,4
834065,4
834066,4
834067,5
834068,4
834069,1
834070,4
834071,4
834072,1
834073,4
834074,1
834075,4
834076,4
834077,4
834078,4
834079,4
834080,4
834081,4
834082,4
834083,1
834084,5
834085,4
834086,4
834087,4
834088,1
834089,1
834090,4
834091,4
834092,4
834093,4
834094,4
834095,4
834096,4
834097,4
834098,5
834099,4
834100,4
834101,5
834102,4
834103,5
834104,5
834105,5
834106,4
834107,4
834108,4
834109,5
834110,4
834111,5
834112,1
834113,4
834114,4
834115,1
834116,4
834117,5
834118,1
834119,4
834120,4
834121,4
834122,4
834123,4
834124,1
834125,1
834126,4
834127,5
834128,4
834129,4
834130,4
834131,4
834132,4
834133,4
834134,4
834135,4
834136,4
834137,4
834138,1
834139,4
834140,4
834141,4
834142,4
834143,4
834144,1
834145,5
834146,4
834147,4
834148,4
834149,1
834150,4
834151,4
834152,4
834153,1
834154,4
834155,4
834156,4
834157,1
834158,4
834159,4
834160,4
834161,4
834162,4
834163,4
834164,4
834165,1
834166,4
834167,4
834168,4
834169,4
834170,4
834171,4
834172,4
834173,1
834174,4
834175,1
834176,4
834177,4
834178,4
834179,4
834180,4
834181,1
834182,4
834183,1
834184,4
834185,4
834186,4
834187,4
834188,4
834189,3
834190,4
834191,4
834192,4
834193,1
834194,1
834195,4
834196,4
834197,5
834198,4
834199,4
834200,4
834201,4
834202,4
834203,4
834204,4
834205,1
834206,4
834207,4
834208,4
834209,4
834210,4
834211,4
834212,4
834213,4
834214,4
834215,4
834216,4
834217,5
834218,4
834219,4
834220,4
834221,4
834222,4
834223,5
834224,4
834225,4
834226,4
834227,4
834228,5
834229,4
834230,4
834231,4
834232,1
834233,5
834234,4
834235,5
834236,4
834237,1
834238,4
834239,4
834240,5
834241,4
834242,4
834243,4
834244,4
834245,4
834246,4
834247,4
834248,4
834249,4
834250,4
834251,1
834252,4
834253,4
834254,4
834255,4
834256,4
834257,4
834258,4
834259,4
834260,4
834261,4
834262,1
834263,4
834264,4
834265,4
834266,4
834267,5
834268,4
834269,4
834270,1
834271,4
834272,1
834273,4
834274,4
834275,4
834276,4
834277,4
834278,4
834279,1
834280,1
834281,4
834282,1
834283,4
834284,5
834285,4
834286,5
834287,4
834288,4
834289,4
834290,5
834291,4
834292,4
834293,5
834294,5
834295,4
834296,1
834297,4
834298,4
834299,1
834300,4
834301,4
834302,4
834303,4
834304,4
834305,4
834306,1
834307,4
834308,1
834309,4
834310,4
834311,4
834312,4
834313,4
834314,1
834315,4
834316,1
834317,4
834318,4
834319,4
834320,4
834321,4
834322,4
834323,4
834324,4
834325,4
834326,1
834327,4
834328,4
834329,4
834330,4
834331,4
834332,4
834333,5
834334,4
834335,5
834336,5
834337,5
834338,5
834339,4
834340,1
834341,4
834342,4
834343,4
834344,5
834345,4
834346,4
834347,4
834348,4
834349,4
834350,4
834351,1
834352,4
834353,4
834354,4
834355,4
834356,4
834357,5
834358,4
834359,5
834360,4
834361,1
834362,4
834363,4
834364,4
834365,1
834366,4
834367,4
834368,4
834369,4
834370,4
834371,4
834372,4
834373,5
834374,5
834375,4
834376,4
834377,4
834378,4
834379,4
834380,4
834381,5
834382,4
834383,4
834384,1
834385,4
834386,4
834387,4
834388,4
834389,4
834390,1
834391,4
834392,5
834393,4
834394,4
834395,1
834396,4
834397,4
834398,1
834399,4
834400,1
834401,4
834402,5
834403,1
834404,4
834405,4
834406,4
834407,4
834408,3
834409,4
834410,4
834411,1
834412,4
834413,4
834414,4
834415,1
834416,1
834417,1
834418,4
834419,4
834420,4
834421,4
834422,4
834423,4
834424,4
834425,4
834426,4
834427,1
834428,1
834429,5
834430,4
834431,4
834432,4
834433,4
834434,5
834435,4
834436,4
834437,4
834438,4
834439,4
834440,4
834441,4
834442,4
834443,1
834444,4
834445,4
834446,4
834447,1
834448,4
834449,4
834450,4
834451,4
834452,4
834453,4
834454,1
834455,4
834456,4
834457,1
834458,4
834459,1
834460,4
834461,1
834462,4
834463,4
834464,4
834465,4
834466,4
834467,4
834468,4
834469,4
834470,4
834471,4
834472,4
834473,4
834474,4
834475,4
834476,4
834477,4
834478,4
834479,5
834480,4
834481,4
834482,4
834483,4
834484,4
834485,4
834486,4
834487,5
834488,1
834489,4
834490,4
834491,4
834492,4
834493,4
834494,4
834495,4
834496,1
834497,4
834498,4
834499,4
834500,4
834501,1
834502,4
834503,4
834504,4
834505,4
834506,4
834507,4
834508,1
834509,1
834510,4
834511,4
834512,1
834513,4
834514,4
834515,4
834516,4
834517,4
834518,1
834519,5
834520,3
834521,3
834522,1
834523,4
834524,3
834525,3
834526,3
834527,3
834528,3
834529,3
834530,3
834531,3
834532,4
834533,4
834534,4
834535,5
834536,3
834537,3
834538,4
834539,3
834540,5
834541,4
834542,4
834543,5
834544,5
834545,3
834546,3
834547,1
834548,3
834549,3
834550,3
834551,3
834552,3
834553,3
834554,4
834555,4
834556,4
834557,3
834558,4
834559,4
834560,1
834561,4
834562,4
834563,5
834564,1
834565,5
834566,4
834567,4
834568,4
834569,4
834570,4
834571,1
834572,4
834573,5
834574,4
834575,4
834576,4
834577,4
834578,4
834579,4
834580,4
834581,4
834582,5
834583,4
834584,4
834585,4
834586,4
834587,4
834588,4
834589,5
834590,4
834591,5
834592,4
834593,4
834594,5
834595,4
834596,5
834597,4
834598,4
834599,4
834600,4
834601,5
834602,4
834603,1
834604,4
834605,4
834606,1
834607,5
834608,4
834609,4
834610,5
834611,4
834612,4
834613,4
834614,4
834615,4
834616,4
834617,1
834618,4
834619,4
834620,1
834621,4
834622,5
834623,4
834624,4
834625,5
834626,4
834627,4
834628,4
834629,4
834630,4
834631,4
834632,4
834633,4
834634,4
834635,4
834636,4
834637,4
834638,4
834639,4
834640,1
834641,4
834642,5
834643,4
834644,4
834645,4
834646,4
834647,5
834648,5
834649,5
834650,4
834651,5
834652,4
834653,4
834654,4
834655,1
834656,4
834657,4
834658,1
834659,4
834660,4
834661,4
834662,4
834663,4
834664,4
834665,1
834666,4
834667,4
834668,5
834669,4
834670,4
834671,4
834672,5
834673,4
834674,4
834675,1
834676,4
834677,5
834678,4
834679,5
834680,4
834681,5
834682,4
834683,4
834684,4
834685,4
834686,4
834687,5
834688,4
834689,5
834690,3
834691,4
834692,1
834693,5
834694,4
834695,4
834696,4
834697,4
834698,4
834699,4
834700,5
834701,4
834702,5
834703,4
834704,4
834705,4
834706,4
834707,5
834708,4
834709,4
834710,4
834711,4
834712,4
834713,4
834714,4
834715,4
834716,4
834717,1
834718,1
834719,4
834720,4
834721,4
834722,4
834723,5
834724,4
834725,4
834726,1
834727,4
834728,4
834729,4
834730,4
834731,4
834732,4
834733,4
834734,4
834735,1
834736,4
834737,4
834738,4
834739,4
834740,4
834741,4
834742,4
834743,4
834744,4
834745,4
834746,4
834747,4
834748,5
834749,4
834750,4
834751,5
834752,5
834753,4
834754,4
834755,5
834756,4
834757,4
834758,4
834759,4
834760,4
834761,5
834762,1
834763,4
834764,4
834765,3
834766,3
834767,3
834768,3
834769,3
834770,1
834771,1
834772,4
834773,4
834774,4
834775,4
834776,4
834777,5
834778,4
834779,4
834780,4
834781,4
834782,1
834783,4
834784,4
834785,4
834786,4
834787,4
834788,4
834789,4
834790,4
834791,1
834792,4
834793,4
834794,4
834795,4
834796,4
834797,4
834798,4
834799,4
834800,4
834801,4
834802,4
834803,4
834804,3
834805,1
834806,4
834807,4
834808,4
834809,4
834810,1
834811,1
834812,4
834813,4
834814,4
834815,4
834816,4
834817,1
834818,4
834819,4
834820,4
834821,4
834822,4
834823,4
834824,1
834825,4
834826,4
834827,4
834828,4
834829,4
834830,4
834831,4
834832,4
834833,4
834834,4
834835,4
834836,4
834837,4
834838,4
834839,4
834840,4
834841,4
834842,4
834843,1
834844,4
834845,1
834846,4
834847,5
834848,1
834849,4
834850,4
834851,4
834852,4
834853,4
834854,4
834855,4
834856,4
834857,1
834858,4
834859,4
834860,4
834861,4
834862,4
834863,4
834864,4
834865,4
834866,4
834867,4
834868,4
834869,4
834870,4
834871,4
834872,1
834873,4
834874,4
834875,4
834876,4
834877,3
834878,4
834879,4
834880,4
834881,4
834882,4
834883,4
834884,4
834885,4
834886,4
834887,4
834888,1
834889,4
834890,1
834891,4
834892,4
834893,4
834894,4
834895,4
834896,4
834897,4
834898,4
834899,4
834900,1
834901,1
834902,1
834903,1
834904,4
834905,4
834906,4
834907,4
834908,4
834909,4
834910,4
834911,4
834912,4
834913,4
834914,1
834915,4
834916,4
834917,1
834918,4
834919,4
834920,4
834921,4
834922,4
834923,4
834924,4
834925,1
834926,4
834927,4
834928,1
834929,1
834930,4
834931,1
834932,4
834933,4
834934,3
834935,4
834936,4
834937,4
834938,4
834939,4
834940,4
834941,4
834942,4
834943,4
834944,1
834945,1
834946,4
834947,4
834948,4
834949,4
834950,4
834951,4
834952,4
834953,4
834954,4
834955,4
834956,4
834957,4
834958,4
834959,4
834960,4
834961,4
834962,1
834963,4
834964,4
834965,4
834966,4
834967,4
834968,4
834969,4
834970,4
834971,4
834972,4
834973,5
834974,4
834975,4
834976,1
834977,4
834978,4
834979,4
834980,4
834981,4
834982,4
834983,4
834984,4
834985,4
834986,4
834987,4
834988,4
834989,4
834990,4
834991,4
834992,4
834993,4
834994,5
834995,4
834996,4
834997,4
834998,4
834999,4
835000,1
835001,4
835002,4
835003,4
835004,4
835005,3
835006,4
835007,4
835008,4
835009,4
835010,4
835011,4
835012,1
835013,4
835014,4
835015,4
835016,4
835017,4
835018,4
835019,4
835020,4
835021,4
835022,4
835023,4
835024,4
835025,4
835026,4
835027,4
835028,4
835029,4
835030,4
835031,1
835032,4
835033,3
835034,3
835035,4
835036,4
835037,3
835038,4
835039,4
835040,4
835041,4
835042,4
835043,4
835044,4
835045,4
835046,4
835047,4
835048,4
835049,4
835050,4
835051,4
835052,4
835053,4
835054,4
835055,4
835056,4
835057,4
835058,4
835059,4
835060,4
835061,4
835062,4
835063,4
835064,4
835065,4
835066,4
835067,4
835068,1
835069,4
835070,4
835071,1
835072,4
835073,5
835074,4
835075,5
835076,4
835077,4
835078,4
835079,4
835080,1
835081,4
835082,4
835083,1
835084,4
835085,4
835086,4
835087,4
835088,4
835089,4
835090,4
835091,4
835092,4
835093,4
835094,1
835095,4
835096,5
835097,4
835098,4
835099,4
835100,4
835101,5
835102,4
835103,4
835104,4
835105,4
835106,4
835107,4
835108,1
835109,3
835110,4
835111,4
835112,4
835113,1
835114,4
835115,1
835116,4
835117,4
835118,4
835119,4
835120,4
835121,4
835122,4
835123,4
835124,4
835125,4
835126,4
835127,4
835128,4
835129,4
835130,4
835131,4
835132,5
835133,5
835134,5
835135,5
835136,4
835137,4
835138,4
835139,4
835140,4
835141,4
835142,5
835143,5
835144,4
835145,4
835146,4
835147,4
835148,5
835149,4
835150,4
835151,4
835152,4
835153,4
835154,4
835155,4
835156,5
835157,4
835158,4
835159,4
835160,4
835161,4
835162,4
835163,4
835164,4
835165,1
835166,4
835167,4
835168,5
835169,4
835170,4
835171,1
835172,4
835173,5
835174,4
835175,4
835176,4
835177,4
835178,1
835179,5
835180,4
835181,4
835182,1
835183,4
835184,4
835185,4
835186,4
835187,4
835188,5
835189,4
835190,3
835191,5
835192,4
835193,4
835194,5
835195,4
835196,4
835197,4
835198,4
835199,4
835200,4
835201,4
835202,1
835203,4
835204,1
835205,4
835206,4
835207,4
835208,4
835209,5
835210,5
835211,4
835212,4
835213,4
835214,4
835215,4
835216,4
835217,4
835218,4
835219,4
835220,4
835221,1
835222,4
835223,4
835224,4
835225,4
835226,4
835227,4
835228,4
835229,4
835230,4
835231,4
835232,4
835233,4
835234,1
835235,4
835236,4
835237,5
835238,1
835239,4
835240,4
835241,4
835242,4
835243,1
835244,4
835245,1
835246,4
835247,4
835248,4
835249,4
835250,4
835251,4
835252,3
835253,4
835254,4
835255,4
835256,3
835257,1
835258,3
835259,4
835260,4
835261,4
835262,3
835263,4
835264,4
835265,4
835266,3
835267,4
835268,5
835269,5
835270,4
835271,5
835272,5
835273,4
835274,4
835275,4
835276,4
835277,4
835278,4
835279,1
835280,4
835281,4
835282,5
835283,4
835284,4
835285,4
835286,4
835287,4
835288,5
835289,4
835290,1
835291,4
835292,1
835293,4
835294,5
835295,4
835296,5
835297,1
835298,4
835299,4
835300,4
835301,4
835302,4
835303,4
835304,4
835305,4
835306,4
835307,4
835308,4
835309,1
835310,4
835311,4
835312,1
835313,4
835314,4
835315,4
835316,4
835317,4
835318,4
835319,1
835320,4
835321,4
835322,4
835323,4
835324,5
835325,3
835326,4
835327,4
835328,4
835329,4
835330,4
835331,4
835332,4
835333,4
835334,5
835335,4
835336,4
835337,4
835338,4
835339,1
835340,4
835341,4
835342,4
835343,4
835344,4
835345,4
835346,4
835347,1
835348,5
835349,4
835350,4
835351,4
835352,1
835353,4
835354,4
835355,1
835356,4
835357,4
835358,4
835359,4
835360,4
835361,4
835362,4
835363,4
835364,4
835365,4
835366,4
835367,4
835368,4
835369,4
835370,4
835371,4
835372,4
835373,4
835374,5
835375,4
835376,4
835377,4
835378,5
835379,4
835380,4
835381,4
835382,4
835383,4
835384,4
835385,4
835386,4
835387,1
835388,4
835389,3
835390,4
835391,1
835392,4
835393,4
835394,5
835395,4
835396,4
835397,4
835398,4
835399,4
835400,4
835401,4
835402,5
835403,4
835404,4
835405,4
835406,4
835407,4
835408,4
835409,5
835410,1
835411,4
835412,4
835413,4
835414,5
835415,1
835416,4
835417,4
835418,4
835419,4
835420,1
835421,4
835422,4
835423,4
835424,4
835425,4
835426,4
835427,3
835428,1
835429,4
835430,4
835431,4
835432,4
835433,4
835434,4
835435,4
835436,1
835437,4
835438,4
835439,4
835440,4
835441,4
835442,4
835443,4
835444,4
835445,4
835446,4
835447,4
835448,4
835449,4
835450,4
835451,4
835452,4
835453,4
835454,4
835455,4
835456,4
835457,4
835458,4
835459,1
835460,4
835461,4
835462,4
835463,4
835464,4
835465,4
835466,4
835467,4
835468,4
835469,4
835470,1
835471,4
835472,1
835473,4
835474,4
835475,4
835476,1
835477,4
835478,1
835479,4
835480,4
835481,4
835482,4
835483,4
835484,4
835485,4
835486,1
835487,4
835488,4
835489,4
835490,4
835491,5
835492,1
835493,4
835494,4
835495,5
835496,4
835497,4
835498,4
835499,4
835500,4
835501,4
835502,5
835503,5
835504,4
835505,4
835506,4
835507,5
835508,5
835509,1
835510,4
835511,5
835512,4
835513,4
835514,1
835515,5
835516,1
835517,4
835518,4
835519,3
835520,5
835521,4
835522,4
835523,5
835524,5
835525,5
835526,4
835527,5
835528,4
835529,4
835530,4
835531,4
835532,4
835533,4
835534,5
835535,5
835536,4
835537,4
835538,4
835539,4
835540,5
835541,4
835542,4
835543,4
835544,4
835545,4
835546,4
835547,4
835548,4
835549,4
835550,4
835551,4
835552,1
835553,4
835554,4
835555,4
835556,4
835557,4
835558,4
835559,4
835560,1
835561,1
835562,4
835563,4
835564,4
835565,4
835566,4
835567,4
835568,4
835569,4
835570,4
835571,4
835572,4
835573,4
835574,1
835575,4
835576,4
835577,4
835578,4
835579,1
835580,4
835581,4
835582,4
835583,4
835584,4
835585,4
835586,4
835587,4
835588,4
835589,4
835590,4
835591,4
835592,4
835593,1
835594,4
835595,4
835596,4
835597,4
835598,1
835599,4
835600,4
835601,4
835602,4
835603,4
835604,4
835605,4
835606,1
835607,4
835608,4
835609,5
835610,4
835611,4
835612,4
835613,4
835614,4
835615,4
835616,4
835617,4
835618,4
835619,4
835620,4
835621,4
835622,4
835623,5
835624,4
835625,4
835626,1
835627,4
835628,4
835629,4
835630,4
835631,1
835632,4
835633,4
835634,4
835635,4
835636,1
835637,4
835638,4
835639,4
835640,4
835641,3
835642,4
835643,4
835644,4
835645,4
835646,4
835647,1
835648,4
835649,4
835650,4
835651,4
835652,4
835653,4
835654,4
835655,4
835656,4
835657,4
835658,4
835659,4
835660,4
835661,4
835662,4
835663,4
835664,4
835665,4
835666,4
835667,4
835668,5
835669,4
835670,4
835671,4
835672,5
835673,4
835674,4
835675,4
835676,3
835677,4
835678,4
835679,4
835680,4
835681,4
835682,4
835683,4
835684,4
835685,1
835686,4
835687,4
835688,4
835689,4
835690,4
835691,4
835692,4
835693,4
835694,1
835695,4
835696,4
835697,4
835698,4
835699,4
835700,1
835701,4
835702,4
835703,4
835704,4
835705,4
835706,4
835707,4
835708,4
835709,4
835710,4
835711,1
835712,4
835713,4
835714,4
835715,4
835716,1
835717,4
835718,4
835719,4
835720,4
835721,4
835722,4
835723,4
835724,4
835725,4
835726,4
835727,4
835728,4
835729,4
835730,4
835731,4
835732,4
835733,4
835734,4
835735,4
835736,5
835737,4
835738,4
835739,4
835740,4
835741,1
835742,1
835743,4
835744,4
835745,5
835746,4
835747,4
835748,4
835749,4
835750,4
835751,4
835752,4
835753,1
835754,4
835755,4
835756,4
835757,4
835758,4
835759,4
835760,4
835761,4
835762,4
835763,4
835764,4
835765,4
835766,4
835767,4
835768,4
835769,4
835770,4
835771,4
835772,4
835773,4
835774,4
835775,4
835776,4
835777,4
835778,4
835779,4
835780,4
835781,4
835782,4
835783,4
835784,4
835785,1
835786,4
835787,4
835788,4
835789,4
835790,1
835791,4
835792,4
835793,4
835794,4
835795,4
835796,4
835797,4
835798,4
835799,4
835800,4
835801,4
835802,4
835803,4
835804,4
835805,4
835806,1
835807,4
835808,4
835809,4
835810,4
835811,4
835812,1
835813,4
835814,4
835815,4
835816,4
835817,1
835818,4
835819,4
835820,4
835821,4
835822,4
835823,4
835824,4
835825,1
835826,4
835827,4
835828,4
835829,1
835830,4
835831,4
835832,1
835833,4
835834,4
835835,4
835836,4
835837,4
835838,1
835839,4
835840,4
835841,4
835842,4
835843,4
835844,4
835845,4
835846,4
835847,4
835848,1
835849,4
835850,4
835851,4
835852,4
835853,4
835854,4
835855,4
835856,4
835857,4
835858,4
835859,4
835860,4
835861,4
835862,4
835863,4
835864,4
835865,4
835866,4
835867,1
835868,4
835869,4
835870,4
835871,4
835872,4
835873,4
835874,4
835875,4
835876,4
835877,4
835878,4
835879,1
835880,4
835881,4
835882,4
835883,4
835884,4
835885,4
835886,4
835887,4
835888,5
835889,4
835890,1
835891,4
835892,4
835893,4
835894,4
835895,4
835896,4
835897,4
835898,4
835899,4
835900,4
835901,4
835902,4
835903,4
835904,4
835905,4
835906,4
835907,4
835908,4
835909,4
835910,4
835911,5
835912,4
835913,5
835914,4
835915,5
835916,4
835917,1
835918,4
835919,4
835920,5
835921,4
835922,4
835923,4
835924,4
835925,4
835926,5
835927,4
835928,4
835929,5
835930,4
835931,5
835932,5
835933,4
835934,5
835935,4
835936,5
835937,4
835938,4
835939,4
835940,5
835941,1
835942,5
835943,4
835944,1
835945,4
835946,5
835947,4
835948,4
835949,5
835950,4
835951,4
835952,4
835953,5
835954,4
835955,4
835956,4
835957,1
835958,5
835959,4
835960,4
835961,4
835962,1
835963,4
835964,4
835965,4
835966,4
835967,4
835968,4
835969,5
835970,5
835971,4
835972,4
835973,1
835974,4
835975,4
835976,4
835977,4
835978,4
835979,4
835980,4
835981,4
835982,4
835983,1
835984,4
835985,5
835986,1
835987,4
835988,4
835989,1
835990,4
835991,5
835992,4
835993,5
835994,5
835995,4
835996,4
835997,4
835998,5
835999,5
836000,5
836001,4
836002,4
836003,4
836004,1
836005,4
836006,4
836007,4
836008,4
836009,4
836010,4
836011,4
836012,4
836013,4
836014,4
836015,4
836016,4
836017,4
836018,5
836019,4
836020,1
836021,5
836022,4
836023,5
836024,1
836025,4
836026,4
836027,4
836028,4
836029,1
836030,4
836031,4
836032,4
836033,4
836034,4
836035,4
836036,5
836037,4
836038,5
836039,4
836040,4
836041,4
836042,5
836043,5
836044,4
836045,4
836046,3
836047,5
836048,4
836049,4
836050,4
836051,5
836052,4
836053,4
836054,4
836055,1
836056,4
836057,4
836058,4
836059,4
836060,1
836061,4
836062,4
836063,4
836064,4
836065,4
836066,4
836067,4
836068,4
836069,4
836070,4
836071,4
836072,4
836073,4
836074,4
836075,1
836076,4
836077,4
836078,4
836079,4
836080,4
836081,4
836082,4
836083,1
836084,4
836085,4
836086,4
836087,4
836088,4
836089,4
836090,4
836091,4
836092,1
836093,4
836094,4
836095,4
836096,4
836097,4
836098,4
836099,4
836100,4
836101,1
836102,4
836103,4
836104,4
836105,4
836106,4
836107,4
836108,4
836109,4
836110,4
836111,4
836112,4
836113,4
836114,4
836115,4
836116,1
836117,4
836118,4
836119,4
836120,4
836121,4
836122,4
836123,4
836124,4
836125,5
836126,5
836127,5
836128,1
836129,4
836130,4
836131,4
836132,4
836133,4
836134,4
836135,4
836136,4
836137,4
836138,4
836139,4
836140,4
836141,4
836142,4
836143,4
836144,4
836145,4
836146,4
836147,4
836148,4
836149,4
836150,4
836151,4
836152,4
836153,3
836154,4
836155,4
836156,3
836157,3
836158,4
836159,4
836160,4
836161,4
836162,3
836163,3
836164,3
836165,3
836166,4
836167,1
836168,3
836169,3
836170,3
836171,3
836172,3
836173,3
836174,3
836175,1
836176,3
836177,4
836178,4
836179,4
836180,3
836181,3
836182,3
836183,4
836184,3
836185,3
836186,3
836187,4
836188,4
836189,4
836190,4
836191,4
836192,4
836193,4
836194,4
836195,1
836196,4
836197,4
836198,4
836199,4
836200,4
836201,4
836202,4
836203,4
836204,1
836205,4
836206,4
836207,4
836208,4
836209,4
836210,4
836211,4
836212,1
836213,4
836214,4
836215,4
836216,4
836217,4
836218,4
836219,4
836220,4
836221,4
836222,4
836223,4
836224,4
836225,4
836226,4
836227,4
836228,4
836229,4
836230,4
836231,1
836232,4
836233,3
836234,4
836235,4
836236,4
836237,4
836238,1
836239,4
836240,1
836241,4
836242,1
836243,4
836244,4
836245,4
836246,4
836247,4
836248,4
836249,4
836250,4
836251,4
836252,4
836253,4
836254,1
836255,1
836256,4
836257,4
836258,1
836259,5
836260,4
836261,4
836262,1
836263,4
836264,4
836265,4
836266,5
836267,4
836268,4
836269,4
836270,4
836271,4
836272,4
836273,4
836274,4
836275,4
836276,4
836277,5
836278,4
836279,4
836280,4
836281,4
836282,4
836283,4
836284,4
836285,4
836286,4
836287,1
836288,1
836289,4
836290,1
836291,1
836292,4
836293,4
836294,4
836295,4
836296,4
836297,4
836298,4
836299,4
836300,5
836301,4
836302,4
836303,4
836304,3
836305,4
836306,4
836307,4
836308,4
836309,4
836310,4
836311,4
836312,4
836313,4
836314,4
836315,4
836316,4
836317,4
836318,4
836319,4
836320,5
836321,4
836322,4
836323,4
836324,5
836325,4
836326,4
836327,4
836328,4
836329,4
836330,4
836331,5
836332,4
836333,4
836334,4
836335,4
836336,5
836337,1
836338,1
836339,4
836340,5
836341,4
836342,4
836343,5
836344,4
836345,4
836346,5
836347,4
836348,1
836349,4
836350,4
836351,4
836352,5
836353,5
836354,1
836355,4
836356,4
836357,4
836358,4
836359,4
836360,5
836361,5
836362,4
836363,4
836364,4
836365,4
836366,4
836367,4
836368,4
836369,4
836370,4
836371,1
836372,4
836373,4
836374,5
836375,5
836376,5
836377,4
836378,4
836379,4
836380,4
836381,1
836382,4
836383,4
836384,1
836385,4
836386,4
836387,5
836388,5
836389,5
836390,1
836391,5
836392,4
836393,4
836394,1
836395,5
836396,4
836397,4
836398,4
836399,4
836400,4
836401,4
836402,4
836403,4
836404,5
836405,4
836406,5
836407,4
836408,4
836409,4
836410,4
836411,4
836412,5
836413,4
836414,1
836415,4
836416,4
836417,5
836418,4
836419,4
836420,5
836421,5
836422,4
836423,5
836424,1
836425,5
836426,5
836427,5
836428,1
836429,5
836430,5
836431,5
836432,4
836433,4
836434,5
836435,4
836436,4
836437,1
836438,4
836439,4
836440,5
836441,4
836442,5
836443,4
836444,4
836445,4
836446,5
836447,4
836448,5
836449,4
836450,1
836451,4
836452,4
836453,5
836454,5
836455,1
836456,4
836457,4
836458,4
836459,4
836460,4
836461,4
836462,4
836463,4
836464,4
836465,4
836466,4
836467,4
836468,4
836469,5
836470,5
836471,4
836472,4
836473,1
836474,1
836475,4
836476,4
836477,4
836478,4
836479,5
836480,4
836481,5
836482,4
836483,4
836484,4
836485,5
836486,4
836487,4
836488,5
836489,4
836490,4
836491,4
836492,4
836493,1
836494,4
836495,4
836496,5
836497,5
836498,4
836499,4
836500,5
836501,4
836502,4
836503,4
836504,5
836505,4
836506,4
836507,5
836508,4
836509,4
836510,5
836511,5
836512,5
836513,4
836514,4
836515,4
836516,1
836517,5
836518,4
836519,4
836520,4
836521,5
836522,5
836523,4
836524,4
836525,4
836526,4
836527,4
836528,4
836529,4
836530,4
836531,4
836532,4
836533,5
836534,4
836535,4
836536,4
836537,4
836538,4
836539,4
836540,5
836541,4
836542,4
836543,1
836544,4
836545,4
836546,1
836547,4
836548,4
836549,4
836550,5
836551,4
836552,4
836553,4
836554,4
836555,4
836556,4
836557,5
836558,5
836559,4
836560,4
836561,5
836562,4
836563,4
836564,1
836565,5
836566,4
836567,5
836568,4
836569,4
836570,4
836571,4
836572,4
836573,4
836574,4
836575,4
836576,1
836577,1
836578,1
836579,4
836580,4
836581,4
836582,5
836583,4
836584,4
836585,4
836586,4
836587,5
836588,4
836589,4
836590,3
836591,4
836592,5
836593,4
836594,5
836595,4
836596,4
836597,3
836598,3
836599,4
836600,3
836601,3
836602,4
836603,4
836604,4
836605,1
836606,5
836607,4
836608,5
836609,4
836610,5
836611,4
836612,4
836613,5
836614,4
836615,4
836616,1
836617,4
836618,4
836619,4
836620,1
836621,4
836622,4
836623,4
836624,4
836625,4
836626,4
836627,4
836628,4
836629,4
836630,4
836631,4
836632,4
836633,4
836634,4
836635,4
836636,4
836637,4
836638,4
836639,5
836640,4
836641,5
836642,4
836643,4
836644,4
836645,5
836646,4
836647,4
836648,5
836649,1
836650,4
836651,4
836652,4
836653,4
836654,4
836655,1
836656,4
836657,4
836658,4
836659,4
836660,4
836661,4
836662,4
836663,4
836664,4
836665,4
836666,4
836667,1
836668,1
836669,4
836670,4
836671,4
836672,4
836673,4
836674,4
836675,4
836676,4
836677,4
836678,4
836679,4
836680,4
836681,4
836682,4
836683,5
836684,4
836685,4
836686,4
836687,4
836688,4
836689,4
836690,4
836691,4
836692,4
836693,4
836694,4
836695,4
836696,4
836697,4
836698,1
836699,4
836700,1
836701,4
836702,4
836703,4
836704,4
836705,4
836706,4
836707,4
836708,1
836709,4
836710,4
836711,4
836712,4
836713,4
836714,4
836715,4
836716,4
836717,4
836718,4
836719,4
836720,4
836721,4
836722,4
836723,1
836724,4
836725,4
836726,4
836727,4
836728,4
836729,4
836730,4
836731,4
836732,4
836733,4
836734,4
836735,4
836736,4
836737,4
836738,4
836739,5
836740,4
836741,4
836742,4
836743,4
836744,4
836745,1
836746,4
836747,4
836748,1
836749,4
836750,4
836751,4
836752,4
836753,4
836754,4
836755,4
836756,4
836757,5
836758,4
836759,1
836760,4
836761,4
836762,4
836763,4
836764,4
836765,4
836766,4
836767,4
836768,4
836769,4
836770,4
836771,4
836772,4
836773,4
836774,4
836775,1
836776,4
836777,4
836778,4
836779,1
836780,4
836781,4
836782,5
836783,4
836784,4
836785,4
836786,4
836787,4
836788,4
836789,5
836790,4
836791,4
836792,4
836793,1
836794,4
836795,1
836796,4
836797,4
836798,4
836799,1
836800,4
836801,4
836802,4
836803,4
836804,4
836805,4
836806,4
836807,4
836808,4
836809,5
836810,4
836811,4
836812,4
836813,1
836814,4
836815,4
836816,4
836817,4
836818,4
836819,4
836820,4
836821,1
836822,4
836823,4
836824,4
836825,4
836826,3
836827,5
836828,4
836829,4
836830,4
836831,4
836832,4
836833,4
836834,4
836835,3
836836,4
836837,4
836838,4
836839,4
836840,1
836841,4
836842,4
836843,4
836844,4
836845,4
836846,4
836847,1
836848,4
836849,4
836850,4
836851,1
836852,1
836853,1
836854,4
836855,4
836856,4
836857,4
836858,4
836859,1
836860,4
836861,4
836862,4
836863,4
836864,4
836865,4
836866,4
836867,1
836868,4
836869,4
836870,4
836871,4
836872,4
836873,4
836874,4
836875,4
836876,4
836877,4
836878,3
836879,4
836880,3
836881,4
836882,4
836883,4
836884,4
836885,4
836886,1
836887,4
836888,4
836889,4
836890,4
836891,4
836892,4
836893,4
836894,4
836895,4
836896,1
836897,4
836898,4
836899,4
836900,4
836901,4
836902,5
836903,4
836904,4
836905,4
836906,4
836907,1
836908,4
836909,4
836910,4
836911,4
836912,4
836913,4
836914,4
836915,4
836916,4
836917,4
836918,4
836919,4
836920,4
836921,4
836922,1
836923,4
836924,4
836925,4
836926,4
836927,4
836928,1
836929,4
836930,3
836931,4
836932,1
836933,4
836934,4
836935,4
836936,5
836937,4
836938,1
836939,4
836940,4
836941,4
836942,4
836943,1
836944,4
836945,1
836946,4
836947,4
836948,4
836949,4
836950,4
836951,5
836952,4
836953,4
836954,1
836955,4
836956,5
836957,4
836958,4
836959,3
836960,1
836961,4
836962,4
836963,4
836964,4
836965,4
836966,4
836967,4
836968,4
836969,4
836970,4
836971,4
836972,4
836973,5
836974,4
836975,4
836976,4
836977,4
836978,4
836979,4
836980,4
836981,1
836982,4
836983,4
836984,4
836985,4
836986,4
836987,4
836988,4
836989,4
836990,4
836991,4
836992,4
836993,4
836994,4
836995,4
836996,4
836997,4
836998,1
836999,4
837000,4
837001,4
837002,4
837003,4
837004,4
837005,4
837006,4
837007,4
837008,4
837009,4
837010,4
837011,5
837012,4
837013,4
837014,4
837015,4
837016,4
837017,4
837018,4
837019,4
837020,4
837021,1
837022,4
837023,4
837024,4
837025,4
837026,4
837027,4
837028,5
837029,4
837030,4
837031,4
837032,4
837033,4
837034,4
837035,4
837036,1
837037,4
837038,1
837039,4
837040,4
837041,1
837042,4
837043,4
837044,4
837045,1
837046,4
837047,4
837048,4
837049,4
837050,4
837051,4
837052,4
837053,4
837054,4
837055,1
837056,4
837057,4
837058,1
837059,1
837060,4
837061,3
837062,4
837063,4
837064,4
837065,4
837066,1
837067,4
837068,3
837069,5
837070,4
837071,1
837072,4
837073,4
837074,4
837075,1
837076,1
837077,4
837078,4
837079,1
837080,4
837081,4
837082,4
837083,4
837084,4
837085,5
837086,4
837087,4
837088,4
837089,1
837090,4
837091,4
837092,1
837093,4
837094,4
837095,4
837096,4
837097,5
837098,4
837099,4
837100,4
837101,4
837102,4
837103,1
837104,1
837105,4
837106,4
837107,4
837108,4
837109,4
837110,4
837111,4
837112,4
837113,4
837114,4
837115,4
837116,4
837117,4
837118,4
837119,1
837120,4
837121,4
837122,4
837123,5
837124,4
837125,4
837126,1
837127,4
837128,4
837129,4
837130,4
837131,4
837132,4
837133,3
837134,4
837135,4
837136,1
837137,4
837138,1
837139,4
837140,4
837141,4
837142,4
837143,4
837144,4
837145,5
837146,4
837147,5
837148,4
837149,4
837150,4
837151,4
837152,4
837153,4
837154,1
837155,1
837156,4
837157,4
837158,4
837159,4
837160,4
837161,4
837162,4
837163,4
837164,1
837165,4
837166,4
837167,1
837168,4
837169,4
837170,4
837171,1
837172,1
837173,1
837174,4
837175,4
837176,4
837177,4
837178,4
837179,4
837180,4
837181,4
837182,1
837183,4
837184,4
837185,4
837186,4
837187,4
837188,4
837189,1
837190,3
837191,1
837192,4
837193,4
837194,4
837195,1
837196,4
837197,4
837198,4
837199,4
837200,4
837201,4
837202,4
837203,4
837204,4
837205,4
837206,4
837207,4
837208,4
837209,1
837210,4
837211,4
837212,4
837213,4
837214,5
837215,4
837216,5
837217,4
837218,4
837219,4
837220,4
837221,4
837222,4
837223,4
837224,4
837225,4
837226,4
837227,1
837228,4
837229,4
837230,4
837231,4
837232,1
837233,4
837234,1
837235,4
837236,1
837237,4
837238,4
837239,4
837240,4
837241,4
837242,5
837243,3
837244,4
837245,4
837246,4
837247,4
837248,4
837249,1
837250,4
837251,4
837252,4
837253,4
837254,1
837255,4
837256,4
837257,4
837258,4
837259,1
837260,5
837261,4
837262,4
837263,5
837264,1
837265,4
837266,4
837267,4
837268,5
837269,4
837270,3
837271,4
837272,4
837273,4
837274,4
837275,4
837276,4
837277,5
837278,4
837279,4
837280,1
837281,4
837282,4
837283,4
837284,4
837285,4
837286,4
837287,4
837288,1
837289,4
837290,1
837291,4
837292,1
837293,5
837294,4
837295,4
837296,4
837297,4
837298,4
837299,4
837300,4
837301,4
837302,1
837303,4
837304,4
837305,5
837306,4
837307,4
837308,4
837309,4
837310,4
837311,5
837312,4
837313,1
837314,4
837315,1
837316,4
837317,4
837318,4
837319,4
837320,4
837321,4
837322,4
837323,4
837324,4
837325,5
837326,4
837327,4
837328,4
837329,4
837330,4
837331,4
837332,1
837333,4
837334,4
837335,4
837336,4
837337,4
837338,4
837339,4
837340,4
837341,1
837342,4
837343,4
837344,4
837345,4
837346,4
837347,4
837348,4
837349,4
837350,4
837351,4
837352,4
837353,4
837354,5
837355,4
837356,4
837357,4
837358,4
837359,1
837360,4
837361,4
837362,4
837363,4
837364,5
837365,4
837366,4
837367,4
837368,4
837369,1
837370,4
837371,4
837372,4
837373,4
837374,4
837375,4
837376,4
837377,1
837378,4
837379,4
837380,4
837381,4
837382,4
837383,1
837384,4
837385,4
837386,4
837387,4
837388,3
837389,4
837390,4
837391,3
837392,1
837393,4
837394,4
837395,4
837396,4
837397,4
837398,4
837399,4
837400,4
837401,4
837402,4
837403,5
837404,4
837405,4
837406,4
837407,1
837408,4
837409,4
837410,4
837411,4
837412,5
837413,4
837414,4
837415,1
837416,4
837417,4
837418,4
837419,4
837420,1
837421,4
837422,4
837423,4
837424,4
837425,1
837426,4
837427,4
837428,1
837429,4
837430,4
837431,4
837432,4
837433,4
837434,4
837435,4
837436,4
837437,4
837438,4
837439,4
837440,4
837441,1
837442,4
837443,4
837444,4
837445,4
837446,4
837447,4
837448,4
837449,4
837450,4
837451,4
837452,5
837453,4
837454,4
837455,4
837456,4
837457,4
837458,4
837459,4
837460,4
837461,4
837462,4
837463,4
837464,4
837465,4
837466,4
837467,4
837468,4
837469,4
837470,4
837471,1
837472,4
837473,4
837474,4
837475,5
837476,1
837477,4
837478,4
837479,4
837480,4
837481,4
837482,4
837483,5
837484,4
837485,4
837486,4
837487,4
837488,4
837489,4
837490,1
837491,4
837492,1
837493,4
837494,4
837495,5
837496,5
837497,4
837498,4
837499,1
837500,4
837501,4
837502,4
837503,4
837504,4
837505,4
837506,1
837507,4
837508,4
837509,4
837510,4
837511,1
837512,4
837513,4
837514,4
837515,4
837516,4
837517,4
837518,4
837519,4
837520,1
837521,1
837522,4
837523,4
837524,4
837525,4
837526,4
837527,4
837528,3
837529,4
837530,4
837531,1
837532,4
837533,4
837534,5
837535,4
837536,4
837537,4
837538,4
837539,1
837540,5
837541,1
837542,5
837543,4
837544,4
837545,4
837546,4
837547,4
837548,4
837549,4
837550,4
837551,5
837552,4
837553,4
837554,3
837555,1
837556,1
837557,4
837558,4
837559,4
837560,4
837561,4
837562,1
837563,4
837564,4
837565,4
837566,4
837567,4
837568,4
837569,4
837570,4
837571,4
837572,5
837573,4
837574,4
837575,4
837576,4
837577,4
837578,4
837579,4
837580,4
837581,4
837582,4
837583,4
837584,4
837585,4
837586,5
837587,4
837588,4
837589,4
837590,4
837591,4
837592,1
837593,1
837594,4
837595,4
837596,4
837597,4
837598,4
837599,4
837600,1
837601,4
837602,5
837603,4
837604,4
837605,4
837606,4
837607,4
837608,5
837609,5
837610,4
837611,5
837612,4
837613,4
837614,5
837615,4
837616,4
837617,5
837618,4
837619,4
837620,4
837621,4
837622,5
837623,4
837624,4
837625,4
837626,4
837627,4
837628,4
837629,4
837630,4
837631,4
837632,4
837633,4
837634,1
837635,4
837636,4
837637,4
837638,4
837639,4
837640,4
837641,4
837642,4
837643,4
837644,4
837645,4
837646,4
837647,4
837648,4
837649,5
837650,4
837651,4
837652,4
837653,4
837654,4
837655,4
837656,1
837657,4
837658,4
837659,1
837660,5
837661,4
837662,4
837663,4
837664,1
837665,4
837666,4
837667,4
837668,1
837669,4
837670,4
837671,4
837672,4
837673,4
837674,5
837675,4
837676,4
837677,4
837678,4
837679,4
837680,4
837681,4
837682,4
837683,4
837684,1
837685,4
837686,4
837687,4
837688,4
837689,4
837690,5
837691,3
837692,4
837693,4
837694,1
837695,4
837696,1
837697,4
837698,4
837699,4
837700,4
837701,4
837702,4
837703,4
837704,4
837705,1
837706,4
837707,3
837708,4
837709,4
837710,4
837711,1
837712,4
837713,4
837714,4
837715,5
837716,1
837717,5
837718,4
837719,4
837720,4
837721,4
837722,4
837723,4
837724,4
837725,4
837726,4
837727,5
837728,4
837729,4
837730,4
837731,4
837732,4
837733,1
837734,4
837735,4
837736,4
837737,4
837738,4
837739,4
837740,1
837741,4
837742,4
837743,5
837744,4
837745,4
837746,4
837747,4
837748,4
837749,1
837750,4
837751,1
837752,1
837753,4
837754,4
837755,4
837756,4
837757,4
837758,4
837759,4
837760,4
837761,4
837762,4
837763,4
837764,4
837765,4
837766,4
837767,4
837768,4
837769,4
837770,4
837771,5
837772,4
837773,4
837774,5
837775,4
837776,1
837777,4
837778,4
837779,4
837780,4
837781,1
837782,4
837783,1
837784,1
837785,4
837786,4
837787,4
837788,4
837789,4
837790,4
837791,4
837792,4
837793,4
837794,4
837795,4
837796,4
837797,4
837798,4
837799,4
837800,4
837801,4
837802,4
837803,4
837804,4
837805,4
837806,5
837807,4
837808,1
837809,4
837810,4
837811,4
837812,4
837813,1
837814,5
837815,4
837816,4
837817,4
837818,4
837819,4
837820,4
837821,4
837822,5
837823,1
837824,4
837825,4
837826,1
837827,4
837828,4
837829,4
837830,4
837831,4
837832,4
837833,4
837834,4
837835,4
837836,4
837837,4
837838,1
837839,4
837840,4
837841,4
837842,4
837843,4
837844,4
837845,4
837846,4
837847,4
837848,5
837849,4
837850,4
837851,4
837852,4
837853,4
837854,4
837855,4
837856,4
837857,5
837858,1
837859,5
837860,4
837861,1
837862,4
837863,4
837864,5
837865,4
837866,1
837867,4
837868,4
837869,1
837870,4
837871,4
837872,4
837873,4
837874,4
837875,1
837876,4
837877,5
837878,4
837879,4
837880,1
837881,4
837882,4
837883,4
837884,4
837885,4
837886,4
837887,4
837888,4
837889,4
837890,5
837891,4
837892,4
837893,4
837894,4
837895,4
837896,4
837897,4
837898,4
837899,4
837900,4
837901,4
837902,4
837903,5
837904,4
837905,4
837906,5
837907,4
837908,4
837909,1
837910,4
837911,4
837912,4
837913,4
837914,4
837915,4
837916,1
837917,5
837918,4
837919,4
837920,4
837921,3
837922,4
837923,5
837924,4
837925,4
837926,4
837927,4
837928,4
837929,4
837930,4
837931,5
837932,1
837933,4
837934,4
837935,4
837936,4
837937,4
837938,5
837939,4
837940,4
837941,4
837942,4
837943,4
837944,4
837945,4
837946,4
837947,4
837948,4
837949,4
837950,1
837951,4
837952,4
837953,1
837954,1
837955,4
837956,4
837957,4
837958,4
837959,5
837960,4
837961,4
837962,4
837963,4
837964,1
837965,4
837966,1
837967,4
837968,4
837969,1
837970,4
837971,4
837972,4
837973,4
837974,4
837975,4
837976,4
837977,1
837978,4
837979,4
837980,1
837981,4
837982,4
837983,4
837984,4
837985,4
837986,5
837987,5
837988,4
837989,4
837990,4
837991,4
837992,4
837993,4
837994,4
837995,4
837996,4
837997,4
837998,4
837999,4
838000,4
838001,4
838002,4
838003,4
838004,4
838005,4
838006,4
838007,4
838008,4
838009,4
838010,1
838011,5
838012,4
838013,4
838014,4
838015,4
838016,4
838017,4
838018,4
838019,4
838020,4
838021,4
838022,4
838023,4
838024,4
838025,4
838026,4
838027,4
838028,4
838029,1
838030,1
838031,1
838032,4
838033,4
838034,4
838035,1
838036,4
838037,4
838038,4
838039,4
838040,4
838041,4
838042,1
838043,1
838044,4
838045,4
838046,4
838047,1
838048,4
838049,4
838050,1
838051,4
838052,4
838053,4
838054,4
838055,4
838056,4
838057,4
838058,4
838059,4
838060,4
838061,4
838062,4
838063,4
838064,4
838065,4
838066,4
838067,4
838068,4
838069,4
838070,4
838071,4
838072,4
838073,4
838074,4
838075,3
838076,4
838077,4
838078,4
838079,4
838080,4
838081,4
838082,4
838083,4
838084,1
838085,4
838086,1
838087,4
838088,3
838089,4
838090,4
838091,4
838092,4
838093,4
838094,4
838095,4
838096,4
838097,4
838098,1
838099,4
838100,5
838101,4
838102,3
838103,4
838104,4
838105,4
838106,1
838107,1
838108,4
838109,4
838110,1
838111,4
838112,4
838113,4
838114,4
838115,4
838116,5
838117,4
838118,4
838119,4
838120,4
838121,4
838122,4
838123,4
838124,4
838125,4
838126,4
838127,4
838128,4
838129,4
838130,4
838131,4
838132,4
838133,4
838134,4
838135,4
838136,4
838137,1
838138,4
838139,4
838140,1
838141,4
838142,4
838143,1
838144,1
838145,4
838146,4
838147,4
838148,4
838149,4
838150,1
838151,4
838152,4
838153,4
838154,4
838155,5
838156,1
838157,4
838158,3
838159,4
838160,4
838161,4
838162,4
838163,4
838164,4
838165,4
838166,1
838167,5
838168,4
838169,4
838170,4
838171,4
838172,4
838173,4
838174,4
838175,4
838176,5
838177,5
838178,4
838179,4
838180,4
838181,5
838182,4
838183,4
838184,4
838185,4
838186,5
838187,4
838188,4
838189,4
838190,4
838191,4
838192,4
838193,4
838194,4
838195,4
838196,1
838197,1
838198,4
838199,4
838200,5
838201,4
838202,4
838203,4
838204,4
838205,1
838206,4
838207,4
838208,4
838209,5
838210,4
838211,1
838212,4
838213,4
838214,4
838215,4
838216,1
838217,4
838218,5
838219,4
838220,4
838221,4
838222,4
838223,4
838224,4
838225,4
838226,4
838227,1
838228,4
838229,4
838230,4
838231,1
838232,4
838233,4
838234,1
838235,1
838236,4
838237,4
838238,4
838239,5
838240,4
838241,4
838242,4
838243,4
838244,4
838245,5
838246,4
838247,4
838248,4
838249,4
838250,4
838251,4
838252,1
838253,4
838254,4
838255,1
838256,4
838257,1
838258,4
838259,4
838260,4
838261,4
838262,4
838263,4
838264,4
838265,4
838266,4
838267,4
838268,4
838269,4
838270,4
838271,5
838272,4
838273,1
838274,5
838275,4
838276,4
838277,4
838278,1
838279,4
838280,4
838281,4
838282,5
838283,4
838284,4
838285,4
838286,4
838287,1
838288,4
838289,5
838290,4
838291,4
838292,4
838293,5
838294,5
838295,4
838296,5
838297,4
838298,5
838299,4
838300,5
838301,4
838302,4
838303,4
838304,5
838305,5
838306,4
838307,4
838308,4
838309,1
838310,4
838311,1
838312,4
838313,4
838314,4
838315,1
838316,4
838317,4
838318,4
838319,1
838320,4
838321,4
838322,4
838323,4
838324,4
838325,4
838326,4
838327,4
838328,4
838329,4
838330,1
838331,4
838332,4
838333,4
838334,4
838335,4
838336,4
838337,4
838338,4
838339,4
838340,4
838341,4
838342,4
838343,4
838344,4
838345,1
838346,4
838347,5
838348,1
838349,4
838350,3
838351,4
838352,4
838353,1
838354,4
838355,1
838356,1
838357,4
838358,4
838359,4
838360,5
838361,4
838362,4
838363,4
838364,4
838365,4
838366,1
838367,4
838368,4
838369,4
838370,4
838371,4
838372,4
838373,4
838374,4
838375,4
838376,4
838377,4
838378,1
838379,1
838380,4
838381,4
838382,5
838383,4
838384,4
838385,5
838386,4
838387,4
838388,4
838389,4
838390,4
838391,4
838392,1
838393,4
838394,1
838395,4
838396,4
838397,4
838398,4
838399,1
838400,4
838401,4
838402,1
838403,4
838404,1
838405,4
838406,1
838407,4
838408,1
838409,4
838410,4
838411,4
838412,4
838413,4
838414,4
838415,4
838416,4
838417,4
838418,4
838419,4
838420,4
838421,4
838422,4
838423,4
838424,1
838425,1
838426,4
838427,5
838428,4
838429,4
838430,4
838431,4
838432,1
838433,4
838434,4
838435,1
838436,1
838437,1
838438,1
838439,4
838440,4
838441,4
838442,1
838443,4
838444,4
838445,4
838446,4
838447,5
838448,4
838449,4
838450,4
838451,4
838452,4
838453,4
838454,4
838455,4
838456,4
838457,4
838458,4
838459,4
838460,4
838461,1
838462,4
838463,4
838464,4
838465,4
838466,1
838467,4
838468,4
838469,4
838470,1
838471,4
838472,4
838473,1
838474,1
838475,4
838476,4
838477,5
838478,4
838479,4
838480,4
838481,5
838482,5
838483,1
838484,5
838485,4
838486,4
838487,4
838488,4
838489,5
838490,4
838491,4
838492,5
838493,4
838494,4
838495,4
838496,4
838497,4
838498,4
838499,4
838500,4
838501,4
838502,5
838503,4
838504,4
838505,5
838506,1
838507,4
838508,5
838509,4
838510,4
838511,5
838512,4
838513,4
838514,4
838515,5
838516,4
838517,4
838518,4
838519,5
838520,5
838521,4
838522,4
838523,4
838524,4
838525,4
838526,4
838527,4
838528,4
838529,4
838530,4
838531,4
838532,4
838533,4
838534,1
838535,1
838536,4
838537,3
838538,4
838539,5
838540,4
838541,4
838542,4
838543,4
838544,1
838545,4
838546,4
838547,4
838548,5
838549,4
838550,4
838551,4
838552,4
