862553,4
862554,4
862555,3
862556,4
862557,4
862558,1
862559,5
862560,4
862561,4
862562,4
862563,4
862564,4
862565,1
862566,4
862567,4
862568,4
862569,4
862570,1
862571,3
862572,4
862573,4
862574,4
862575,4
862576,4
862577,1
862578,1
862579,4
862580,1
862581,4
862582,4
862583,4
862584,4
862585,4
862586,4
862587,4
862588,4
862589,1
862590,4
862591,4
862592,4
862593,4
862594,4
862595,5
862596,4
862597,5
862598,4
862599,4
862600,5
862601,4
862602,1
862603,1
862604,4
862605,4
862606,1
862607,4
862608,4
862609,1
862610,4
862611,4
862612,4
862613,1
862614,1
862615,4
862616,4
862617,4
862618,4
862619,4
862620,4
862621,4
862622,4
862623,1
862624,4
862625,4
862626,4
862627,4
862628,4
862629,4
862630,4
862631,4
862632,4
862633,4
862634,4
862635,4
862636,4
862637,1
862638,4
862639,4
862640,4
862641,1
862642,4
862643,4
862644,4
862645,4
862646,4
862647,4
862648,4
862649,4
862650,4
862651,4
862652,1
862653,4
862654,4
862655,4
862656,4
862657,4
862658,4
862659,4
862660,1
862661,4
862662,4
862663,4
862664,4
862665,4
862666,4
862667,1
862668,4
862669,4
862670,4
862671,4
862672,4
862673,4
862674,4
862675,1
862676,4
862677,4
862678,3
862679,4
862680,4
862681,4
862682,4
862683,4
862684,4
862685,4
862686,4
862687,4
862688,4
862689,4
862690,4
862691,4
862692,4
862693,1
862694,4
862695,1
862696,4
862697,4
862698,4
862699,4
862700,4
862701,4
862702,4
862703,4
862704,4
862705,4
862706,4
862707,1
862708,4
862709,4
862710,4
862711,4
862712,4
862713,4
862714,4
862715,5
862716,5
862717,4
862718,4
862719,4
862720,4
862721,4
862722,4
862723,4
862724,4
862725,4
862726,5
862727,4
862728,4
862729,1
862730,4
862731,4
862732,4
862733,4
862734,4
862735,4
862736,4
862737,4
862738,4
862739,4
862740,4
862741,4
862742,4
862743,5
862744,1
862745,4
862746,4
862747,4
862748,4
862749,4
862750,4
862751,4
862752,4
862753,4
862754,4
862755,4
862756,4
862757,4
862758,4
862759,4
862760,4
862761,4
862762,4
862763,1
862764,4
862765,4
862766,4
862767,4
862768,4
862769,4
862770,4
862771,4
862772,4
862773,4
862774,4
862775,1
862776,4
862777,4
862778,4
862779,4
862780,4
862781,4
862782,4
862783,4
862784,4
862785,4
862786,1
862787,5
862788,1
862789,4
862790,4
862791,4
862792,4
862793,4
862794,4
862795,4
862796,4
862797,4
862798,4
862799,4
862800,1
862801,4
862802,5
862803,4
862804,4
862805,4
862806,4
862807,4
862808,4
862809,4
862810,4
862811,4
862812,4
862813,5
862814,4
862815,4
862816,4
862817,4
862818,4
862819,4
862820,4
862821,4
862822,4
862823,4
862824,4
862825,4
862826,4
862827,1
862828,4
862829,4
862830,4
862831,4
862832,4
862833,4
862834,4
862835,4
862836,4
862837,4
862838,1
862839,4
862840,4
862841,4
862842,4
862843,4
862844,1
862845,4
862846,4
862847,4
862848,1
862849,4
862850,4
862851,4
862852,4
862853,4
862854,4
862855,5
862856,4
862857,1
862858,4
862859,4
862860,5
862861,4
862862,4
862863,4
862864,5
862865,1
862866,4
862867,4
862868,4
862869,4
862870,4
862871,4
862872,4
862873,4
862874,1
862875,4
862876,4
862877,4
862878,4
862879,4
862880,4
862881,4
862882,4
862883,4
862884,4
862885,4
862886,4
862887,4
862888,4
862889,4
862890,4
862891,4
862892,4
862893,4
862894,3
862895,3
862896,4
862897,4
862898,4
862899,4
862900,1
862901,4
862902,4
862903,4
862904,1
862905,4
862906,4
862907,4
862908,1
862909,4
862910,4
862911,4
862912,4
862913,4
862914,4
862915,4
862916,1
862917,4
862918,1
862919,4
862920,4
862921,4
862922,4
862923,4
862924,3
862925,5
862926,3
862927,4
862928,3
862929,3
862930,4
862931,1
862932,1
862933,4
862934,5
862935,5
862936,4
862937,4
862938,4
862939,5
862940,1
862941,4
862942,5
862943,4
862944,4
862945,4
862946,4
862947,4
862948,4
862949,5
862950,1
862951,4
862952,4
862953,4
862954,4
862955,4
862956,3
862957,5
862958,1
862959,4
862960,5
862961,4
862962,4
862963,4
862964,4
862965,4
862966,4
862967,4
862968,4
862969,4
862970,4
862971,4
862972,4
862973,4
862974,4
862975,4
862976,3
862977,4
862978,4
862979,4
862980,4
862981,4
862982,1
862983,4
862984,4
862985,3
862986,4
862987,4
862988,4
862989,4
862990,4
862991,4
862992,4
862993,4
862994,4
862995,4
862996,4
862997,5
862998,3
862999,4
863000,4
863001,4
863002,4
863003,4
863004,4
863005,1
863006,4
863007,4
863008,1
863009,4
863010,4
863011,3
863012,4
863013,4
863014,4
863015,4
863016,4
863017,4
863018,5
863019,5
863020,5
863021,4
863022,5
863023,4
863024,4
863025,4
863026,1
863027,1
863028,1
863029,4
863030,4
863031,4
863032,4
863033,4
863034,4
863035,4
863036,4
863037,4
863038,4
863039,4
863040,4
863041,4
863042,4
863043,4
863044,1
863045,4
863046,4
863047,4
863048,4
863049,4
863050,4
863051,1
863052,1
863053,1
863054,1
863055,4
863056,4
863057,4
863058,4
863059,4
863060,4
863061,4
863062,4
863063,4
863064,4
863065,1
863066,4
863067,4
863068,4
863069,1
863070,4
863071,4
863072,4
863073,4
863074,4
863075,4
863076,1
863077,4
863078,1
863079,4
863080,4
863081,1
863082,4
863083,4
863084,4
863085,1
863086,4
863087,4
863088,4
863089,4
863090,4
863091,4
863092,4
863093,4
863094,4
863095,4
863096,4
863097,4
863098,1
863099,4
863100,4
863101,4
863102,5
863103,4
863104,4
863105,4
863106,5
863107,4
863108,1
863109,1
863110,4
863111,4
863112,4
863113,4
863114,4
863115,4
863116,5
863117,4
863118,5
863119,4
863120,4
863121,4
863122,4
863123,4
863124,1
863125,4
863126,4
863127,4
863128,4
863129,4
863130,4
863131,4
863132,4
863133,1
863134,4
863135,1
863136,4
863137,4
863138,4
863139,4
863140,4
863141,4
863142,4
863143,4
863144,4
863145,4
863146,4
863147,4
863148,4
863149,4
863150,4
863151,4
863152,4
863153,4
863154,4
863155,4
863156,1
863157,4
863158,4
863159,4
863160,4
863161,4
863162,4
863163,4
863164,4
863165,4
863166,1
863167,4
863168,4
863169,1
863170,4
863171,4
863172,4
863173,4
863174,4
863175,4
863176,4
863177,4
863178,4
863179,1
863180,4
863181,4
863182,4
863183,4
863184,4
863185,4
863186,4
863187,4
863188,4
863189,4
863190,4
863191,4
863192,4
863193,4
863194,4
863195,4
863196,4
863197,4
863198,4
863199,4
863200,4
863201,1
863202,4
863203,4
863204,4
863205,4
863206,4
863207,4
863208,4
863209,4
863210,4
863211,4
863212,4
863213,3
863214,1
863215,1
863216,4
863217,3
863218,4
863219,4
863220,4
863221,3
863222,5
863223,3
863224,3
863225,3
863226,3
863227,3
863228,3
863229,4
863230,4
863231,4
863232,5
863233,3
863234,3
863235,3
863236,1
863237,4
863238,1
863239,5
863240,4
863241,3
863242,3
863243,3
863244,3
863245,3
863246,3
863247,4
863248,3
863249,3
863250,4
863251,4
863252,3
863253,3
863254,5
863255,5
863256,4
863257,4
863258,4
863259,5
863260,4
863261,3
863262,4
863263,3
863264,4
863265,4
863266,3
863267,1
863268,4
863269,3
863270,3
863271,3
863272,4
863273,4
863274,3
863275,3
863276,5
863277,3
863278,3
863279,4
863280,4
863281,4
863282,3
863283,3
863284,4
863285,4
863286,3
863287,3
863288,3
863289,3
863290,3
863291,3
863292,4
863293,1
863294,4
863295,4
863296,3
863297,3
863298,3
863299,3
863300,4
863301,3
863302,3
863303,3
863304,4
863305,4
863306,3
863307,3
863308,3
863309,4
863310,3
863311,4
863312,3
863313,4
863314,3
863315,3
863316,3
863317,3
863318,4
863319,4
863320,4
863321,4
863322,3
863323,3
863324,4
863325,1
863326,3
863327,4
863328,3
863329,3
863330,1
863331,1
863332,3
863333,3
863334,3
863335,3
863336,3
863337,4
863338,1
863339,4
863340,1
863341,4
863342,4
863343,4
863344,3
863345,4
863346,4
863347,3
863348,4
863349,3
863350,4
863351,1
863352,3
863353,4
863354,4
863355,4
863356,3
863357,4
863358,3
863359,4
863360,3
863361,3
863362,5
863363,4
863364,3
863365,3
863366,1
863367,4
863368,3
863369,4
863370,5
863371,4
863372,3
863373,4
863374,4
863375,3
863376,5
863377,3
863378,3
863379,4
863380,4
863381,4
863382,4
863383,4
863384,4
863385,4
863386,4
863387,4
863388,1
863389,4
863390,4
863391,4
863392,3
863393,4
863394,4
863395,4
863396,4
863397,4
863398,4
863399,4
863400,4
863401,4
863402,1
863403,4
863404,4
863405,4
863406,1
863407,4
863408,4
863409,4
863410,4
863411,4
863412,4
863413,4
863414,1
863415,4
863416,4
863417,4
863418,4
863419,5
863420,4
863421,4
863422,4
863423,4
863424,4
863425,1
863426,4
863427,4
863428,4
863429,4
863430,4
863431,4
863432,4
863433,4
863434,4
863435,4
863436,4
863437,4
863438,4
863439,4
863440,4
863441,4
863442,1
863443,4
863444,4
863445,4
863446,1
863447,4
863448,4
863449,1
863450,1
863451,1
863452,4
863453,4
863454,4
863455,4
863456,4
863457,1
863458,1
863459,4
863460,4
863461,4
863462,1
863463,4
863464,4
863465,4
863466,4
863467,4
863468,4
863469,5
863470,4
863471,4
863472,4
863473,4
863474,4
863475,4
863476,4
863477,4
863478,1
863479,4
863480,4
863481,4
863482,4
863483,4
863484,4
863485,4
863486,4
863487,4
863488,4
863489,5
863490,4
863491,4
863492,4
863493,4
863494,4
863495,4
863496,4
863497,4
863498,4
863499,3
863500,4
863501,4
863502,4
863503,4
863504,4
863505,4
863506,4
863507,4
863508,4
863509,4
863510,4
863511,4
863512,4
863513,4
863514,1
863515,4
863516,4
863517,4
863518,4
863519,4
863520,4
863521,4
863522,4
863523,4
863524,5
863525,4
863526,4
863527,5
863528,4
863529,4
863530,5
863531,4
863532,4
863533,4
863534,1
863535,4
863536,4
863537,4
863538,4
863539,4
863540,4
863541,4
863542,4
863543,1
863544,4
863545,4
863546,4
863547,4
863548,4
863549,4
863550,4
863551,4
863552,4
863553,1
863554,1
863555,4
863556,4
863557,4
863558,4
863559,4
863560,4
863561,1
863562,4
863563,4
863564,1
863565,4
863566,4
863567,1
863568,4
863569,4
863570,4
863571,4
863572,4
863573,4
863574,4
863575,4
863576,4
863577,4
863578,4
863579,4
863580,3
863581,4
863582,4
863583,4
863584,1
863585,4
863586,4
863587,4
863588,4
863589,1
863590,4
863591,4
863592,4
863593,4
863594,4
863595,4
863596,4
863597,4
863598,4
863599,4
863600,4
863601,4
863602,1
863603,4
863604,4
863605,1
863606,4
863607,4
863608,4
863609,4
863610,4
863611,4
863612,4
863613,4
863614,4
863615,4
863616,4
863617,1
863618,4
863619,1
863620,4
863621,4
863622,4
863623,4
863624,4
863625,4
863626,4
863627,4
863628,4
863629,4
863630,4
863631,4
863632,4
863633,4
863634,1
863635,4
863636,1
863637,4
863638,4
863639,4
863640,5
863641,5
863642,4
863643,4
863644,4
863645,4
863646,4
863647,4
863648,4
863649,4
863650,1
863651,3
863652,4
863653,3
863654,4
863655,4
863656,4
863657,4
863658,1
863659,4
863660,4
863661,4
863662,4
863663,4
863664,4
863665,4
863666,4
863667,4
863668,4
863669,1
863670,4
863671,4
863672,4
863673,4
863674,4
863675,4
863676,4
863677,4
863678,4
863679,4
863680,4
863681,4
863682,4
863683,4
863684,4
863685,4
863686,4
863687,4
863688,1
863689,4
863690,4
863691,1
863692,4
863693,4
863694,4
863695,4
863696,4
863697,4
863698,1
863699,4
863700,5
863701,4
863702,4
863703,4
863704,1
863705,4
863706,4
863707,1
863708,4
863709,4
863710,1
863711,4
863712,4
863713,4
863714,4
863715,4
863716,4
863717,4
863718,4
863719,1
863720,4
863721,4
863722,4
863723,4
863724,1
863725,4
863726,4
863727,4
863728,4
863729,4
863730,4
863731,1
863732,4
863733,1
863734,4
863735,1
863736,4
863737,4
863738,4
863739,1
863740,4
863741,4
863742,4
863743,4
863744,1
863745,4
863746,1
863747,5
863748,4
863749,4
863750,4
863751,4
863752,4
863753,4
863754,3
863755,4
863756,4
863757,4
863758,4
863759,4
863760,4
863761,4
863762,1
863763,1
863764,4
863765,4
863766,5
863767,1
863768,4
863769,4
863770,4
863771,4
863772,4
863773,1
863774,4
863775,4
863776,4
863777,4
863778,4
863779,4
863780,4
863781,4
863782,4
863783,4
863784,4
863785,4
863786,1
863787,4
863788,4
863789,4
863790,1
863791,4
863792,1
863793,4
863794,4
863795,4
863796,4
863797,4
863798,4
863799,4
863800,5
863801,4
863802,4
863803,4
863804,4
863805,4
863806,4
863807,4
863808,4
863809,4
863810,4
863811,4
863812,4
863813,1
863814,4
863815,4
863816,4
863817,4
863818,4
863819,4
863820,4
863821,4
863822,1
863823,4
863824,4
863825,4
863826,4
863827,4
863828,4
863829,4
863830,4
863831,4
863832,4
863833,4
863834,4
863835,4
863836,4
863837,4
863838,4
863839,4
863840,4
863841,4
863842,4
863843,4
863844,4
863845,4
863846,4
863847,4
863848,4
863849,4
863850,4
863851,4
863852,4
863853,4
863854,4
863855,1
863856,4
863857,4
863858,4
863859,4
863860,4
863861,4
863862,4
863863,4
863864,4
863865,4
863866,1
863867,4
863868,5
863869,4
863870,4
863871,4
863872,4
863873,4
863874,4
863875,4
863876,3
863877,4
863878,1
863879,4
863880,4
863881,1
863882,3
863883,5
863884,3
863885,4
863886,4
863887,3
863888,5
863889,3
863890,4
863891,4
863892,3
863893,3
863894,5
863895,3
863896,3
863897,4
863898,3
863899,5
863900,3
863901,3
863902,3
863903,5
863904,3
863905,1
863906,3
863907,3
863908,4
863909,1
863910,3
863911,3
863912,3
863913,1
863914,4
863915,4
863916,5
863917,4
863918,4
863919,3
863920,1
863921,3
863922,3
863923,5
863924,4
863925,3
863926,1
863927,4
863928,3
863929,4
863930,4
863931,4
863932,3
863933,3
863934,3
863935,3
863936,4
863937,4
863938,3
863939,4
863940,3
863941,5
863942,5
863943,4
863944,3
863945,3
863946,3
863947,3
863948,3
863949,4
863950,4
863951,1
863952,1
863953,4
863954,4
863955,4
863956,3
863957,4
863958,3
863959,1
863960,4
863961,4
863962,3
863963,4
863964,4
863965,4
863966,3
863967,3
863968,3
863969,3
863970,4
863971,1
863972,3
863973,1
863974,4
863975,3
863976,4
863977,3
863978,3
863979,4
863980,3
863981,4
863982,4
863983,4
863984,4
863985,3
863986,3
863987,4
863988,5
863989,1
863990,4
863991,3
863992,1
863993,4
863994,3
863995,1
863996,4
863997,4
863998,4
863999,4
864000,4
864001,4
864002,4
864003,1
864004,4
864005,4
864006,4
864007,4
864008,1
864009,4
864010,4
864011,4
864012,4
864013,4
864014,1
864015,4
864016,4
864017,4
864018,4
864019,4
864020,1
864021,4
864022,4
864023,4
864024,4
864025,5
864026,4
864027,4
864028,4
864029,4
864030,1
864031,4
864032,4
864033,4
864034,4
864035,4
864036,5
864037,4
864038,4
864039,4
864040,4
864041,4
864042,4
864043,4
864044,4
864045,1
864046,4
864047,4
864048,1
864049,4
864050,4
864051,4
864052,4
864053,1
864054,4
864055,1
864056,4
864057,4
864058,4
864059,3
864060,1
864061,4
864062,4
864063,4
864064,4
864065,1
864066,4
864067,4
864068,4
864069,4
864070,4
864071,4
864072,3
864073,1
864074,4
864075,4
864076,4
864077,4
864078,1
864079,4
864080,4
864081,1
864082,4
864083,4
864084,5
864085,4
864086,4
864087,1
864088,4
864089,4
864090,4
864091,4
864092,4
864093,4
864094,4
864095,1
864096,4
864097,4
864098,1
864099,4
864100,4
864101,4
864102,4
864103,5
864104,4
864105,4
864106,1
864107,4
864108,4
864109,4
864110,4
864111,4
864112,4
864113,4
864114,4
864115,4
864116,5
864117,4
864118,1
864119,5
864120,4
864121,4
864122,4
864123,4
864124,4
864125,4
864126,4
864127,1
864128,4
864129,4
864130,1
864131,5
864132,4
864133,4
864134,4
864135,4
864136,5
864137,4
864138,4
864139,4
864140,4
864141,1
864142,5
864143,4
864144,4
864145,5
864146,4
864147,4
864148,4
864149,4
864150,5
864151,4
864152,4
864153,4
864154,4
864155,4
864156,5
864157,5
864158,4
864159,4
864160,4
864161,5
864162,5
864163,5
864164,4
864165,4
864166,5
864167,4
864168,4
864169,4
864170,4
864171,1
864172,4
864173,5
864174,1
864175,5
864176,4
864177,4
864178,4
864179,4
864180,4
864181,4
864182,4
864183,1
864184,1
864185,4
864186,4
864187,4
864188,4
864189,4
864190,4
864191,1
864192,4
864193,4
864194,4
864195,4
864196,4
864197,4
864198,5
864199,4
864200,4
864201,4
864202,4
864203,4
864204,4
864205,5
864206,4
864207,4
864208,4
864209,4
864210,4
864211,4
864212,4
864213,4
864214,4
864215,4
864216,4
864217,5
864218,4
864219,4
864220,5
864221,5
864222,4
864223,1
864224,4
864225,4
864226,4
864227,5
864228,4
864229,4
864230,4
864231,5
864232,4
864233,4
864234,4
864235,4
864236,4
864237,4
864238,4
864239,4
864240,4
864241,4
864242,4
864243,4
864244,4
864245,4
864246,4
864247,1
864248,4
864249,5
864250,4
864251,4
864252,4
864253,4
864254,4
864255,4
864256,4
864257,4
864258,4
864259,4
864260,4
864261,4
864262,4
864263,4
864264,4
864265,4
864266,4
864267,4
864268,4
864269,4
864270,5
864271,4
864272,4
864273,4
864274,1
864275,4
864276,4
864277,4
864278,4
864279,4
864280,1
864281,5
864282,4
864283,4
864284,4
864285,4
864286,4
864287,5
864288,4
864289,1
864290,1
864291,4
864292,4
864293,4
864294,4
864295,1
864296,4
864297,4
864298,5
864299,4
864300,4
864301,4
864302,4
864303,4
864304,4
864305,1
864306,4
864307,4
864308,4
864309,4
864310,1
864311,4
864312,4
864313,4
864314,4
864315,4
864316,4
864317,4
864318,4
864319,4
864320,1
864321,4
864322,5
864323,5
864324,5
864325,4
864326,4
864327,5
864328,5
864329,5
864330,5
864331,4
864332,4
864333,5
864334,4
864335,1
864336,5
864337,4
864338,5
864339,5
864340,4
864341,4
864342,1
864343,4
864344,4
864345,4
864346,1
864347,4
864348,4
864349,4
864350,4
864351,4
864352,4
864353,4
864354,4
864355,4
864356,4
864357,4
864358,4
864359,4
864360,4
864361,4
864362,4
864363,4
864364,4
864365,1
864366,4
864367,4
864368,4
864369,4
864370,4
864371,4
864372,4
864373,4
864374,4
864375,4
864376,5
864377,4
864378,4
864379,4
864380,1
864381,4
864382,4
864383,4
864384,4
864385,4
864386,4
864387,4
864388,4
864389,4
864390,4
864391,4
864392,4
864393,4
864394,4
864395,4
864396,4
864397,4
864398,4
864399,4
864400,4
864401,4
864402,4
864403,4
864404,1
864405,4
864406,1
864407,4
864408,4
864409,4
864410,1
864411,4
864412,4
864413,4
864414,4
864415,1
864416,4
864417,4
864418,4
864419,4
864420,4
864421,4
864422,4
864423,4
864424,4
864425,4
864426,4
864427,4
864428,4
864429,4
864430,4
864431,4
864432,4
864433,4
864434,4
864435,4
864436,4
864437,4
864438,4
864439,4
864440,4
864441,4
864442,4
864443,1
864444,5
864445,4
864446,4
864447,4
864448,5
864449,5
864450,5
864451,4
864452,4
864453,1
864454,5
864455,5
864456,4
864457,5
864458,4
864459,4
864460,4
864461,5
864462,1
864463,4
864464,5
864465,4
864466,5
864467,4
864468,4
864469,1
864470,4
864471,4
864472,4
864473,4
864474,4
864475,5
864476,4
864477,1
864478,4
864479,4
864480,1
864481,1
864482,4
864483,4
864484,4
864485,4
864486,4
864487,4
864488,4
864489,4
864490,4
864491,1
864492,5
864493,4
864494,4
864495,4
864496,4
864497,4
864498,4
864499,1
864500,1
864501,4
864502,4
864503,4
864504,5
864505,1
864506,1
864507,5
864508,4
864509,4
864510,4
864511,4
864512,4
864513,4
864514,4
864515,4
864516,4
864517,4
864518,5
864519,1
864520,4
864521,5
864522,4
864523,1
864524,4
864525,4
864526,5
864527,4
864528,4
864529,1
864530,4
864531,4
864532,1
864533,4
864534,4
864535,4
864536,4
864537,4
864538,4
864539,4
864540,4
864541,4
864542,4
864543,4
864544,4
864545,1
864546,1
864547,4
864548,4
864549,4
864550,4
864551,4
864552,4
864553,4
864554,4
864555,5
864556,4
864557,4
864558,4
864559,1
864560,4
864561,4
864562,4
864563,4
864564,4
864565,4
864566,4
864567,4
864568,5
864569,4
864570,4
864571,5
864572,4
864573,4
864574,4
864575,4
864576,4
864577,4
864578,4
864579,4
864580,4
864581,4
864582,4
864583,4
864584,5
864585,4
864586,4
864587,5
864588,1
864589,5
864590,1
864591,4
864592,4
864593,4
864594,5
864595,5
864596,4
864597,5
864598,1
864599,4
864600,4
864601,4
864602,4
864603,4
864604,4
864605,4
864606,1
864607,5
864608,4
864609,5
864610,5
864611,4
864612,4
864613,4
864614,4
864615,4
864616,1
864617,4
864618,4
864619,4
864620,4
864621,4
864622,1
864623,4
864624,5
864625,4
864626,4
864627,4
864628,4
864629,4
864630,1
864631,4
864632,4
864633,1
864634,4
864635,4
864636,4
864637,5
864638,4
864639,4
864640,4
864641,5
864642,4
864643,4
864644,4
864645,4
864646,4
864647,4
864648,4
864649,4
864650,4
864651,4
864652,1
864653,4
864654,4
864655,4
864656,4
864657,4
864658,4
864659,4
864660,4
864661,1
864662,4
864663,4
864664,4
864665,4
864666,4
864667,4
864668,4
864669,4
864670,4
864671,4
864672,4
864673,4
864674,4
864675,4
864676,4
864677,4
864678,4
864679,4
864680,4
864681,4
864682,4
864683,4
864684,4
864685,4
864686,4
864687,4
864688,4
864689,4
864690,4
864691,4
864692,1
864693,4
864694,4
864695,4
864696,4
864697,4
864698,1
864699,4
864700,4
864701,4
864702,4
864703,1
864704,4
864705,1
864706,4
864707,4
864708,4
864709,4
864710,4
864711,4
864712,5
864713,4
864714,1
864715,4
864716,4
864717,1
864718,4
864719,4
864720,4
864721,4
864722,5
864723,1
864724,4
864725,4
864726,1
864727,4
864728,4
864729,4
864730,4
864731,4
864732,4
864733,4
864734,4
864735,4
864736,4
864737,4
864738,4
864739,4
864740,4
864741,1
864742,4
864743,4
864744,4
864745,4
864746,4
864747,4
864748,4
864749,1
864750,1
864751,4
864752,4
864753,4
864754,4
864755,4
864756,4
864757,1
864758,4
864759,4
864760,4
864761,4
864762,5
864763,4
864764,4
864765,4
864766,4
864767,4
864768,4
864769,4
864770,1
864771,4
864772,4
864773,4
864774,4
864775,4
864776,4
864777,4
864778,4
864779,4
864780,4
864781,1
864782,4
864783,4
864784,1
864785,4
864786,4
864787,1
864788,4
864789,4
864790,4
864791,4
864792,4
864793,4
864794,4
864795,4
864796,4
864797,4
864798,4
864799,4
864800,4
864801,4
864802,4
864803,4
864804,4
864805,4
864806,4
864807,4
864808,4
864809,4
864810,4
864811,4
864812,4
864813,4
864814,3
864815,4
864816,4
864817,4
864818,4
864819,4
864820,4
864821,4
864822,1
864823,4
864824,4
864825,4
864826,4
864827,4
864828,4
864829,4
864830,4
864831,4
864832,1
864833,4
864834,4
864835,4
864836,4
864837,4
864838,4
864839,4
864840,4
864841,1
864842,4
864843,4
864844,4
864845,4
864846,4
864847,1
864848,4
864849,4
864850,5
864851,4
864852,4
864853,4
864854,4
864855,4
864856,5
864857,4
864858,4
864859,4
864860,4
864861,4
864862,4
864863,4
864864,4
864865,4
864866,4
864867,4
864868,4
864869,4
864870,4
864871,4
864872,4
864873,4
864874,4
864875,4
864876,4
864877,4
864878,4
864879,4
864880,4
864881,1
864882,4
864883,4
864884,1
864885,4
864886,4
864887,4
864888,4
864889,4
864890,4
864891,4
864892,1
864893,4
864894,4
864895,4
864896,4
864897,4
864898,4
864899,4
864900,4
864901,4
864902,4
864903,1
864904,4
864905,4
864906,1
864907,4
864908,4
864909,4
864910,4
864911,4
864912,4
864913,4
864914,3
864915,4
864916,1
864917,4
864918,4
864919,4
864920,4
864921,4
864922,5
864923,4
864924,4
864925,5
864926,3
864927,5
864928,4
864929,4
864930,4
864931,4
864932,4
864933,4
864934,4
864935,4
864936,4
864937,4
864938,4
864939,4
864940,4
864941,4
864942,4
864943,4
864944,4
864945,4
864946,4
864947,4
864948,4
864949,4
864950,4
864951,5
864952,4
864953,1
864954,4
864955,4
864956,1
864957,4
864958,1
864959,4
864960,5
864961,4
864962,4
864963,4
864964,5
864965,5
864966,4
864967,4
864968,4
864969,4
864970,4
864971,4
864972,4
864973,4
864974,1
864975,4
864976,4
864977,5
864978,4
864979,5
864980,4
864981,1
864982,4
864983,1
864984,4
864985,4
864986,4
864987,4
864988,5
864989,4
864990,1
864991,4
864992,4
864993,4
864994,4
864995,4
864996,4
864997,4
864998,5
864999,4
865000,1
865001,4
865002,4
865003,4
865004,4
865005,4
865006,1
865007,5
865008,4
865009,4
865010,4
865011,4
865012,4
865013,1
865014,4
865015,4
865016,5
865017,4
865018,4
865019,4
865020,5
865021,4
865022,4
865023,4
865024,5
865025,4
865026,4
865027,5
865028,1
865029,4
865030,1
865031,4
865032,4
865033,4
865034,4
865035,4
865036,5
865037,4
865038,1
865039,4
865040,5
865041,1
865042,4
865043,5
865044,4
865045,5
865046,4
865047,5
865048,4
865049,4
865050,4
865051,4
865052,4
865053,4
865054,5
865055,4
865056,4
865057,4
865058,5
865059,5
865060,4
865061,1
865062,4
865063,4
865064,4
865065,4
865066,5
865067,4
865068,4
865069,4
865070,4
865071,4
865072,4
865073,4
865074,4
865075,4
865076,1
865077,5
865078,4
865079,4
865080,4
865081,4
865082,4
865083,4
865084,4
865085,4
865086,1
865087,4
865088,1
865089,4
865090,4
865091,5
865092,4
865093,4
865094,4
865095,4
865096,3
865097,4
865098,4
865099,5
865100,4
865101,4
865102,4
865103,1
865104,5
865105,4
865106,4
865107,4
865108,5
865109,5
865110,4
865111,4
865112,4
865113,5
865114,5
865115,4
865116,1
865117,4
865118,4
865119,5
865120,4
865121,5
865122,4
865123,5
865124,4
865125,4
865126,1
865127,4
865128,4
865129,5
865130,4
865131,4
865132,4
865133,4
865134,4
865135,4
865136,4
865137,1
865138,4
865139,1
865140,4
865141,4
865142,4
865143,4
865144,4
865145,5
865146,5
865147,4
865148,4
865149,4
865150,4
865151,4
865152,4
865153,4
865154,5
865155,4
865156,5
865157,5
865158,1
865159,4
865160,4
865161,4
865162,4
865163,1
865164,4
865165,5
865166,4
865167,4
865168,4
865169,4
865170,5
865171,4
865172,4
865173,4
865174,1
865175,5
865176,4
865177,4
865178,4
865179,4
865180,5
865181,1
865182,1
865183,4
865184,5
865185,5
865186,4
865187,4
865188,4
865189,4
865190,5
865191,4
865192,4
865193,5
865194,5
865195,4
865196,5
865197,4
865198,4
865199,4
865200,4
865201,4
865202,1
865203,5
865204,4
865205,4
865206,5
865207,4
865208,4
865209,4
865210,4
865211,4
865212,4
865213,1
865214,5
865215,4
865216,4
865217,4
865218,1
865219,5
865220,4
865221,4
865222,4
865223,5
865224,1
865225,5
865226,4
865227,4
865228,4
865229,5
865230,5
865231,4
865232,4
865233,4
865234,4
865235,1
865236,4
865237,1
865238,5
865239,5
865240,4
865241,5
865242,4
865243,4
865244,4
865245,4
865246,4
865247,4
865248,1
865249,4
865250,4
865251,1
865252,1
865253,4
865254,4
865255,4
865256,5
865257,4
865258,4
865259,4
865260,5
865261,5
865262,1
865263,5
865264,4
865265,4
865266,1
865267,5
865268,1
865269,4
865270,4
865271,4
865272,4
865273,4
865274,4
865275,4
865276,4
865277,4
865278,4
865279,4
865280,4
865281,4
865282,4
865283,4
865284,4
865285,4
865286,3
865287,1
865288,1
865289,4
865290,4
865291,4
865292,5
865293,4
865294,1
865295,4
865296,4
865297,4
865298,4
865299,4
865300,4
865301,1
865302,4
865303,1
865304,4
865305,4
865306,1
865307,4
865308,4
865309,1
865310,1
865311,4
865312,4
865313,4
865314,4
865315,4
865316,4
865317,4
865318,4
865319,1
865320,4
865321,4
865322,4
865323,1
865324,4
865325,4
865326,4
865327,4
865328,4
865329,4
865330,4
865331,4
865332,4
865333,4
865334,4
865335,4
865336,4
865337,4
865338,4
865339,4
865340,4
865341,4
865342,4
865343,1
865344,4
865345,4
865346,3
865347,4
865348,4
865349,1
865350,4
865351,1
865352,4
865353,4
865354,4
865355,1
865356,4
865357,4
865358,1
865359,4
865360,4
865361,4
865362,4
865363,4
865364,4
865365,1
865366,4
865367,4
865368,4
865369,4
865370,4
865371,4
865372,4
865373,4
865374,4
865375,4
865376,4
865377,4
865378,4
865379,4
865380,4
865381,4
865382,4
865383,4
865384,4
865385,4
865386,4
865387,4
865388,4
865389,4
865390,1
865391,4
865392,4
865393,4
865394,4
865395,4
865396,5
865397,1
865398,4
865399,1
865400,5
865401,4
865402,1
865403,4
865404,5
865405,1
865406,5
865407,5
865408,4
865409,1
865410,4
865411,4
865412,5
865413,1
865414,4
865415,5
865416,4
865417,4
865418,4
865419,5
865420,4
865421,5
865422,4
865423,4
865424,4
865425,1
865426,1
865427,5
865428,4
865429,4
865430,4
865431,4
865432,4
865433,5
865434,1
865435,4
865436,1
865437,4
865438,4
865439,4
865440,5
865441,4
865442,1
865443,4
865444,4
865445,4
865446,1
865447,4
865448,4
865449,5
865450,4
865451,1
865452,4
865453,4
865454,4
865455,5
865456,4
865457,4
865458,4
865459,1
865460,4
865461,4
865462,4
865463,4
865464,4
865465,1
865466,4
865467,4
865468,1
865469,4
865470,1
865471,4
865472,5
865473,4
865474,4
865475,1
865476,4
865477,1
865478,4
865479,5
865480,4
865481,5
865482,4
865483,4
865484,4
865485,4
865486,1
865487,4
865488,4
865489,4
865490,4
865491,4
865492,4
865493,4
865494,4
865495,4
865496,1
865497,4
865498,4
865499,4
865500,4
865501,4
865502,4
865503,4
865504,4
865505,4
865506,4
865507,4
865508,4
865509,4
865510,4
865511,4
865512,5
865513,4
865514,4
865515,4
865516,4
865517,4
865518,4
865519,4
865520,1
865521,4
865522,4
865523,4
865524,4
865525,4
865526,4
865527,4
865528,1
865529,4
865530,4
865531,4
865532,4
865533,4
865534,4
865535,1
865536,1
865537,5
865538,4
865539,4
865540,4
865541,4
865542,4
865543,4
865544,4
865545,1
865546,4
865547,4
865548,1
865549,5
865550,5
865551,4
865552,5
865553,4
865554,5
865555,5
865556,5
865557,4
865558,5
865559,4
865560,4
865561,1
865562,5
865563,4
865564,5
865565,5
865566,4
865567,5
865568,4
865569,5
865570,4
865571,4
865572,4
865573,4
865574,5
865575,5
865576,4
865577,1
865578,4
865579,4
865580,4
865581,5
865582,5
865583,4
865584,4
865585,5
865586,5
865587,5
865588,5
865589,1
865590,4
865591,4
865592,5
865593,4
865594,4
865595,4
865596,5
865597,4
865598,4
865599,4
865600,4
865601,4
865602,4
865603,5
865604,4
865605,4
865606,4
865607,4
865608,4
865609,4
865610,5
865611,4
865612,5
865613,4
865614,4
865615,4
865616,4
865617,4
865618,4
865619,4
865620,4
865621,5
865622,5
865623,1
865624,4
865625,1
865626,4
865627,4
865628,5
865629,5
865630,4
865631,5
865632,4
865633,1
865634,4
865635,4
865636,5
865637,4
865638,5
865639,4
865640,5
865641,1
865642,4
865643,4
865644,4
865645,4
865646,5
865647,4
865648,4
865649,1
865650,5
865651,4
865652,4
865653,4
865654,4
865655,4
865656,1
865657,4
865658,4
865659,4
865660,4
865661,4
865662,4
865663,5
865664,4
865665,4
865666,4
865667,4
865668,4
865669,4
865670,4
865671,4
865672,4
865673,1
865674,4
865675,4
865676,4
865677,4
865678,4
865679,4
865680,4
865681,4
865682,4
865683,4
865684,4
865685,4
865686,4
865687,4
865688,4
865689,1
865690,4
865691,4
865692,4
865693,4
865694,5
865695,4
865696,4
865697,4
865698,4
865699,4
865700,4
865701,4
865702,4
865703,4
865704,4
865705,4
865706,4
865707,4
865708,4
865709,4
865710,1
865711,4
865712,4
865713,1
865714,4
865715,4
865716,4
865717,4
865718,4
865719,5
865720,4
865721,4
865722,4
865723,4
865724,4
865725,4
865726,4
865727,4
865728,4
865729,4
865730,4
865731,1
865732,4
865733,5
865734,4
865735,4
865736,4
865737,4
865738,4
865739,4
865740,5
865741,4
865742,1
865743,4
865744,4
865745,1
865746,1
865747,4
865748,4
865749,4
865750,4
865751,1
865752,4
865753,4
865754,4
865755,4
865756,4
865757,4
865758,5
865759,5
865760,4
865761,4
865762,5
865763,4
865764,4
865765,4
865766,4
865767,4
865768,4
865769,4
865770,4
865771,4
865772,4
865773,4
865774,5
865775,4
865776,4
865777,4
865778,4
865779,5
865780,4
865781,1
865782,4
865783,4
865784,4
865785,4
865786,4
865787,4
865788,5
865789,4
865790,4
865791,4
865792,4
865793,4
865794,4
865795,4
865796,1
865797,5
865798,4
865799,1
865800,4
865801,5
865802,4
865803,5
865804,4
865805,4
865806,4
865807,4
865808,1
865809,4
865810,5
865811,4
865812,5
865813,4
865814,4
865815,4
865816,4
865817,4
865818,4
865819,5
865820,4
865821,4
865822,4
865823,4
865824,4
865825,4
865826,4
865827,4
865828,4
865829,4
865830,1
865831,5
865832,4
865833,5
865834,4
865835,4
865836,4
865837,4
865838,1
865839,4
865840,4
865841,4
865842,4
865843,4
865844,4
865845,4
865846,4
865847,4
865848,4
865849,4
865850,4
865851,4
865852,4
865853,4
865854,4
865855,1
865856,4
865857,4
865858,4
865859,5
865860,4
865861,4
865862,5
865863,4
865864,4
865865,4
865866,5
865867,4
865868,4
865869,4
865870,4
865871,5
865872,4
865873,4
865874,4
865875,1
865876,4
865877,4
865878,4
865879,4
865880,5
865881,4
865882,4
865883,5
865884,4
865885,4
865886,4
865887,4
865888,4
865889,4
865890,4
865891,4
865892,4
865893,4
865894,4
865895,4
865896,4
865897,5
865898,4
865899,4
865900,4
865901,1
865902,4
865903,1
865904,4
865905,4
865906,4
865907,4
865908,4
865909,1
865910,4
865911,4
865912,4
865913,4
865914,3
865915,3
865916,3
865917,3
865918,3
865919,3
865920,4
865921,1
865922,4
865923,3
865924,4
865925,3
865926,3
865927,3
865928,3
865929,3
865930,1
865931,1
865932,1
865933,3
865934,4
865935,3
865936,3
865937,4
865938,3
865939,3
865940,3
865941,4
865942,3
865943,3
865944,3
865945,3
865946,4
865947,3
865948,4
865949,3
865950,3
865951,3
865952,3
865953,1
865954,4
865955,3
865956,3
865957,3
865958,1
865959,4
865960,3
865961,4
865962,3
865963,3
865964,3
865965,1
865966,4
865967,4
865968,4
865969,4
865970,4
865971,4
865972,4
865973,4
865974,5
865975,1
865976,4
865977,5
865978,4
865979,5
865980,4
865981,4
865982,4
865983,4
865984,4
865985,4
865986,4
865987,1
865988,4
865989,4
865990,5
865991,1
865992,4
865993,4
865994,4
865995,4
865996,4
865997,5
865998,4
865999,4
866000,4
866001,5
866002,4
866003,4
866004,4
866005,4
866006,4
866007,1
866008,4
866009,1
866010,4
866011,4
866012,4
866013,4
866014,4
866015,4
866016,1
866017,4
866018,4
866019,4
866020,4
866021,4
866022,4
866023,4
866024,4
866025,1
866026,4
866027,4
866028,4
866029,4
866030,4
866031,4
866032,4
866033,4
866034,4
866035,4
866036,4
866037,4
866038,4
866039,4
866040,4
866041,4
866042,4
866043,4
866044,5
866045,4
866046,4
866047,4
866048,1
866049,4
866050,4
866051,4
866052,4
866053,4
866054,3
866055,4
866056,4
866057,4
866058,4
866059,4
866060,4
866061,4
866062,4
866063,5
866064,4
866065,4
866066,1
866067,4
866068,4
866069,4
866070,4
866071,4
866072,5
866073,4
866074,5
866075,5
866076,4
866077,5
866078,4
866079,4
866080,5
866081,4
866082,4
866083,4
866084,3
866085,5
866086,1
866087,4
866088,1
866089,5
866090,5
866091,4
866092,4
866093,1
866094,4
866095,4
866096,4
866097,4
866098,4
866099,4
866100,4
866101,4
866102,4
866103,4
866104,4
866105,4
866106,1
866107,4
866108,4
866109,4
866110,4
866111,4
866112,4
866113,1
866114,4
866115,4
866116,4
866117,4
866118,4
866119,4
866120,4
866121,4
866122,4
866123,4
866124,4
866125,4
866126,4
866127,4
866128,4
866129,1
866130,4
866131,1
866132,4
866133,4
866134,4
866135,4
866136,4
866137,4
866138,4
866139,4
866140,4
866141,4
866142,4
866143,1
866144,4
866145,4
866146,4
866147,4
866148,1
866149,1
866150,1
866151,5
866152,4
866153,4
866154,5
866155,5
866156,1
866157,4
866158,1
866159,4
866160,4
866161,4
866162,3
866163,4
866164,4
866165,4
866166,4
866167,5
866168,4
866169,4
866170,4
866171,4
866172,4
866173,4
866174,4
866175,4
866176,4
866177,4
866178,4
866179,5
866180,5
866181,4
866182,4
866183,4
866184,4
866185,1
866186,4
866187,4
866188,4
866189,4
866190,5
866191,4
866192,4
866193,4
866194,4
866195,4
866196,4
866197,5
866198,4
866199,4
866200,4
866201,5
866202,4
866203,5
866204,5
866205,4
866206,4
866207,5
866208,4
866209,5
866210,4
866211,4
866212,4
866213,4
866214,4
866215,4
866216,4
866217,1
866218,1
866219,5
866220,4
866221,4
866222,4
866223,4
866224,4
866225,4
866226,5
866227,4
866228,4
866229,4
866230,4
866231,1
866232,4
866233,4
866234,4
866235,4
866236,4
866237,4
866238,4
866239,1
866240,4
866241,4
866242,5
866243,4
866244,5
866245,4
866246,4
866247,4
866248,5
866249,4
866250,4
866251,4
866252,4
866253,1
866254,4
866255,4
866256,5
866257,4
866258,4
866259,4
866260,4
866261,4
866262,4
866263,4
866264,4
866265,4
866266,4
866267,4
866268,4
866269,4
866270,4
866271,5
866272,1
866273,4
866274,4
866275,4
866276,4
866277,4
866278,4
866279,4
866280,4
866281,1
866282,4
866283,4
866284,4
866285,4
866286,4
866287,4
866288,4
866289,5
866290,1
866291,4
866292,4
866293,4
866294,1
866295,4
866296,4
866297,4
866298,1
866299,4
866300,4
866301,4
866302,4
866303,4
866304,4
866305,4
866306,4
866307,4
866308,4
866309,1
866310,4
866311,1
866312,4
866313,1
866314,4
866315,4
866316,5
866317,4
866318,4
866319,4
866320,5
866321,4
866322,4
866323,4
866324,4
866325,4
866326,4
866327,4
866328,5
866329,4
866330,4
866331,4
866332,4
866333,4
866334,5
866335,4
866336,5
866337,4
866338,5
866339,4
866340,5
866341,4
866342,4
866343,4
866344,5
866345,4
866346,4
866347,4
866348,4
866349,4
866350,4
866351,4
866352,4
866353,5
866354,4
866355,4
866356,4
866357,4
866358,4
866359,4
866360,4
866361,4
866362,5
866363,4
866364,4
866365,4
866366,4
866367,1
866368,5
866369,4
866370,4
866371,4
866372,5
866373,5
866374,4
866375,4
866376,4
866377,5
866378,1
866379,4
866380,4
866381,5
866382,4
866383,4
866384,4
866385,4
866386,4
866387,4
866388,4
866389,5
866390,4
866391,4
866392,4
866393,4
866394,4
866395,4
866396,4
866397,4
866398,4
866399,4
866400,4
866401,4
866402,1
866403,5
866404,4
866405,5
866406,4
866407,5
866408,4
866409,1
866410,5
866411,4
866412,4
866413,4
866414,4
866415,4
866416,4
866417,4
866418,4
866419,1
866420,4
866421,5
866422,4
866423,4
866424,5
866425,4
866426,5
866427,4
866428,5
866429,4
866430,4
866431,4
866432,4
866433,4
866434,4
866435,4
866436,4
866437,4
866438,5
866439,5
866440,4
866441,4
866442,1
866443,5
866444,4
866445,4
866446,4
866447,4
866448,4
866449,4
866450,4
866451,4
866452,4
866453,4
866454,4
866455,4
866456,4
866457,4
866458,4
866459,1
866460,4
866461,1
866462,4
866463,4
866464,1
866465,4
866466,4
866467,4
866468,1
866469,4
866470,4
866471,3
866472,3
866473,3
866474,4
866475,1
866476,4
866477,4
866478,4
866479,4
866480,1
866481,5
866482,4
866483,1
866484,4
866485,4
866486,4
866487,4
866488,4
866489,4
866490,4
866491,4
866492,1
866493,4
866494,5
866495,4
866496,4
866497,4
866498,4
866499,4
866500,4
866501,4
866502,4
866503,5
866504,1
866505,4
866506,4
866507,4
866508,4
866509,4
866510,4
866511,4
866512,4
866513,4
866514,4
866515,5
866516,1
866517,4
866518,4
866519,4
866520,1
866521,4
866522,4
866523,4
866524,4
866525,4
866526,5
866527,4
866528,1
866529,4
866530,4
866531,4
866532,5
866533,5
866534,4
866535,1
866536,4
866537,4
866538,1
866539,4
866540,4
866541,4
866542,4
866543,1
866544,4
866545,4
866546,4
866547,4
866548,4
866549,1
866550,4
866551,4
866552,4
866553,4
866554,1
866555,4
866556,4
866557,4
866558,4
866559,4
866560,4
866561,4
866562,4
866563,4
866564,1
866565,4
866566,5
866567,4
866568,4
866569,4
866570,1
866571,4
866572,4
866573,4
866574,4
866575,4
866576,5
866577,4
866578,4
866579,4
866580,4
866581,4
866582,4
866583,4
866584,4
866585,4
866586,4
866587,4
866588,4
866589,4
866590,4
866591,4
866592,4
866593,4
866594,4
866595,5
866596,1
866597,4
866598,4
866599,1
866600,4
866601,4
866602,4
866603,1
866604,1
866605,1
866606,4
866607,4
866608,1
866609,4
866610,5
866611,5
866612,4
866613,4
866614,4
866615,4
866616,5
866617,4
866618,1
866619,4
866620,4
866621,4
866622,1
866623,4
866624,4
866625,4
866626,4
866627,4
866628,4
866629,4
866630,4
866631,4
866632,4
866633,4
866634,4
866635,4
866636,4
866637,1
866638,4
866639,4
866640,4
866641,4
866642,4
866643,4
866644,4
866645,4
866646,1
866647,4
866648,4
866649,4
866650,1
866651,4
866652,4
866653,4
866654,4
866655,4
866656,4
866657,1
866658,4
866659,4
866660,4
866661,4
866662,4
866663,1
866664,4
866665,4
866666,4
866667,4
866668,4
866669,4
866670,4
866671,4
866672,4
866673,4
866674,1
866675,4
866676,1
866677,4
866678,4
866679,4
866680,4
866681,4
866682,4
866683,4
866684,4
866685,4
866686,4
866687,5
866688,4
866689,4
866690,4
866691,4
866692,4
866693,4
866694,4
866695,4
866696,4
866697,4
866698,1
866699,4
866700,4
866701,4
866702,4
866703,4
866704,4
866705,4
866706,5
866707,1
866708,3
866709,1
866710,4
866711,4
866712,4
866713,4
866714,4
866715,5
866716,4
866717,1
866718,4
866719,4
866720,4
866721,4
866722,4
866723,4
866724,4
866725,4
866726,4
866727,4
866728,4
866729,4
866730,4
866731,4
866732,4
866733,1
866734,4
866735,4
866736,4
866737,4
866738,5
866739,4
866740,4
866741,4
866742,4
866743,1
866744,1
866745,4
866746,4
866747,4
866748,4
866749,5
866750,4
866751,4
866752,4
866753,4
866754,4
866755,4
866756,4
866757,5
866758,4
866759,4
866760,4
866761,4
866762,4
866763,4
866764,4
866765,4
866766,4
866767,5
866768,5
866769,4
866770,4
866771,4
866772,4
866773,4
866774,4
866775,4
866776,4
866777,4
866778,4
866779,4
866780,4
866781,4
866782,4
866783,4
866784,4
866785,5
866786,4
866787,4
866788,4
866789,1
866790,4
866791,4
866792,4
866793,4
866794,4
866795,4
866796,4
866797,5
866798,5
866799,1
866800,4
866801,4
866802,5
866803,5
866804,4
866805,4
866806,4
866807,4
866808,4
866809,4
866810,4
866811,4
866812,4
866813,1
866814,4
866815,4
866816,4
866817,5
866818,4
866819,4
866820,5
866821,4
866822,5
866823,4
866824,1
866825,1
866826,4
866827,4
866828,4
866829,4
866830,4
866831,4
866832,4
866833,1
866834,5
866835,4
866836,4
866837,4
866838,4
866839,4
866840,5
866841,5
866842,3
866843,4
866844,4
866845,4
866846,4
866847,4
866848,4
866849,4
866850,5
866851,4
866852,4
866853,1
866854,4
866855,4
866856,1
866857,5
866858,4
866859,4
866860,4
866861,4
866862,4
866863,5
866864,4
866865,4
866866,4
866867,5
866868,1
866869,4
866870,4
866871,4
866872,4
866873,4
866874,4
866875,5
866876,5
866877,4
866878,1
866879,4
866880,4
866881,4
866882,4
866883,4
866884,4
866885,4
866886,4
866887,1
866888,4
866889,4
866890,4
866891,5
866892,5
866893,4
866894,1
866895,5
866896,3
866897,4
866898,4
866899,4
866900,4
866901,5
866902,4
866903,4
866904,5
866905,4
866906,4
866907,5
866908,1
866909,4
866910,5
866911,4
866912,4
866913,4
866914,1
866915,4
866916,4
866917,4
866918,5
866919,4
866920,4
866921,4
866922,4
866923,4
866924,4
866925,4
866926,1
866927,4
866928,4
866929,4
866930,1
866931,4
866932,4
866933,3
866934,4
866935,1
866936,4
866937,4
866938,4
866939,4
866940,4
866941,4
866942,4
866943,4
866944,4
866945,1
866946,4
866947,4
866948,4
866949,4
866950,4
866951,4
866952,4
866953,4
866954,4
866955,4
866956,4
866957,4
866958,4
866959,4
866960,5
866961,4
866962,4
866963,4
866964,5
866965,1
866966,4
866967,1
866968,4
866969,4
866970,4
866971,1
866972,4
866973,4
866974,4
866975,4
866976,4
866977,4
866978,4
866979,4
866980,4
866981,4
866982,1
866983,4
866984,4
866985,4
866986,1
866987,4
866988,4
866989,4
866990,4
866991,4
866992,4
866993,4
866994,4
866995,4
866996,4
866997,4
866998,4
866999,4
867000,4
867001,1
867002,4
867003,4
867004,1
867005,4
867006,4
867007,5
867008,4
867009,4
867010,1
867011,5
867012,4
867013,1
867014,4
867015,4
867016,4
867017,1
867018,4
867019,4
867020,1
867021,4
867022,4
867023,4
867024,4
867025,3
867026,4
867027,4
867028,4
867029,4
867030,4
867031,3
867032,4
867033,3
867034,4
867035,5
867036,4
867037,4
867038,4
867039,1
867040,4
867041,1
867042,4
867043,4
867044,4
867045,1
867046,4
867047,1
867048,4
867049,1
867050,4
867051,4
867052,4
867053,4
867054,4
867055,3
867056,4
867057,3
867058,3
867059,3
867060,3
867061,5
867062,4
867063,4
867064,4
867065,4
867066,4
867067,4
867068,4
867069,4
867070,1
867071,4
867072,4
867073,4
867074,4
867075,4
867076,1
867077,4
867078,1
867079,4
867080,4
867081,5
867082,5
867083,4
867084,5
867085,4
867086,4
867087,4
867088,4
867089,4
867090,4
867091,5
867092,4
867093,4
867094,4
867095,4
867096,4
867097,4
867098,4
867099,4
867100,1
867101,5
867102,4
867103,4
867104,4
867105,4
867106,4
867107,4
867108,4
867109,4
867110,4
867111,4
867112,4
867113,4
867114,4
867115,4
867116,4
867117,4
867118,4
867119,4
867120,4
867121,4
867122,4
867123,4
867124,5
867125,4
867126,4
867127,4
867128,4
867129,4
867130,5
867131,4
867132,4
867133,4
867134,4
867135,4
867136,4
867137,4
867138,4
867139,4
867140,4
867141,4
867142,5
867143,4
867144,4
867145,4
867146,4
867147,4
867148,4
867149,1
867150,1
867151,1
867152,1
867153,4
867154,5
867155,4
867156,4
867157,4
867158,4
867159,4
867160,4
867161,4
867162,4
867163,4
867164,5
867165,4
867166,5
867167,4
867168,4
867169,4
867170,4
867171,4
867172,4
867173,4
867174,4
867175,5
867176,4
867177,1
867178,5
867179,4
867180,4
867181,4
867182,5
867183,4
867184,4
867185,5
867186,4
867187,4
867188,4
867189,4
867190,1
867191,1
867192,5
867193,5
867194,4
867195,5
867196,4
867197,4
867198,5
867199,5
867200,4
867201,4
867202,4
867203,4
867204,5
867205,4
867206,4
867207,5
867208,4
867209,4
867210,4
867211,4
867212,4
867213,5
867214,4
867215,4
867216,4
867217,4
867218,4
867219,4
867220,5
867221,4
867222,5
867223,4
867224,4
867225,5
867226,4
867227,4
867228,4
867229,1
867230,4
867231,4
867232,4
867233,4
867234,4
867235,4
867236,4
867237,5
867238,4
867239,4
867240,4
867241,4
867242,1
867243,4
867244,4
867245,4
867246,4
867247,4
867248,4
867249,4
867250,4
867251,4
867252,1
867253,4
867254,4
867255,4
867256,4
867257,4
867258,4
867259,4
867260,4
867261,3
867262,4
867263,4
867264,3
867265,4
867266,4
867267,4
867268,4
867269,4
867270,4
867271,4
867272,4
867273,4
867274,4
867275,4
867276,1
867277,4
867278,4
867279,4
867280,4
867281,4
867282,1
867283,5
867284,4
867285,4
867286,4
867287,4
867288,4
867289,4
867290,4
867291,4
867292,4
867293,4
867294,4
867295,4
867296,4
867297,4
867298,3
867299,4
867300,4
867301,4
867302,1
867303,4
867304,4
867305,3
867306,4
867307,4
867308,4
867309,4
867310,1
867311,4
867312,5
867313,4
867314,4
867315,4
867316,4
867317,4
867318,4
867319,4
867320,5
867321,3
867322,4
867323,4
867324,4
867325,3
867326,4
867327,4
867328,4
867329,4
867330,4
867331,4
867332,4
867333,4
867334,4
867335,4
867336,4
867337,4
867338,4
867339,5
867340,1
867341,1
867342,4
867343,4
867344,4
867345,4
867346,4
867347,4
867348,4
867349,4
867350,4
867351,3
867352,4
867353,4
867354,4
867355,1
867356,4
867357,4
867358,4
867359,3
867360,4
867361,5
867362,5
867363,1
867364,4
867365,4
867366,4
867367,4
867368,1
867369,4
867370,1
867371,4
867372,4
867373,5
867374,4
867375,3
867376,5
867377,4
867378,5
867379,4
867380,4
867381,4
867382,5
867383,4
867384,5
867385,4
867386,5
867387,4
867388,1
867389,4
867390,4
867391,4
867392,4
867393,4
867394,4
867395,4
867396,5
867397,4
867398,4
867399,1
867400,1
867401,4
867402,4
867403,5
867404,4
867405,1
867406,4
867407,1
867408,4
867409,5
867410,4
867411,4
867412,1
867413,1
867414,1
867415,4
867416,4
867417,5
867418,4
867419,4
867420,4
867421,3
867422,5
867423,4
867424,4
867425,4
867426,4
867427,4
867428,4
867429,4
867430,4
867431,5
867432,1
867433,5
867434,4
867435,4
867436,1
867437,5
867438,4
867439,4
867440,4
867441,4
867442,4
867443,4
867444,4
867445,4
867446,4
867447,4
867448,4
867449,5
867450,3
867451,4
867452,4
867453,1
867454,5
867455,4
867456,5
867457,5
867458,4
867459,1
867460,3
867461,3
867462,1
867463,4
867464,4
867465,4
867466,4
867467,1
867468,4
867469,3
867470,4
867471,4
867472,4
867473,4
867474,4
867475,4
867476,4
867477,4
867478,4
867479,4
867480,4
867481,5
867482,4
867483,4
867484,1
867485,4
867486,3
867487,4
867488,4
867489,3
867490,4
867491,5
867492,4
867493,5
867494,3
867495,3
867496,4
867497,4
867498,4
867499,4
867500,4
867501,4
867502,4
867503,1
867504,1
867505,4
867506,4
867507,3
867508,4
867509,4
867510,4
867511,5
867512,4
867513,4
867514,1
867515,4
867516,4
867517,3
867518,4
867519,4
867520,4
867521,4
867522,5
867523,5
867524,5
867525,5
867526,4
867527,4
867528,1
867529,4
867530,4
867531,4
867532,5
867533,4
867534,4
867535,4
867536,4
867537,4
867538,4
867539,1
867540,4
867541,4
867542,4
867543,1
867544,4
867545,1
867546,4
867547,4
867548,5
867549,4
867550,4
867551,1
867552,4
867553,1
867554,4
867555,1
867556,4
867557,4
867558,3
867559,1
867560,3
867561,3
867562,5
867563,3
867564,4
867565,4
867566,3
867567,3
867568,4
867569,5
867570,4
867571,4
867572,4
867573,1
867574,5
867575,5
867576,4
867577,4
867578,4
867579,4
867580,4
867581,3
867582,4
867583,4
867584,4
867585,4
867586,4
867587,4
867588,4
867589,4
867590,4
867591,4
867592,4
867593,1
867594,4
867595,1
867596,4
867597,5
867598,4
867599,4
867600,4
867601,3
867602,1
867603,4
867604,4
867605,4
867606,4
867607,4
867608,4
867609,4
867610,4
867611,4
867612,4
867613,4
867614,4
867615,4
867616,4
867617,4
867618,4
867619,4
867620,4
867621,4
867622,4
867623,4
867624,1
867625,4
867626,4
867627,4
867628,4
867629,4
867630,4
867631,3
867632,4
867633,4
867634,4
867635,4
867636,4
867637,4
867638,4
867639,4
867640,4
867641,4
867642,5
867643,1
867644,4
867645,4
867646,4
867647,4
867648,1
867649,1
867650,1
867651,1
867652,5
867653,1
867654,4
867655,4
867656,4
867657,4
867658,4
867659,4
867660,5
867661,4
867662,4
867663,4
867664,4
867665,4
867666,1
867667,4
867668,4
867669,4
867670,4
867671,4
867672,4
867673,4
867674,4
867675,5
867676,4
867677,1
867678,4
867679,4
867680,4
867681,4
867682,4
867683,4
867684,4
867685,4
867686,1
867687,4
867688,4
867689,3
867690,4
867691,1
867692,4
867693,4
867694,4
867695,4
867696,4
867697,4
867698,4
867699,4
867700,4
867701,4
867702,4
867703,1
867704,4
867705,4
867706,4
867707,4
867708,4
867709,4
867710,4
867711,4
867712,4
867713,4
867714,4
867715,4
867716,4
867717,4
867718,1
867719,4
867720,5
867721,4
867722,4
867723,1
867724,4
867725,5
867726,1
867727,4
867728,5
867729,5
867730,5
867731,4
867732,4
867733,1
867734,1
867735,4
867736,4
867737,4
867738,4
867739,4
867740,4
867741,4
867742,4
867743,4
867744,4
867745,4
867746,4
867747,4
867748,4
867749,5
867750,4
867751,1
867752,5
867753,4
867754,4
867755,4
867756,4
867757,3
867758,1
867759,4
867760,1
867761,4
867762,4
867763,4
867764,4
867765,1
867766,4
867767,1
867768,1
867769,5
867770,4
867771,4
867772,4
867773,4
867774,5
867775,4
867776,1
867777,4
867778,4
867779,4
867780,4
867781,1
867782,4
867783,1
867784,4
867785,4
867786,4
867787,4
867788,4
867789,1
867790,1
867791,4
867792,4
867793,4
867794,1
867795,4
867796,5
867797,4
867798,4
867799,5
867800,4
867801,4
867802,4
867803,4
867804,4
867805,4
867806,4
867807,4
867808,4
867809,4
867810,4
867811,4
867812,4
867813,4
867814,4
867815,4
867816,4
867817,4
867818,4
867819,1
867820,4
867821,4
867822,4
867823,4
867824,4
867825,4
867826,4
867827,4
867828,4
867829,1
867830,4
867831,4
867832,1
867833,4
867834,4
867835,1
867836,4
867837,4
867838,4
867839,4
867840,1
867841,4
867842,5
867843,4
867844,4
867845,4
867846,4
867847,4
867848,4
867849,1
867850,5
867851,4
867852,4
867853,4
867854,4
867855,4
867856,4
867857,4
867858,5
867859,4
867860,3
867861,4
867862,4
867863,4
867864,4
867865,1
867866,4
867867,4
867868,4
867869,4
867870,4
867871,4
867872,4
867873,4
867874,1
867875,4
867876,4
867877,4
867878,4
867879,3
867880,4
867881,4
867882,4
867883,4
867884,4
867885,4
867886,4
867887,4
867888,4
867889,4
867890,4
867891,4
867892,4
867893,4
867894,4
867895,4
867896,4
867897,4
867898,4
867899,4
867900,4
867901,4
867902,4
867903,4
867904,4
867905,4
867906,4
867907,4
867908,4
867909,4
867910,4
867911,4
867912,4
867913,4
867914,1
867915,4
867916,4
867917,4
867918,4
867919,4
867920,1
867921,4
867922,4
867923,4
867924,4
867925,4
867926,4
867927,4
867928,4
867929,4
867930,4
867931,4
867932,4
867933,4
867934,4
867935,4
867936,4
867937,5
867938,4
867939,4
867940,4
867941,4
867942,5
867943,4
867944,4
867945,4
867946,4
867947,4
867948,4
867949,4
867950,4
867951,4
867952,4
867953,4
867954,4
867955,5
867956,4
867957,4
867958,4
867959,4
867960,4
867961,1
867962,4
867963,4
867964,4
867965,4
867966,4
867967,3
867968,3
867969,4
867970,3
867971,3
867972,3
867973,1
867974,3
867975,1
867976,1
867977,4
867978,4
867979,1
867980,4
867981,4
867982,4
867983,4
867984,4
867985,1
867986,4
867987,4
867988,4
867989,4
867990,5
867991,1
867992,1
867993,4
867994,1
867995,4
867996,4
867997,4
867998,4
867999,4
868000,4
868001,4
868002,4
868003,4
868004,4
868005,4
868006,4
868007,4
868008,4
868009,4
868010,4
868011,4
868012,4
868013,3
868014,4
868015,4
868016,4
868017,4
868018,1
868019,4
868020,4
868021,4
868022,4
868023,4
868024,1
868025,4
868026,4
868027,4
868028,4
868029,4
868030,4
868031,4
868032,4
868033,4
868034,1
868035,1
868036,4
868037,4
868038,4
868039,4
868040,5
868041,4
868042,4
868043,4
868044,4
868045,4
868046,1
868047,4
868048,4
868049,4
868050,4
868051,4
868052,4
868053,4
868054,4
868055,4
868056,4
868057,4
868058,4
868059,4
868060,4
868061,4
868062,4
868063,4
868064,4
868065,4
868066,4
868067,4
868068,4
868069,4
868070,4
868071,4
868072,4
868073,4
868074,4
868075,4
868076,4
868077,4
868078,4
868079,4
868080,4
868081,4
868082,4
868083,4
868084,4
868085,4
868086,4
868087,4
868088,1
868089,4
868090,4
868091,4
868092,4
868093,4
868094,4
868095,4
868096,4
868097,4
868098,4
868099,4
868100,4
868101,4
868102,4
868103,4
868104,4
868105,4
868106,4
868107,4
868108,4
868109,1
868110,4
868111,1
868112,4
868113,4
868114,1
868115,4
868116,4
868117,1
868118,4
868119,4
868120,4
868121,4
868122,4
868123,4
868124,4
868125,4
868126,1
868127,1
868128,4
868129,4
868130,4
868131,5
868132,4
868133,4
868134,4
868135,4
868136,4
868137,1
868138,4
868139,4
868140,4
868141,4
868142,1
868143,4
868144,4
868145,4
868146,4
868147,1
868148,4
868149,4
868150,4
868151,4
868152,4
868153,4
868154,4
868155,4
868156,4
868157,1
868158,4
868159,4
868160,4
868161,4
868162,4
868163,4
868164,4
868165,4
868166,4
868167,4
868168,4
868169,5
868170,4
868171,4
868172,4
868173,4
868174,4
868175,4
868176,4
868177,4
868178,5
868179,4
868180,4
868181,5
868182,4
868183,4
868184,4
868185,4
868186,4
868187,4
868188,1
868189,4
868190,4
868191,4
868192,4
868193,4
868194,4
868195,4
868196,4
868197,4
868198,5
868199,4
868200,4
868201,4
868202,4
868203,4
868204,4
868205,4
868206,4
868207,4
868208,4
868209,5
868210,1
868211,4
868212,4
868213,4
868214,4
868215,4
868216,4
868217,4
868218,4
868219,1
868220,4
868221,4
868222,4
868223,4
868224,4
868225,4
868226,1
868227,4
868228,5
868229,4
868230,4
868231,4
868232,1
868233,4
868234,4
868235,1
868236,5
868237,5
868238,4
868239,4
868240,4
868241,4
868242,4
868243,4
868244,3
868245,4
868246,4
868247,3
868248,4
868249,4
868250,4
868251,4
868252,4
868253,4
868254,4
868255,4
868256,4
868257,4
868258,1
868259,4
868260,4
868261,4
868262,4
868263,4
868264,5
868265,4
868266,4
868267,4
868268,4
868269,4
868270,1
868271,4
868272,4
868273,4
868274,4
868275,4
868276,4
868277,4
868278,4
868279,4
868280,4
868281,4
868282,4
868283,4
868284,4
868285,4
868286,4
868287,4
868288,4
868289,4
868290,1
868291,4
868292,4
868293,4
868294,4
868295,1
868296,4
868297,4
868298,4
868299,4
868300,4
868301,4
868302,4
868303,4
868304,4
868305,4
868306,3
868307,4
868308,4
868309,4
868310,1
868311,4
868312,4
868313,1
868314,4
868315,1
868316,4
868317,4
868318,4
868319,1
868320,1
868321,4
868322,4
868323,4
868324,4
868325,4
868326,4
868327,3
868328,4
868329,4
868330,1
868331,4
868332,4
868333,4
868334,4
868335,4
868336,4
868337,4
868338,4
868339,4
868340,4
868341,4
868342,1
868343,3
868344,4
868345,4
868346,1
868347,1
868348,4
868349,4
868350,4
868351,4
868352,4
868353,4
868354,4
868355,4
868356,4
868357,4
868358,4
868359,4
868360,4
868361,4
868362,4
868363,4
868364,4
868365,4
868366,4
868367,4
868368,4
868369,5
868370,4
868371,4
868372,4
868373,4
868374,4
868375,4
868376,4
868377,4
868378,4
868379,4
868380,4
868381,1
868382,5
868383,4
868384,1
868385,5
868386,4
868387,4
868388,4
868389,1
868390,4
868391,4
868392,4
868393,4
868394,4
868395,4
868396,4
868397,4
868398,4
868399,3
868400,1
868401,4
868402,1
868403,4
868404,4
868405,4
868406,4
868407,3
868408,4
868409,4
868410,4
868411,4
868412,4
868413,4
868414,4
868415,4
868416,4
868417,4
868418,4
868419,4
868420,1
868421,4
868422,1
868423,4
868424,4
868425,4
868426,4
868427,4
868428,4
868429,4
868430,4
868431,4
868432,4
868433,1
868434,4
868435,4
868436,4
868437,1
868438,4
868439,4
868440,4
868441,4
868442,1
868443,4
868444,4
868445,4
868446,4
868447,4
868448,4
868449,4
868450,4
868451,4
868452,4
868453,4
868454,4
868455,4
868456,1
868457,4
868458,1
868459,4
868460,4
868461,4
868462,4
868463,4
868464,4
868465,1
868466,4
868467,5
868468,1
868469,4
868470,4
868471,4
868472,4
868473,4
868474,4
868475,4
868476,4
868477,4
868478,4
868479,4
868480,4
868481,4
868482,4
868483,3
868484,4
868485,4
868486,4
868487,5
868488,5
868489,4
868490,4
868491,4
868492,4
868493,4
868494,4
868495,4
868496,4
868497,4
868498,4
868499,4
868500,1
868501,4
868502,4
868503,4
868504,4
868505,1
868506,4
868507,4
868508,4
868509,4
868510,1
868511,4
868512,4
868513,4
868514,4
868515,4
868516,4
868517,4
868518,4
868519,4
868520,4
868521,4
868522,1
868523,1
868524,4
868525,4
868526,4
868527,4
868528,5
868529,4
868530,4
868531,4
868532,4
868533,4
868534,4
868535,4
868536,4
868537,4
868538,4
868539,4
868540,4
868541,4
868542,1
868543,4
868544,4
868545,5
868546,4
868547,1
868548,4
868549,4
868550,4
868551,4
868552,4
