886553,1
886554,4
886555,4
886556,4
886557,4
886558,5
886559,5
886560,5
886561,5
886562,4
886563,4
886564,5
886565,4
886566,4
886567,4
886568,4
886569,4
886570,4
886571,4
886572,5
886573,4
886574,5
886575,4
886576,4
886577,4
886578,1
886579,5
886580,5
886581,4
886582,5
886583,1
886584,4
886585,4
886586,4
886587,4
886588,4
886589,4
886590,4
886591,4
886592,4
886593,5
886594,1
886595,1
886596,4
886597,4
886598,4
886599,4
886600,4
886601,4
886602,5
886603,4
886604,4
886605,4
886606,4
886607,4
886608,5
886609,1
886610,4
886611,4
886612,5
886613,5
886614,4
886615,4
886616,4
886617,4
886618,4
886619,5
886620,5
886621,4
886622,4
886623,4
886624,4
886625,4
886626,4
886627,4
886628,4
886629,4
886630,1
886631,1
886632,4
886633,4
886634,4
886635,4
886636,4
886637,4
886638,4
886639,4
886640,4
886641,4
886642,4
886643,4
886644,4
886645,4
886646,4
886647,4
886648,4
886649,4
886650,4
886651,3
886652,4
886653,4
886654,4
886655,4
886656,4
886657,4
886658,4
886659,4
886660,4
886661,4
886662,1
886663,4
886664,4
886665,4
886666,5
886667,4
886668,4
886669,4
886670,4
886671,4
886672,4
886673,4
886674,4
886675,4
886676,4
886677,4
886678,4
886679,4
886680,5
886681,4
886682,4
886683,4
886684,4
886685,4
886686,4
886687,4
886688,4
886689,4
886690,4
886691,1
886692,4
886693,4
886694,4
886695,4
886696,4
886697,5
886698,4
886699,1
886700,4
886701,4
886702,4
886703,4
886704,5
886705,4
886706,4
886707,4
886708,4
886709,4
886710,4
886711,5
886712,4
886713,4
886714,4
886715,4
886716,4
886717,4
886718,5
886719,4
886720,4
886721,4
886722,4
886723,5
886724,4
886725,3
886726,4
886727,4
886728,4
886729,4
886730,4
886731,1
886732,5
886733,4
886734,1
886735,4
886736,1
886737,4
886738,5
886739,4
886740,4
886741,4
886742,4
886743,4
886744,4
886745,4
886746,4
886747,4
886748,4
886749,4
886750,4
886751,4
886752,4
886753,4
886754,4
886755,4
886756,1
886757,4
886758,4
886759,4
886760,4
886761,1
886762,4
886763,4
886764,4
886765,4
886766,4
886767,4
886768,1
886769,4
886770,4
886771,4
886772,1
886773,5
886774,4
886775,4
886776,4
886777,5
886778,4
886779,4
886780,4
886781,4
886782,4
886783,4
886784,4
886785,1
886786,4
886787,4
886788,4
886789,4
886790,3
886791,3
886792,4
886793,4
886794,1
886795,1
886796,4
886797,3
886798,5
886799,4
886800,4
886801,4
886802,4
886803,3
886804,4
886805,3
886806,1
886807,4
886808,4
886809,3
886810,3
886811,3
886812,4
886813,4
886814,4
886815,4
886816,4
886817,4
886818,4
886819,4
886820,3
886821,1
886822,4
886823,4
886824,4
886825,4
886826,4
886827,3
886828,1
886829,1
886830,4
886831,1
886832,4
886833,4
886834,4
886835,1
886836,4
886837,4
886838,3
886839,4
886840,4
886841,1
886842,4
886843,4
886844,4
886845,3
886846,4
886847,4
886848,1
886849,4
886850,3
886851,4
886852,4
886853,5
886854,4
886855,1
886856,4
886857,4
886858,4
886859,4
886860,4
886861,4
886862,4
886863,1
886864,4
886865,4
886866,4
886867,4
886868,4
886869,1
886870,1
886871,4
886872,4
886873,4
886874,1
886875,4
886876,4
886877,4
886878,5
886879,1
886880,4
886881,4
886882,4
886883,4
886884,1
886885,4
886886,4
886887,4
886888,5
886889,4
886890,1
886891,4
886892,4
886893,5
886894,5
886895,5
886896,4
886897,4
886898,4
886899,4
886900,4
886901,4
886902,4
886903,4
886904,4
886905,4
886906,4
886907,4
886908,4
886909,4
886910,4
886911,5
886912,4
886913,5
886914,4
886915,4
886916,4
886917,1
886918,4
886919,4
886920,4
886921,4
886922,4
886923,5
886924,4
886925,4
886926,5
886927,1
886928,4
886929,4
886930,4
886931,4
886932,1
886933,4
886934,4
886935,4
886936,4
886937,4
886938,4
886939,4
886940,1
886941,4
886942,4
886943,4
886944,4
886945,4
886946,4
886947,4
886948,4
886949,1
886950,5
886951,4
886952,5
886953,5
886954,4
886955,1
886956,4
886957,4
886958,4
886959,4
886960,4
886961,4
886962,4
886963,4
886964,5
886965,4
886966,1
886967,5
886968,4
886969,5
886970,5
886971,1
886972,4
886973,4
886974,4
886975,4
886976,4
886977,4
886978,4
886979,4
886980,4
886981,4
886982,4
886983,4
886984,4
886985,4
886986,1
886987,4
886988,4
886989,4
886990,4
886991,4
886992,1
886993,4
886994,4
886995,1
886996,4
886997,4
886998,4
886999,4
887000,4
887001,4
887002,4
887003,4
887004,4
887005,4
887006,4
887007,4
887008,4
887009,4
887010,4
887011,4
887012,4
887013,4
887014,4
887015,4
887016,4
887017,1
887018,4
887019,4
887020,4
887021,4
887022,4
887023,4
887024,1
887025,4
887026,4
887027,4
887028,4
887029,4
887030,4
887031,4
887032,4
887033,4
887034,4
887035,4
887036,4
887037,4
887038,4
887039,4
887040,4
887041,4
887042,4
887043,4
887044,4
887045,4
887046,4
887047,5
887048,4
887049,4
887050,4
887051,4
887052,4
887053,4
887054,4
887055,1
887056,4
887057,4
887058,4
887059,4
887060,4
887061,4
887062,5
887063,1
887064,4
887065,4
887066,5
887067,5
887068,4
887069,1
887070,4
887071,4
887072,4
887073,4
887074,4
887075,4
887076,4
887077,4
887078,1
887079,4
887080,5
887081,4
887082,4
887083,4
887084,4
887085,4
887086,4
887087,4
887088,4
887089,4
887090,4
887091,4
887092,4
887093,1
887094,4
887095,5
887096,4
887097,4
887098,4
887099,1
887100,4
887101,5
887102,4
887103,4
887104,4
887105,4
887106,4
887107,4
887108,4
887109,4
887110,4
887111,1
887112,4
887113,4
887114,4
887115,4
887116,4
887117,5
887118,4
887119,5
887120,1
887121,4
887122,4
887123,5
887124,4
887125,1
887126,4
887127,4
887128,4
887129,4
887130,1
887131,1
887132,4
887133,4
887134,4
887135,1
887136,4
887137,5
887138,4
887139,4
887140,4
887141,4
887142,4
887143,4
887144,4
887145,4
887146,1
887147,1
887148,4
887149,4
887150,1
887151,4
887152,4
887153,4
887154,4
887155,4
887156,4
887157,1
887158,4
887159,5
887160,5
887161,4
887162,1
887163,1
887164,4
887165,1
887166,4
887167,5
887168,4
887169,5
887170,4
887171,4
887172,4
887173,4
887174,4
887175,5
887176,5
887177,5
887178,4
887179,4
887180,3
887181,4
887182,4
887183,4
887184,4
887185,4
887186,4
887187,4
887188,1
887189,4
887190,4
887191,4
887192,4
887193,4
887194,4
887195,4
887196,5
887197,5
887198,4
887199,1
887200,4
887201,4
887202,4
887203,4
887204,5
887205,5
887206,4
887207,4
887208,4
887209,4
887210,4
887211,4
887212,4
887213,5
887214,4
887215,4
887216,4
887217,4
887218,1
887219,4
887220,5
887221,1
887222,4
887223,4
887224,4
887225,4
887226,4
887227,4
887228,4
887229,4
887230,4
887231,4
887232,4
887233,5
887234,4
887235,4
887236,4
887237,4
887238,4
887239,4
887240,4
887241,4
887242,4
887243,4
887244,4
887245,4
887246,4
887247,4
887248,4
887249,4
887250,4
887251,4
887252,4
887253,1
887254,4
887255,4
887256,4
887257,4
887258,4
887259,4
887260,5
887261,4
887262,4
887263,4
887264,5
887265,4
887266,1
887267,4
887268,4
887269,4
887270,4
887271,4
887272,4
887273,4
887274,4
887275,4
887276,4
887277,4
887278,4
887279,4
887280,5
887281,4
887282,4
887283,4
887284,4
887285,4
887286,4
887287,4
887288,4
887289,4
887290,4
887291,1
887292,4
887293,4
887294,4
887295,4
887296,4
887297,4
887298,4
887299,5
887300,4
887301,4
887302,4
887303,4
887304,1
887305,4
887306,4
887307,4
887308,4
887309,4
887310,4
887311,4
887312,1
887313,3
887314,4
887315,4
887316,4
887317,4
887318,4
887319,4
887320,4
887321,4
887322,1
887323,4
887324,5
887325,4
887326,4
887327,1
887328,1
887329,5
887330,4
887331,4
887332,4
887333,4
887334,4
887335,4
887336,1
887337,4
887338,4
887339,4
887340,4
887341,4
887342,4
887343,4
887344,4
887345,1
887346,1
887347,4
887348,5
887349,1
887350,4
887351,4
887352,4
887353,5
887354,1
887355,5
887356,4
887357,4
887358,4
887359,4
887360,4
887361,4
887362,4
887363,4
887364,4
887365,4
887366,1
887367,4
887368,4
887369,4
887370,4
887371,4
887372,4
887373,4
887374,4
887375,4
887376,4
887377,4
887378,4
887379,4
887380,5
887381,4
887382,4
887383,4
887384,4
887385,5
887386,4
887387,4
887388,4
887389,4
887390,4
887391,4
887392,4
887393,4
887394,4
887395,5
887396,4
887397,4
887398,4
887399,4
887400,1
887401,1
887402,4
887403,4
887404,4
887405,4
887406,4
887407,4
887408,4
887409,4
887410,1
887411,4
887412,1
887413,4
887414,4
887415,4
887416,4
887417,4
887418,5
887419,4
887420,4
887421,4
887422,4
887423,4
887424,4
887425,4
887426,4
887427,4
887428,4
887429,4
887430,4
887431,4
887432,4
887433,1
887434,4
887435,4
887436,1
887437,4
887438,4
887439,4
887440,4
887441,4
887442,4
887443,4
887444,4
887445,4
887446,4
887447,4
887448,4
887449,4
887450,4
887451,1
887452,4
887453,5
887454,1
887455,4
887456,4
887457,4
887458,5
887459,4
887460,4
887461,4
887462,4
887463,4
887464,4
887465,4
887466,4
887467,4
887468,1
887469,4
887470,5
887471,4
887472,4
887473,4
887474,4
887475,4
887476,4
887477,4
887478,4
887479,4
887480,4
887481,1
887482,4
887483,4
887484,4
887485,4
887486,1
887487,1
887488,4
887489,4
887490,1
887491,4
887492,1
887493,4
887494,5
887495,4
887496,4
887497,3
887498,4
887499,4
887500,5
887501,4
887502,4
887503,4
887504,1
887505,4
887506,1
887507,4
887508,4
887509,4
887510,4
887511,4
887512,4
887513,4
887514,1
887515,4
887516,4
887517,3
887518,4
887519,4
887520,4
887521,1
887522,4
887523,4
887524,4
887525,3
887526,4
887527,4
887528,4
887529,5
887530,4
887531,4
887532,4
887533,5
887534,4
887535,4
887536,4
887537,4
887538,4
887539,1
887540,4
887541,1
887542,4
887543,4
887544,4
887545,4
887546,1
887547,4
887548,4
887549,4
887550,4
887551,4
887552,4
887553,3
887554,4
887555,4
887556,4
887557,4
887558,4
887559,4
887560,4
887561,4
887562,4
887563,4
887564,4
887565,4
887566,1
887567,4
887568,4
887569,1
887570,4
887571,4
887572,4
887573,4
887574,4
887575,4
887576,1
887577,4
887578,4
887579,4
887580,4
887581,4
887582,4
887583,4
887584,4
887585,4
887586,4
887587,4
887588,4
887589,4
887590,5
887591,4
887592,4
887593,5
887594,4
887595,4
887596,4
887597,4
887598,4
887599,4
887600,4
887601,5
887602,4
887603,5
887604,1
887605,4
887606,4
887607,4
887608,4
887609,4
887610,5
887611,4
887612,5
887613,4
887614,4
887615,4
887616,4
887617,4
887618,1
887619,4
887620,4
887621,4
887622,4
887623,4
887624,5
887625,5
887626,4
887627,4
887628,4
887629,4
887630,4
887631,5
887632,4
887633,4
887634,4
887635,5
887636,4
887637,4
887638,3
887639,4
887640,4
887641,4
887642,5
887643,3
887644,3
887645,4
887646,4
887647,5
887648,4
887649,4
887650,1
887651,4
887652,4
887653,4
887654,4
887655,4
887656,4
887657,4
887658,3
887659,5
887660,5
887661,4
887662,4
887663,1
887664,4
887665,4
887666,4
887667,4
887668,1
887669,4
887670,1
887671,4
887672,4
887673,4
887674,4
887675,4
887676,4
887677,4
887678,5
887679,5
887680,4
887681,4
887682,4
887683,4
887684,4
887685,1
887686,4
887687,4
887688,4
887689,4
887690,4
887691,4
887692,4
887693,4
887694,4
887695,4
887696,4
887697,5
887698,4
887699,4
887700,4
887701,4
887702,1
887703,4
887704,5
887705,4
887706,1
887707,4
887708,5
887709,1
887710,5
887711,4
887712,4
887713,5
887714,4
887715,4
887716,4
887717,5
887718,4
887719,4
887720,4
887721,4
887722,4
887723,4
887724,4
887725,4
887726,4
887727,4
887728,4
887729,4
887730,1
887731,4
887732,4
887733,4
887734,4
887735,1
887736,4
887737,4
887738,4
887739,4
887740,4
887741,5
887742,1
887743,1
887744,4
887745,4
887746,4
887747,4
887748,1
887749,4
887750,4
887751,1
887752,4
887753,4
887754,4
887755,1
887756,4
887757,5
887758,4
887759,4
887760,4
887761,5
887762,4
887763,4
887764,4
887765,4
887766,4
887767,4
887768,4
887769,4
887770,4
887771,1
887772,4
887773,4
887774,4
887775,4
887776,4
887777,4
887778,4
887779,4
887780,4
887781,4
887782,4
887783,4
887784,4
887785,4
887786,4
887787,4
887788,4
887789,4
887790,4
887791,4
887792,4
887793,4
887794,4
887795,4
887796,4
887797,4
887798,4
887799,4
887800,4
887801,4
887802,4
887803,4
887804,4
887805,4
887806,4
887807,4
887808,4
887809,4
887810,4
887811,4
887812,4
887813,4
887814,4
887815,4
887816,1
887817,4
887818,4
887819,4
887820,4
887821,4
887822,4
887823,4
887824,4
887825,4
887826,4
887827,1
887828,4
887829,4
887830,4
887831,4
887832,4
887833,4
887834,4
887835,4
887836,1
887837,4
887838,4
887839,4
887840,4
887841,4
887842,4
887843,4
887844,4
887845,4
887846,4
887847,4
887848,4
887849,4
887850,4
887851,4
887852,4
887853,4
887854,4
887855,4
887856,4
887857,5
887858,4
887859,4
887860,1
887861,4
887862,4
887863,4
887864,4
887865,4
887866,4
887867,4
887868,4
887869,1
887870,4
887871,1
887872,4
887873,4
887874,4
887875,4
887876,4
887877,4
887878,4
887879,4
887880,1
887881,4
887882,1
887883,5
887884,4
887885,4
887886,5
887887,4
887888,4
887889,4
887890,5
887891,4
887892,4
887893,4
887894,4
887895,4
887896,4
887897,3
887898,4
887899,4
887900,4
887901,1
887902,5
887903,4
887904,4
887905,4
887906,1
887907,1
887908,4
887909,4
887910,4
887911,4
887912,4
887913,4
887914,1
887915,1
887916,4
887917,4
887918,1
887919,4
887920,4
887921,4
887922,4
887923,4
887924,4
887925,4
887926,4
887927,5
887928,1
887929,4
887930,4
887931,1
887932,4
887933,4
887934,5
887935,4
887936,5
887937,4
887938,4
887939,4
887940,4
887941,4
887942,4
887943,4
887944,4
887945,4
887946,4
887947,4
887948,4
887949,5
887950,4
887951,1
887952,4
887953,4
887954,4
887955,3
887956,4
887957,3
887958,4
887959,4
887960,4
887961,4
887962,4
887963,1
887964,4
887965,4
887966,4
887967,4
887968,4
887969,4
887970,1
887971,4
887972,4
887973,4
887974,3
887975,4
887976,4
887977,4
887978,4
887979,4
887980,5
887981,1
887982,4
887983,4
887984,4
887985,4
887986,4
887987,4
887988,1
887989,4
887990,4
887991,4
887992,4
887993,4
887994,4
887995,4
887996,4
887997,4
887998,4
887999,4
888000,4
888001,4
888002,4
888003,1
888004,4
888005,1
888006,4
888007,4
888008,4
888009,4
888010,4
888011,4
888012,4
888013,4
888014,5
888015,4
888016,3
888017,4
888018,5
888019,4
888020,4
888021,4
888022,4
888023,4
888024,4
888025,4
888026,1
888027,4
888028,4
888029,4
888030,4
888031,4
888032,4
888033,4
888034,4
888035,4
888036,4
888037,1
888038,4
888039,4
888040,4
888041,4
888042,1
888043,4
888044,4
888045,4
888046,4
888047,4
888048,4
888049,4
888050,4
888051,4
888052,4
888053,4
888054,4
888055,4
888056,4
888057,4
888058,4
888059,5
888060,4
888061,4
888062,4
888063,4
888064,4
888065,4
888066,4
888067,5
888068,4
888069,4
888070,1
888071,4
888072,4
888073,4
888074,4
888075,4
888076,1
888077,4
888078,4
888079,4
888080,4
888081,4
888082,4
888083,4
888084,4
888085,4
888086,4
888087,4
888088,4
888089,4
888090,4
888091,4
888092,1
888093,4
888094,4
888095,4
888096,4
888097,4
888098,4
888099,4
888100,4
888101,4
888102,4
888103,4
888104,5
888105,4
888106,4
888107,4
888108,1
888109,4
888110,4
888111,4
888112,4
888113,1
888114,4
888115,4
888116,4
888117,4
888118,4
888119,1
888120,4
888121,4
888122,4
888123,4
888124,4
888125,4
888126,4
888127,4
888128,4
888129,1
888130,4
888131,4
888132,4
888133,4
888134,4
888135,1
888136,1
888137,4
888138,4
888139,4
888140,1
888141,4
888142,1
888143,4
888144,5
888145,4
888146,1
888147,4
888148,4
888149,4
888150,4
888151,4
888152,4
888153,4
888154,4
888155,4
888156,4
888157,1
888158,4
888159,4
888160,4
888161,4
888162,4
888163,4
888164,4
888165,4
888166,1
888167,4
888168,4
888169,4
888170,1
888171,4
888172,4
888173,4
888174,1
888175,4
888176,4
888177,4
888178,4
888179,4
888180,4
888181,4
888182,4
888183,4
888184,4
888185,4
888186,4
888187,4
888188,4
888189,4
888190,4
888191,4
888192,5
888193,4
888194,4
888195,1
888196,4
888197,4
888198,4
888199,4
888200,1
888201,5
888202,4
888203,5
888204,4
888205,5
888206,4
888207,4
888208,5
888209,4
888210,4
888211,4
888212,4
888213,4
888214,5
888215,4
888216,4
888217,4
888218,4
888219,5
888220,4
888221,4
888222,5
888223,4
888224,4
888225,4
888226,4
888227,4
888228,4
888229,5
888230,4
888231,4
888232,4
888233,4
888234,4
888235,4
888236,4
888237,4
888238,4
888239,3
888240,1
888241,4
888242,4
888243,5
888244,4
888245,4
888246,4
888247,4
888248,4
888249,4
888250,4
888251,4
888252,4
888253,4
888254,4
888255,4
888256,4
888257,1
888258,5
888259,4
888260,4
888261,5
888262,4
888263,4
888264,4
888265,4
888266,5
888267,4
888268,4
888269,1
888270,4
888271,4
888272,4
888273,4
888274,4
888275,4
888276,4
888277,4
888278,4
888279,4
888280,4
888281,4
888282,4
888283,4
888284,1
888285,4
888286,4
888287,4
888288,4
888289,4
888290,4
888291,4
888292,4
888293,4
888294,4
888295,4
888296,4
888297,4
888298,4
888299,4
888300,4
888301,4
888302,4
888303,4
888304,4
888305,4
888306,4
888307,4
888308,4
888309,4
888310,4
888311,4
888312,4
888313,4
888314,4
888315,1
888316,4
888317,4
888318,4
888319,4
888320,4
888321,4
888322,4
888323,4
888324,4
888325,1
888326,1
888327,4
888328,4
888329,4
888330,4
888331,4
888332,4
888333,4
888334,4
888335,4
888336,4
888337,4
888338,4
888339,4
888340,5
888341,4
888342,4
888343,4
888344,5
888345,5
888346,3
888347,4
888348,4
888349,5
888350,5
888351,4
888352,4
888353,5
888354,4
888355,5
888356,4
888357,4
888358,1
888359,4
888360,4
888361,4
888362,4
888363,4
888364,4
888365,4
888366,4
888367,4
888368,4
888369,4
888370,4
888371,4
888372,4
888373,4
888374,4
888375,1
888376,4
888377,4
888378,4
888379,4
888380,4
888381,4
888382,4
888383,4
888384,4
888385,4
888386,4
888387,1
888388,1
888389,4
888390,4
888391,4
888392,4
888393,4
888394,4
888395,4
888396,4
888397,4
888398,4
888399,4
888400,4
888401,4
888402,4
888403,4
888404,4
888405,4
888406,5
888407,4
888408,4
888409,4
888410,4
888411,4
888412,1
888413,4
888414,4
888415,1
888416,4
888417,5
888418,4
888419,4
888420,4
888421,4
888422,4
888423,4
888424,5
888425,4
888426,4
888427,4
888428,4
888429,1
888430,4
888431,4
888432,4
888433,4
888434,4
888435,4
888436,4
888437,1
888438,4
888439,4
888440,1
888441,4
888442,4
888443,4
888444,4
888445,4
888446,4
888447,4
888448,4
888449,4
888450,4
888451,4
888452,4
888453,4
888454,4
888455,4
888456,4
888457,4
888458,4
888459,4
888460,4
888461,4
888462,4
888463,4
888464,4
888465,4
888466,4
888467,4
888468,4
888469,4
888470,4
888471,4
888472,5
888473,4
888474,4
888475,4
888476,4
888477,4
888478,1
888479,4
888480,4
888481,4
888482,4
888483,4
888484,4
888485,4
888486,4
888487,4
888488,4
888489,1
888490,5
888491,4
888492,4
888493,4
888494,4
888495,4
888496,4
888497,4
888498,4
888499,1
888500,4
888501,5
888502,4
888503,1
888504,1
888505,5
888506,4
888507,4
888508,4
888509,4
888510,1
888511,1
888512,4
888513,4
888514,4
888515,1
888516,4
888517,5
888518,4
888519,4
888520,5
888521,4
888522,4
888523,4
888524,1
888525,4
888526,4
888527,5
888528,4
888529,1
888530,4
888531,4
888532,4
888533,4
888534,4
888535,4
888536,4
888537,4
888538,1
888539,4
888540,4
888541,4
888542,1
888543,4
888544,5
888545,4
888546,4
888547,1
888548,5
888549,4
888550,5
888551,4
888552,5
888553,4
888554,4
888555,1
888556,4
888557,4
888558,4
888559,4
888560,4
888561,1
888562,4
888563,4
888564,4
888565,4
888566,4
888567,4
888568,4
888569,4
888570,5
888571,4
888572,4
888573,5
888574,4
888575,5
888576,4
888577,5
888578,5
888579,5
888580,1
888581,4
888582,4
888583,5
888584,4
888585,4
888586,4
888587,4
888588,4
888589,4
888590,4
888591,4
888592,4
888593,4
888594,4
888595,4
888596,4
888597,4
888598,1
888599,4
888600,4
888601,1
888602,1
888603,4
888604,4
888605,4
888606,4
888607,4
888608,4
888609,1
888610,1
888611,4
888612,4
888613,1
888614,4
888615,4
888616,1
888617,4
888618,4
888619,4
888620,4
888621,4
888622,4
888623,4
888624,4
888625,1
888626,4
888627,4
888628,4
888629,4
888630,4
888631,4
888632,4
888633,4
888634,4
888635,1
888636,4
888637,4
888638,4
888639,4
888640,4
888641,4
888642,4
888643,4
888644,4
888645,4
888646,4
888647,4
888648,4
888649,4
888650,1
888651,4
888652,4
888653,1
888654,4
888655,1
888656,4
888657,4
888658,4
888659,4
888660,4
888661,4
888662,4
888663,1
888664,4
888665,5
888666,4
888667,4
888668,4
888669,4
888670,4
888671,4
888672,4
888673,4
888674,4
888675,4
888676,4
888677,4
888678,4
888679,4
888680,4
888681,4
888682,4
888683,4
888684,4
888685,4
888686,5
888687,4
888688,4
888689,4
888690,5
888691,4
888692,5
888693,4
888694,4
888695,5
888696,4
888697,4
888698,4
888699,4
888700,4
888701,1
888702,4
888703,4
888704,4
888705,4
888706,5
888707,4
888708,1
888709,5
888710,4
888711,4
888712,1
888713,4
888714,4
888715,4
888716,4
888717,4
888718,4
888719,4
888720,4
888721,4
888722,5
888723,4
888724,5
888725,5
888726,4
888727,4
888728,1
888729,4
888730,4
888731,5
888732,5
888733,4
888734,5
888735,4
888736,4
888737,4
888738,4
888739,4
888740,4
888741,4
888742,4
888743,4
888744,4
888745,4
888746,4
888747,4
888748,4
888749,4
888750,4
888751,1
888752,4
888753,1
888754,4
888755,4
888756,4
888757,4
888758,4
888759,4
888760,4
888761,4
888762,4
888763,4
888764,4
888765,4
888766,4
888767,1
888768,5
888769,4
888770,4
888771,4
888772,4
888773,4
888774,5
888775,4
888776,4
888777,1
888778,4
888779,4
888780,4
888781,4
888782,4
888783,4
888784,4
888785,1
888786,4
888787,4
888788,4
888789,4
888790,4
888791,4
888792,4
888793,4
888794,4
888795,4
888796,5
888797,1
888798,4
888799,4
888800,4
888801,4
888802,1
888803,1
888804,4
888805,5
888806,4
888807,4
888808,4
888809,4
888810,4
888811,4
888812,4
888813,4
888814,4
888815,4
888816,4
888817,1
888818,4
888819,4
888820,4
888821,4
888822,4
888823,4
888824,1
888825,5
888826,4
888827,4
888828,4
888829,4
888830,5
888831,4
888832,1
888833,4
888834,4
888835,4
888836,4
888837,4
888838,4
888839,4
888840,4
888841,4
888842,4
888843,1
888844,4
888845,4
888846,4
888847,1
888848,4
888849,4
888850,4
888851,4
888852,4
888853,4
888854,4
888855,1
888856,4
888857,1
888858,4
888859,4
888860,4
888861,1
888862,4
888863,4
888864,4
888865,1
888866,4
888867,1
888868,4
888869,4
888870,4
888871,4
888872,4
888873,5
888874,1
888875,4
888876,1
888877,4
888878,4
888879,4
888880,4
888881,4
888882,4
888883,4
888884,4
888885,4
888886,4
888887,4
888888,5
888889,4
888890,4
888891,4
888892,4
888893,4
888894,5
888895,4
888896,4
888897,4
888898,4
888899,4
888900,4
888901,5
888902,4
888903,4
888904,4
888905,4
888906,4
888907,4
888908,4
888909,4
888910,4
888911,4
888912,4
888913,1
888914,1
888915,4
888916,5
888917,1
888918,4
888919,4
888920,4
888921,4
888922,4
888923,4
888924,1
888925,4
888926,4
888927,4
888928,4
888929,4
888930,4
888931,5
888932,4
888933,4
888934,4
888935,4
888936,4
888937,4
888938,4
888939,4
888940,3
888941,4
888942,4
888943,4
888944,4
888945,5
888946,1
888947,1
888948,4
888949,4
888950,4
888951,4
888952,5
888953,4
888954,4
888955,5
888956,1
888957,5
888958,4
888959,5
888960,4
888961,4
888962,4
888963,5
888964,4
888965,4
888966,5
888967,4
888968,4
888969,4
888970,5
888971,4
888972,4
888973,4
888974,4
888975,4
888976,4
888977,4
888978,4
888979,1
888980,5
888981,4
888982,4
888983,4
888984,4
888985,4
888986,4
888987,4
888988,5
888989,4
888990,4
888991,4
888992,4
888993,4
888994,4
888995,4
888996,4
888997,4
888998,5
888999,4
889000,4
889001,4
889002,4
889003,4
889004,4
889005,4
889006,4
889007,4
889008,4
889009,5
889010,4
889011,4
889012,4
889013,4
889014,4
889015,4
889016,5
889017,4
889018,4
889019,4
889020,4
889021,1
889022,4
889023,4
889024,4
889025,4
889026,4
889027,4
889028,1
889029,4
889030,4
889031,1
889032,4
889033,4
889034,4
889035,1
889036,4
889037,4
889038,5
889039,4
889040,4
889041,3
889042,3
889043,4
889044,4
889045,4
889046,4
889047,4
889048,3
889049,4
889050,4
889051,4
889052,4
889053,1
889054,1
889055,4
889056,5
889057,4
889058,5
889059,4
889060,4
889061,4
889062,1
889063,5
889064,4
889065,4
889066,4
889067,4
889068,4
889069,4
889070,5
889071,5
889072,4
889073,4
889074,4
889075,4
889076,4
889077,4
889078,4
889079,5
889080,4
889081,4
889082,4
889083,4
889084,5
889085,4
889086,4
889087,5
889088,4
889089,4
889090,4
889091,4
889092,1
889093,4
889094,4
889095,4
889096,4
889097,4
889098,4
889099,4
889100,4
889101,4
889102,4
889103,4
889104,4
889105,4
889106,1
889107,4
889108,4
889109,5
889110,4
889111,5
889112,4
889113,4
889114,1
889115,4
889116,5
889117,4
889118,4
889119,4
889120,4
889121,4
889122,4
889123,4
889124,5
889125,4
889126,4
889127,4
889128,4
889129,4
889130,4
889131,4
889132,4
889133,3
889134,4
889135,4
889136,4
889137,4
889138,1
889139,4
889140,4
889141,5
889142,4
889143,4
889144,4
889145,4
889146,4
889147,4
889148,4
889149,4
889150,4
889151,4
889152,4
889153,4
889154,4
889155,4
889156,1
889157,4
889158,4
889159,4
889160,4
889161,4
889162,4
889163,5
889164,4
889165,4
889166,1
889167,4
889168,1
889169,4
889170,4
889171,4
889172,4
889173,1
889174,5
889175,4
889176,1
889177,5
889178,4
889179,5
889180,4
889181,4
889182,1
889183,5
889184,4
889185,4
889186,1
889187,4
889188,4
889189,4
889190,5
889191,1
889192,4
889193,4
889194,5
889195,4
889196,4
889197,5
889198,4
889199,4
889200,5
889201,4
889202,4
889203,4
889204,4
889205,4
889206,4
889207,4
889208,4
889209,5
889210,4
889211,5
889212,4
889213,4
889214,1
889215,4
889216,1
889217,4
889218,4
889219,4
889220,4
889221,1
889222,1
889223,4
889224,4
889225,4
889226,4
889227,4
889228,1
889229,1
889230,4
889231,4
889232,5
889233,4
889234,1
889235,4
889236,4
889237,1
889238,4
889239,5
889240,4
889241,4
889242,4
889243,4
889244,4
889245,4
889246,4
889247,4
889248,4
889249,4
889250,4
889251,4
889252,4
889253,4
889254,4
889255,5
889256,1
889257,4
889258,4
889259,4
889260,4
889261,4
889262,4
889263,1
889264,4
889265,1
889266,4
889267,4
889268,5
889269,4
889270,4
889271,4
889272,4
889273,4
889274,5
889275,4
889276,5
889277,4
889278,1
889279,5
889280,4
889281,4
889282,4
889283,1
889284,4
889285,4
889286,4
889287,4
889288,4
889289,4
889290,1
889291,4
889292,4
889293,4
889294,4
889295,4
889296,1
889297,4
889298,1
889299,4
889300,4
889301,4
889302,4
889303,1
889304,4
889305,4
889306,4
889307,4
889308,4
889309,4
889310,4
889311,4
889312,4
889313,4
889314,4
889315,1
889316,4
889317,4
889318,4
889319,4
889320,4
889321,4
889322,4
889323,4
889324,4
889325,4
889326,4
889327,4
889328,4
889329,4
889330,4
889331,4
889332,4
889333,1
889334,4
889335,4
889336,5
889337,1
889338,4
889339,4
889340,4
889341,4
889342,4
889343,4
889344,4
889345,4
889346,4
889347,4
889348,4
889349,4
889350,4
889351,4
889352,4
889353,4
889354,4
889355,4
889356,4
889357,4
889358,4
889359,4
889360,4
889361,4
889362,4
889363,4
889364,4
889365,4
889366,4
889367,4
889368,4
889369,4
889370,4
889371,4
889372,1
889373,4
889374,1
889375,1
889376,4
889377,4
889378,4
889379,4
889380,4
889381,4
889382,1
889383,4
889384,4
889385,1
889386,4
889387,1
889388,4
889389,1
889390,4
889391,4
889392,5
889393,4
889394,4
889395,4
889396,4
889397,4
889398,4
889399,4
889400,4
889401,4
889402,4
889403,4
889404,4
889405,4
889406,4
889407,4
889408,4
889409,4
889410,4
889411,4
889412,4
889413,4
889414,1
889415,4
889416,4
889417,4
889418,4
889419,4
889420,4
889421,4
889422,4
889423,4
889424,4
889425,4
889426,4
889427,4
889428,1
889429,4
889430,4
889431,4
889432,4
889433,4
889434,1
889435,4
889436,4
889437,1
889438,4
889439,4
889440,4
889441,1
889442,4
889443,4
889444,4
889445,4
889446,1
889447,4
889448,4
889449,4
889450,4
889451,4
889452,4
889453,4
889454,5
889455,4
889456,4
889457,4
889458,1
889459,1
889460,4
889461,4
889462,4
889463,4
889464,4
889465,4
889466,4
889467,4
889468,4
889469,4
889470,4
889471,4
889472,5
889473,4
889474,1
889475,4
889476,4
889477,1
889478,4
889479,1
889480,4
889481,4
889482,4
889483,4
889484,1
889485,4
889486,4
889487,5
889488,4
889489,4
889490,5
889491,4
889492,4
889493,4
889494,5
889495,1
889496,4
889497,5
889498,5
889499,4
889500,4
889501,4
889502,4
889503,4
889504,4
889505,4
889506,4
889507,5
889508,4
889509,5
889510,4
889511,4
889512,5
889513,4
889514,4
889515,4
889516,4
889517,4
889518,5
889519,4
889520,1
889521,4
889522,4
889523,1
889524,4
889525,4
889526,4
889527,4
889528,4
889529,4
889530,4
889531,1
889532,4
889533,4
889534,4
889535,4
889536,4
889537,1
889538,4
889539,4
889540,4
889541,4
889542,4
889543,4
889544,4
889545,1
889546,4
889547,4
889548,4
889549,4
889550,4
889551,4
889552,5
889553,5
889554,5
889555,4
889556,5
889557,4
889558,4
889559,5
889560,4
889561,5
889562,4
889563,5
889564,1
889565,5
889566,5
889567,5
889568,5
889569,5
889570,4
889571,5
889572,5
889573,1
889574,4
889575,5
889576,1
889577,1
889578,4
889579,4
889580,4
889581,4
889582,3
889583,4
889584,4
889585,4
889586,3
889587,1
889588,3
889589,1
889590,4
889591,4
889592,4
889593,4
889594,4
889595,4
889596,4
889597,4
889598,4
889599,4
889600,4
889601,4
889602,1
889603,1
889604,4
889605,4
889606,4
889607,4
889608,4
889609,4
889610,5
889611,4
889612,1
889613,4
889614,4
889615,4
889616,4
889617,5
889618,4
889619,5
889620,4
889621,4
889622,5
889623,5
889624,5
889625,4
889626,4
889627,5
889628,4
889629,5
889630,4
889631,4
889632,4
889633,5
889634,4
889635,5
889636,5
889637,1
889638,5
889639,5
889640,5
889641,4
889642,4
889643,4
889644,4
889645,1
889646,1
889647,4
889648,4
889649,4
889650,4
889651,4
889652,4
889653,5
889654,4
889655,4
889656,4
889657,4
889658,4
889659,4
889660,4
889661,4
889662,4
889663,4
889664,4
889665,4
889666,1
889667,4
889668,4
889669,4
889670,4
889671,4
889672,1
889673,4
889674,4
889675,4
889676,4
889677,4
889678,4
889679,4
889680,4
889681,4
889682,4
889683,4
889684,4
889685,1
889686,1
889687,4
889688,4
889689,4
889690,4
889691,1
889692,4
889693,4
889694,4
889695,4
889696,4
889697,4
889698,4
889699,4
889700,4
889701,4
889702,4
889703,4
889704,4
889705,4
889706,4
889707,4
889708,4
889709,1
889710,4
889711,1
889712,4
889713,4
889714,4
889715,4
889716,4
889717,4
889718,1
889719,4
889720,4
889721,4
889722,4
889723,4
889724,4
889725,4
889726,4
889727,4
889728,1
889729,4
889730,4
889731,4
889732,4
889733,5
889734,5
889735,4
889736,5
889737,4
889738,1
889739,5
889740,5
889741,4
889742,5
889743,1
889744,4
889745,4
889746,4
889747,4
889748,5
889749,4
889750,4
889751,4
889752,5
889753,4
889754,4
889755,4
889756,5
889757,4
889758,4
889759,1
889760,4
889761,4
889762,4
889763,4
889764,4
889765,4
889766,4
889767,4
889768,4
889769,4
889770,4
889771,4
889772,4
889773,1
889774,4
889775,4
889776,4
889777,4
889778,4
889779,4
889780,1
889781,1
889782,5
889783,1
889784,4
889785,4
889786,4
889787,4
889788,4
889789,4
889790,1
889791,4
889792,4
889793,1
889794,4
889795,5
889796,3
889797,3
889798,4
889799,3
889800,3
889801,4
889802,4
889803,3
889804,3
889805,3
889806,3
889807,1
889808,4
889809,1
889810,4
889811,4
889812,4
889813,4
889814,4
889815,4
889816,4
889817,4
889818,4
889819,4
889820,5
889821,4
889822,5
889823,5
889824,4
889825,4
889826,4
889827,1
889828,4
889829,4
889830,5
889831,4
889832,5
889833,5
889834,4
889835,4
889836,4
889837,4
889838,4
889839,4
889840,4
889841,4
889842,4
889843,4
889844,4
889845,4
889846,4
889847,4
889848,4
889849,4
889850,4
889851,4
889852,1
889853,4
889854,4
889855,4
889856,4
889857,4
889858,4
889859,4
889860,4
889861,4
889862,4
889863,4
889864,4
889865,4
889866,1
889867,5
889868,4
889869,5
889870,1
889871,1
889872,1
889873,4
889874,4
889875,4
889876,5
889877,1
889878,5
889879,4
889880,4
889881,5
889882,4
889883,4
889884,4
889885,4
889886,4
889887,1
889888,4
889889,4
889890,5
889891,4
889892,4
889893,1
889894,4
889895,4
889896,4
889897,4
889898,1
889899,4
889900,4
889901,4
889902,4
889903,4
889904,4
889905,1
889906,4
889907,4
889908,4
889909,4
889910,4
889911,4
889912,4
889913,4
889914,4
889915,4
889916,4
889917,1
889918,4
889919,4
889920,4
889921,1
889922,4
889923,4
889924,4
889925,4
889926,4
889927,4
889928,4
889929,4
889930,4
889931,4
889932,4
889933,4
889934,4
889935,4
889936,4
889937,4
889938,4
889939,4
889940,5
889941,4
889942,4
889943,4
889944,4
889945,4
889946,4
889947,4
889948,4
889949,4
889950,5
889951,4
889952,4
889953,4
889954,4
889955,4
889956,4
889957,4
889958,5
889959,4
889960,4
889961,4
889962,4
889963,4
889964,3
889965,4
889966,4
889967,4
889968,4
889969,5
889970,5
889971,4
889972,4
889973,5
889974,1
889975,4
889976,4
889977,5
889978,4
889979,5
889980,4
889981,4
889982,4
889983,4
889984,4
889985,4
889986,4
889987,1
889988,4
889989,4
889990,4
889991,4
889992,4
889993,4
889994,4
889995,4
889996,4
889997,4
889998,1
889999,4
890000,1
890001,4
890002,1
890003,4
890004,4
890005,4
890006,4
890007,4
890008,4
890009,4
890010,4
890011,4
890012,4
890013,4
890014,4
890015,1
890016,4
890017,4
890018,4
890019,1
890020,4
890021,4
890022,4
890023,4
890024,4
890025,4
890026,4
890027,4
890028,4
890029,4
890030,4
890031,4
890032,4
890033,4
890034,4
890035,4
890036,4
890037,5
890038,4
890039,4
890040,4
890041,4
890042,4
890043,5
890044,4
890045,1
890046,4
890047,1
890048,4
890049,4
890050,4
890051,4
890052,5
890053,4
890054,4
890055,4
890056,1
890057,4
890058,4
890059,4
890060,4
890061,4
890062,4
890063,4
890064,4
890065,4
890066,4
890067,4
890068,5
890069,4
890070,4
890071,4
890072,4
890073,4
890074,4
890075,4
890076,4
890077,1
890078,4
890079,4
890080,4
890081,4
890082,4
890083,4
890084,4
890085,4
890086,4
890087,4
890088,4
890089,4
890090,4
890091,4
890092,4
890093,4
890094,1
890095,4
890096,4
890097,4
890098,4
890099,4
890100,1
890101,4
890102,4
890103,4
890104,4
890105,4
890106,4
890107,5
890108,4
890109,4
890110,4
890111,5
890112,1
890113,4
890114,1
890115,5
890116,1
890117,4
890118,4
890119,4
890120,4
890121,4
890122,4
890123,4
890124,4
890125,4
890126,4
890127,4
890128,4
890129,4
890130,5
890131,1
890132,4
890133,4
890134,4
890135,4
890136,4
890137,4
890138,4
890139,5
890140,5
890141,4
890142,4
890143,4
890144,4
890145,4
890146,4
890147,4
890148,4
890149,4
890150,4
890151,4
890152,4
890153,4
890154,4
890155,4
890156,4
890157,4
890158,4
890159,4
890160,4
890161,4
890162,4
890163,4
890164,5
890165,4
890166,5
890167,4
890168,4
890169,4
890170,4
890171,4
890172,4
890173,4
890174,4
890175,4
890176,5
890177,4
890178,5
890179,4
890180,4
890181,4
890182,4
890183,4
890184,4
890185,4
890186,4
890187,4
890188,4
890189,4
890190,4
890191,4
890192,4
890193,4
890194,4
890195,4
890196,4
890197,4
890198,4
890199,4
890200,4
890201,4
890202,4
890203,4
890204,4
890205,4
890206,4
890207,4
890208,4
890209,4
890210,4
890211,4
890212,4
890213,4
890214,4
890215,4
890216,4
890217,1
890218,4
890219,4
890220,4
890221,4
890222,4
890223,4
890224,4
890225,4
890226,4
890227,4
890228,4
890229,4
890230,4
890231,4
890232,1
890233,4
890234,4
890235,4
890236,4
890237,4
890238,4
890239,4
890240,4
890241,4
890242,4
890243,1
890244,4
890245,4
890246,4
890247,4
890248,4
890249,4
890250,4
890251,4
890252,4
890253,4
890254,4
890255,4
890256,4
890257,4
890258,1
890259,4
890260,4
890261,4
890262,4
890263,4
890264,4
890265,4
890266,4
890267,4
890268,4
890269,4
890270,4
890271,4
890272,4
890273,4
890274,4
890275,4
890276,4
890277,4
890278,4
890279,4
890280,4
890281,4
890282,4
890283,1
890284,1
890285,4
890286,4
890287,4
890288,4
890289,4
890290,5
890291,4
890292,1
890293,4
890294,4
890295,4
890296,4
890297,4
890298,4
890299,4
890300,4
890301,4
890302,4
890303,4
890304,4
890305,1
890306,4
890307,4
890308,4
890309,4
890310,4
890311,4
890312,4
890313,1
890314,4
890315,4
890316,4
890317,1
890318,1
890319,4
890320,4
890321,4
890322,4
890323,1
890324,4
890325,4
890326,4
890327,4
890328,4
890329,4
890330,1
890331,4
890332,4
890333,4
890334,4
890335,4
890336,4
890337,1
890338,4
890339,4
890340,4
890341,4
890342,4
890343,1
890344,4
890345,4
890346,4
890347,4
890348,4
890349,4
890350,4
890351,4
890352,4
890353,4
890354,4
890355,4
890356,4
890357,4
890358,4
890359,1
890360,4
890361,4
890362,4
890363,4
890364,4
890365,4
890366,4
890367,4
890368,4
890369,1
890370,1
890371,4
890372,3
890373,4
890374,4
890375,4
890376,4
890377,4
890378,4
890379,4
890380,4
890381,4
890382,1
890383,4
890384,4
890385,1
890386,4
890387,4
890388,4
890389,4
890390,4
890391,4
890392,4
890393,4
890394,4
890395,1
890396,4
890397,4
890398,4
890399,4
890400,1
890401,4
890402,4
890403,4
890404,1
890405,4
890406,4
890407,4
890408,4
890409,4
890410,4
890411,4
890412,1
890413,4
890414,4
890415,4
890416,4
890417,4
890418,4
890419,4
890420,4
890421,4
890422,4
890423,4
890424,4
890425,4
890426,4
890427,4
890428,4
890429,4
890430,4
890431,4
890432,1
890433,4
890434,4
890435,5
890436,4
890437,1
890438,1
890439,4
890440,4
890441,1
890442,4
890443,4
890444,4
890445,4
890446,4
890447,4
890448,3
890449,4
890450,4
890451,4
890452,4
890453,4
890454,4
890455,4
890456,4
890457,4
890458,5
890459,4
890460,1
890461,4
890462,4
890463,4
890464,4
890465,4
890466,4
890467,4
890468,4
890469,4
890470,4
890471,4
890472,1
890473,4
890474,4
890475,4
890476,4
890477,4
890478,4
890479,1
890480,4
890481,5
890482,4
890483,4
890484,4
890485,4
890486,5
890487,4
890488,4
890489,5
890490,4
890491,4
890492,4
890493,4
890494,4
890495,4
890496,4
890497,4
890498,1
890499,4
890500,4
890501,4
890502,4
890503,4
890504,1
890505,4
890506,4
890507,4
890508,4
890509,4
890510,4
890511,4
890512,4
890513,4
890514,4
890515,4
890516,4
890517,4
890518,1
890519,1
890520,4
890521,4
890522,4
890523,4
890524,4
890525,4
890526,4
890527,4
890528,1
890529,4
890530,4
890531,4
890532,4
890533,1
890534,4
890535,4
890536,4
890537,4
890538,4
890539,4
890540,4
890541,4
890542,4
890543,4
890544,4
890545,4
890546,5
890547,4
890548,4
890549,5
890550,4
890551,4
890552,4
890553,4
890554,4
890555,4
890556,4
890557,1
890558,4
890559,4
890560,1
890561,4
890562,4
890563,4
890564,4
890565,1
890566,4
890567,4
890568,1
890569,1
890570,4
890571,4
890572,4
890573,4
890574,4
890575,5
890576,4
890577,4
890578,4
890579,4
890580,4
890581,4
890582,4
890583,4
890584,5
890585,4
890586,1
890587,4
890588,5
890589,4
890590,4
890591,4
890592,4
890593,4
890594,4
890595,4
890596,4
890597,4
890598,4
890599,4
890600,4
890601,4
890602,4
890603,4
890604,1
890605,4
890606,4
890607,1
890608,4
890609,4
890610,4
890611,4
890612,4
890613,4
890614,1
890615,4
890616,5
890617,4
890618,5
890619,4
890620,4
890621,4
890622,4
890623,4
890624,1
890625,4
890626,5
890627,4
890628,4
890629,4
890630,4
890631,4
890632,1
890633,4
890634,4
890635,4
890636,4
890637,1
890638,4
890639,4
890640,4
890641,4
890642,4
890643,4
890644,4
890645,4
890646,4
890647,1
890648,4
890649,1
890650,4
890651,4
890652,4
890653,4
890654,1
890655,4
890656,4
890657,4
890658,1
890659,4
890660,4
890661,1
890662,4
890663,4
890664,4
890665,4
890666,4
890667,4
890668,3
890669,1
890670,4
890671,4
890672,4
890673,4
890674,5
890675,4
890676,4
890677,4
890678,4
890679,4
890680,4
890681,4
890682,4
890683,4
890684,4
890685,4
890686,5
890687,1
890688,4
890689,4
890690,5
890691,4
890692,5
890693,4
890694,4
890695,4
890696,1
890697,4
890698,4
890699,4
890700,4
890701,4
890702,4
890703,4
890704,4
890705,4
890706,4
890707,4
890708,4
890709,4
890710,4
890711,4
890712,4
890713,4
890714,4
890715,4
890716,4
890717,1
890718,4
890719,4
890720,4
890721,4
890722,4
890723,4
890724,1
890725,4
890726,4
890727,4
890728,4
890729,4
890730,4
890731,4
890732,4
890733,4
890734,4
890735,4
890736,4
890737,4
890738,4
890739,4
890740,4
890741,4
890742,4
890743,4
890744,4
890745,4
890746,4
890747,4
890748,4
890749,4
890750,4
890751,4
890752,1
890753,4
890754,1
890755,4
890756,4
890757,4
890758,4
890759,4
890760,4
890761,4
890762,4
890763,4
890764,4
890765,4
890766,1
890767,4
890768,4
890769,4
890770,5
890771,4
890772,5
890773,4
890774,4
890775,4
890776,1
890777,4
890778,4
890779,4
890780,4
890781,4
890782,5
890783,4
890784,4
890785,4
890786,4
890787,5
890788,4
890789,5
890790,4
890791,4
890792,4
890793,4
890794,5
890795,5
890796,4
890797,4
890798,4
890799,4
890800,5
890801,5
890802,1
890803,4
890804,5
890805,4
890806,4
890807,5
890808,4
890809,5
890810,4
890811,4
890812,5
890813,4
890814,4
890815,4
890816,1
890817,5
890818,5
890819,4
890820,4
890821,4
890822,4
890823,1
890824,4
890825,5
890826,5
890827,4
890828,4
890829,1
890830,4
890831,4
890832,4
890833,4
890834,5
890835,5
890836,4
890837,1
890838,5
890839,4
890840,1
890841,4
890842,4
890843,4
890844,4
890845,4
890846,4
890847,1
890848,4
890849,5
890850,4
890851,1
890852,4
890853,4
890854,1
890855,5
890856,5
890857,4
890858,4
890859,4
890860,4
890861,1
890862,4
890863,4
890864,4
890865,4
890866,5
890867,5
890868,5
890869,5
890870,4
890871,4
890872,4
890873,4
890874,4
890875,4
890876,4
890877,4
890878,4
890879,1
890880,4
890881,4
890882,4
890883,4
890884,5
890885,4
890886,4
890887,4
890888,4
890889,4
890890,4
890891,1
890892,4
890893,4
890894,4
890895,4
890896,4
890897,4
890898,4
890899,4
890900,4
890901,4
890902,4
890903,4
890904,4
890905,4
890906,4
890907,4
890908,1
890909,4
890910,4
890911,4
890912,4
890913,4
890914,4
890915,4
890916,4
890917,1
890918,4
890919,4
890920,4
890921,4
890922,4
890923,1
890924,4
890925,4
890926,4
890927,4
890928,4
890929,4
890930,4
890931,4
890932,4
890933,1
890934,4
890935,5
890936,4
890937,4
890938,5
890939,4
890940,4
890941,4
890942,5
890943,4
890944,4
890945,4
890946,4
890947,4
890948,4
890949,1
890950,4
890951,4
890952,4
890953,4
890954,4
890955,4
890956,4
890957,4
890958,4
890959,5
890960,4
890961,4
890962,4
890963,4
890964,5
890965,4
890966,4
890967,4
890968,4
890969,4
890970,4
890971,4
890972,4
890973,4
890974,4
890975,5
890976,4
890977,4
890978,4
890979,4
890980,4
890981,4
890982,4
890983,4
890984,4
890985,1
890986,4
890987,1
890988,4
890989,1
890990,4
890991,1
890992,4
890993,4
890994,1
890995,4
890996,4
890997,1
890998,4
890999,5
891000,4
891001,4
891002,1
891003,1
891004,4
891005,1
891006,4
891007,4
891008,4
891009,4
891010,1
891011,1
891012,4
891013,4
891014,4
891015,1
891016,4
891017,4
891018,4
891019,4
891020,4
891021,4
891022,4
891023,4
891024,1
891025,4
891026,4
891027,4
891028,4
891029,4
891030,4
891031,4
891032,1
891033,4
891034,4
891035,4
891036,4
891037,1
891038,4
891039,4
891040,4
891041,4
891042,4
891043,5
891044,4
891045,4
891046,4
891047,4
891048,4
891049,4
891050,4
891051,4
891052,4
891053,4
891054,4
891055,4
891056,4
891057,4
891058,4
891059,1
891060,4
891061,4
891062,4
891063,1
891064,4
891065,5
891066,4
891067,4
891068,4
891069,1
891070,1
891071,4
891072,4
891073,4
891074,4
891075,4
891076,4
891077,1
891078,4
891079,4
891080,1
891081,5
891082,4
891083,4
891084,4
891085,4
891086,4
891087,4
891088,1
891089,1
891090,4
891091,4
891092,4
891093,4
891094,1
891095,4
891096,3
891097,4
891098,4
891099,4
891100,5
891101,4
891102,4
891103,4
891104,4
891105,5
891106,4
891107,5
891108,4
891109,4
891110,4
891111,4
891112,1
891113,4
891114,5
891115,4
891116,4
891117,5
891118,4
891119,4
891120,5
891121,5
891122,5
891123,4
891124,4
891125,4
891126,4
891127,5
891128,1
891129,4
891130,4
891131,4
891132,1
891133,4
891134,4
891135,5
891136,1
891137,4
891138,4
891139,5
891140,1
891141,4
891142,5
891143,5
891144,5
891145,4
891146,1
891147,4
891148,4
891149,4
891150,5
891151,4
891152,4
891153,4
891154,4
891155,4
891156,4
891157,1
891158,4
891159,4
891160,4
891161,4
891162,4
891163,4
891164,4
891165,1
891166,5
891167,5
891168,4
891169,4
891170,4
891171,4
891172,5
891173,4
891174,4
891175,4
891176,4
891177,4
891178,4
891179,4
891180,4
891181,4
891182,1
891183,4
891184,5
891185,4
891186,4
891187,1
891188,4
891189,4
891190,4
891191,4
891192,4
891193,4
891194,4
891195,4
891196,4
891197,5
891198,4
891199,4
891200,4
891201,4
891202,4
891203,4
891204,4
891205,4
891206,1
891207,4
891208,4
891209,4
891210,4
891211,4
891212,4
891213,4
891214,4
891215,5
891216,4
891217,5
891218,4
891219,4
891220,4
891221,5
891222,4
891223,4
891224,4
891225,1
891226,4
891227,4
891228,4
891229,4
891230,4
891231,4
891232,1
891233,4
891234,4
891235,4
891236,4
891237,4
891238,4
891239,4
891240,3
891241,4
891242,4
891243,4
891244,4
891245,4
891246,4
891247,4
891248,4
891249,4
891250,4
891251,4
891252,4
891253,4
891254,4
891255,4
891256,4
891257,4
891258,4
891259,4
891260,4
891261,4
891262,4
891263,4
891264,5
891265,4
891266,4
891267,5
891268,5
891269,4
891270,1
891271,5
891272,4
891273,4
891274,5
891275,4
891276,4
891277,4
891278,1
891279,4
891280,4
891281,4
891282,4
891283,5
891284,5
891285,4
891286,4
891287,4
891288,1
891289,4
891290,4
891291,4
891292,4
891293,4
891294,1
891295,4
891296,4
891297,4
891298,4
891299,4
891300,4
891301,4
891302,4
891303,4
891304,4
891305,1
891306,4
891307,4
891308,4
891309,4
891310,4
891311,4
891312,4
891313,4
891314,4
891315,1
891316,1
891317,4
891318,4
891319,4
891320,4
891321,4
891322,4
891323,4
891324,4
891325,4
891326,4
891327,4
891328,4
891329,4
891330,4
891331,1
891332,4
891333,1
891334,4
891335,4
891336,4
891337,1
891338,4
891339,4
891340,4
891341,4
891342,4
891343,4
891344,4
891345,1
891346,4
891347,5
891348,4
891349,4
891350,4
891351,4
891352,4
891353,4
891354,4
891355,1
891356,4
891357,4
891358,4
891359,4
891360,4
891361,4
891362,4
891363,4
891364,4
891365,5
891366,4
891367,4
891368,4
891369,4
891370,4
891371,1
891372,4
891373,1
891374,4
891375,4
891376,4
891377,4
891378,4
891379,4
891380,4
891381,4
891382,4
891383,4
891384,4
891385,5
891386,4
891387,4
891388,4
891389,4
891390,1
891391,4
891392,4
891393,4
891394,4
891395,4
891396,4
891397,4
891398,4
891399,4
891400,4
891401,4
891402,4
891403,4
891404,4
891405,4
891406,4
891407,4
891408,4
891409,1
891410,4
891411,4
891412,4
891413,1
891414,4
891415,4
891416,1
891417,4
891418,1
891419,4
891420,4
891421,4
891422,4
891423,4
891424,4
891425,4
891426,4
891427,4
891428,4
891429,4
891430,4
891431,4
891432,4
891433,4
891434,4
891435,4
891436,4
891437,4
891438,4
891439,4
891440,4
891441,4
891442,4
891443,4
891444,1
891445,4
891446,4
891447,4
891448,4
891449,4
891450,4
891451,4
891452,4
891453,4
891454,4
891455,1
891456,4
891457,4
891458,4
891459,4
891460,1
891461,4
891462,4
891463,4
891464,4
891465,4
891466,4
891467,4
891468,4
891469,4
891470,4
891471,4
891472,4
891473,4
891474,4
891475,4
891476,4
891477,4
891478,4
891479,4
891480,4
891481,4
891482,4
891483,4
891484,4
891485,4
891486,4
891487,4
891488,4
891489,4
891490,4
891491,4
891492,4
891493,4
891494,4
891495,4
891496,4
891497,1
891498,4
891499,4
891500,4
891501,4
891502,3
891503,4
891504,4
891505,4
891506,4
891507,4
891508,4
891509,4
891510,3
891511,4
891512,4
891513,4
891514,1
891515,1
891516,4
891517,4
891518,4
891519,4
891520,4
891521,4
891522,4
891523,4
891524,4
891525,4
891526,4
891527,1
891528,1
891529,4
891530,4
891531,4
891532,4
891533,4
891534,4
891535,4
891536,4
891537,4
891538,4
891539,4
891540,4
891541,4
891542,1
891543,1
891544,4
891545,4
891546,4
891547,4
891548,4
891549,4
891550,4
891551,1
891552,4
891553,4
891554,1
891555,4
891556,4
891557,4
891558,4
891559,4
891560,4
891561,4
891562,4
891563,4
891564,1
891565,4
891566,4
891567,4
891568,4
891569,4
891570,4
891571,4
891572,4
891573,4
891574,4
891575,1
891576,4
891577,4
891578,4
891579,4
891580,4
891581,4
891582,4
891583,4
891584,4
891585,4
891586,4
891587,4
891588,4
891589,4
891590,4
891591,4
891592,4
891593,4
891594,4
891595,4
891596,4
891597,4
891598,4
891599,4
891600,4
891601,4
891602,4
891603,4
891604,4
891605,4
891606,4
891607,4
891608,4
891609,4
891610,4
891611,4
891612,1
891613,4
891614,4
891615,4
891616,4
891617,4
891618,4
891619,4
891620,1
891621,1
891622,1
891623,1
891624,4
891625,4
891626,4
891627,4
891628,4
891629,4
891630,4
891631,1
891632,4
891633,1
891634,4
891635,4
891636,4
891637,4
891638,4
891639,4
891640,4
891641,4
891642,4
891643,4
891644,4
891645,4
891646,4
891647,4
891648,4
891649,4
891650,4
891651,4
891652,4
891653,4
891654,4
891655,4
891656,4
891657,4
891658,4
891659,4
891660,4
891661,4
891662,1
891663,4
891664,1
891665,1
891666,4
891667,4
891668,4
891669,4
891670,4
891671,4
891672,4
891673,4
891674,4
891675,4
891676,4
891677,1
891678,4
891679,4
891680,4
891681,4
891682,4
891683,4
891684,4
891685,4
891686,4
891687,4
891688,1
891689,1
891690,4
891691,4
891692,4
891693,1
891694,4
891695,4
891696,4
891697,4
891698,4
891699,4
891700,1
891701,4
891702,5
891703,1
891704,5
891705,4
891706,4
891707,4
891708,5
891709,4
891710,5
891711,4
891712,1
891713,4
891714,1
891715,4
891716,4
891717,5
891718,4
891719,4
891720,4
891721,4
891722,4
891723,4
891724,5
891725,4
891726,4
891727,5
891728,4
891729,4
891730,4
891731,4
891732,4
891733,5
891734,4
891735,4
891736,1
891737,4
891738,4
891739,4
891740,4
891741,4
891742,4
891743,4
891744,4
891745,4
891746,4
891747,4
891748,5
891749,4
891750,4
891751,5
891752,5
891753,4
891754,4
891755,4
891756,1
891757,4
891758,4
891759,4
891760,4
891761,4
891762,4
891763,4
891764,4
891765,4
891766,5
891767,5
891768,4
891769,1
891770,4
891771,4
891772,1
891773,4
891774,4
891775,4
891776,4
891777,4
891778,5
891779,1
891780,3
891781,4
891782,4
891783,4
891784,1
891785,4
891786,1
891787,4
891788,1
891789,5
891790,4
891791,4
891792,1
891793,1
891794,4
891795,4
891796,4
891797,5
891798,4
891799,4
891800,1
891801,4
891802,4
891803,4
891804,4
891805,1
891806,4
891807,4
891808,1
891809,4
891810,4
891811,1
891812,4
891813,4
891814,4
891815,4
891816,4
891817,5
891818,1
891819,4
891820,4
891821,4
891822,1
891823,4
891824,4
891825,4
891826,4
891827,1
891828,4
891829,4
891830,4
891831,1
891832,4
891833,4
891834,4
891835,1
891836,4
891837,4
891838,5
891839,4
891840,4
891841,1
891842,4
891843,4
891844,4
891845,4
891846,4
891847,4
891848,4
891849,4
891850,1
891851,1
891852,5
891853,4
891854,4
891855,4
891856,4
891857,4
891858,4
891859,4
891860,4
891861,1
891862,4
891863,4
891864,4
891865,4
891866,4
891867,4
891868,4
891869,4
891870,4
891871,4
891872,4
891873,4
891874,4
891875,4
891876,4
891877,4
891878,4
891879,4
891880,5
891881,4
891882,4
891883,4
891884,4
891885,5
891886,4
891887,5
891888,4
891889,4
891890,4
891891,4
891892,1
891893,4
891894,4
891895,4
891896,4
891897,4
891898,5
891899,4
891900,4
891901,4
891902,4
891903,4
891904,4
891905,4
891906,4
891907,4
891908,5
891909,4
891910,4
891911,4
891912,4
891913,1
891914,4
891915,5
891916,5
891917,4
891918,4
891919,4
891920,4
891921,4
891922,4
891923,4
891924,5
891925,4
891926,4
891927,4
891928,1
891929,1
891930,4
891931,4
891932,4
891933,4
891934,4
891935,4
891936,4
891937,4
891938,4
891939,4
891940,4
891941,5
891942,4
891943,4
891944,4
891945,5
891946,4
891947,4
891948,4
891949,4
891950,5
891951,4
891952,5
891953,4
891954,4
891955,5
891956,4
891957,4
891958,4
891959,4
891960,4
891961,4
891962,4
891963,4
891964,4
891965,4
891966,1
891967,4
891968,4
891969,4
891970,4
891971,4
891972,4
891973,4
891974,4
891975,4
891976,4
891977,4
891978,4
891979,4
891980,4
891981,4
891982,4
891983,1
891984,4
891985,4
891986,4
891987,1
891988,4
891989,5
891990,4
891991,4
891992,4
891993,4
891994,4
891995,1
891996,4
891997,4
891998,5
891999,5
892000,5
892001,5
892002,4
892003,4
892004,4
892005,1
892006,4
892007,4
892008,4
892009,1
892010,4
892011,5
892012,5
892013,5
892014,5
892015,5
892016,4
892017,1
892018,5
892019,4
892020,4
892021,4
892022,4
892023,4
892024,4
892025,4
892026,5
892027,4
892028,4
892029,4
892030,4
892031,4
892032,4
892033,4
892034,4
892035,4
892036,4
892037,4
892038,4
892039,4
892040,4
892041,4
892042,4
892043,4
892044,4
892045,4
892046,4
892047,1
892048,4
892049,4
892050,4
892051,4
892052,4
892053,1
892054,1
892055,1
892056,4
892057,4
892058,4
892059,4
892060,5
892061,4
892062,4
892063,4
892064,5
892065,4
892066,5
892067,4
892068,4
892069,4
892070,4
892071,4
892072,4
892073,4
892074,4
892075,4
892076,4
892077,1
892078,4
892079,1
892080,3
892081,4
892082,4
892083,1
892084,4
892085,1
892086,4
892087,4
892088,4
892089,4
892090,4
892091,4
892092,1
892093,4
892094,5
892095,4
892096,4
892097,4
892098,4
892099,4
892100,4
892101,1
892102,4
892103,4
892104,4
892105,4
892106,4
892107,4
892108,4
892109,4
892110,4
892111,4
892112,4
892113,4
892114,4
892115,4
892116,5
892117,4
892118,4
892119,4
892120,4
892121,1
892122,4
892123,4
892124,4
892125,4
892126,4
892127,4
892128,4
892129,5
892130,4
892131,4
892132,4
892133,4
892134,4
892135,1
892136,4
892137,4
892138,4
892139,4
892140,1
892141,4
892142,4
892143,1
892144,5
892145,5
892146,4
892147,1
892148,4
892149,1
892150,1
892151,4
892152,4
892153,4
892154,4
892155,4
892156,4
892157,4
892158,4
892159,4
892160,4
892161,4
892162,4
892163,4
892164,4
892165,4
892166,4
892167,1
892168,1
892169,3
892170,4
892171,4
892172,4
892173,4
892174,4
892175,4
892176,4
892177,4
892178,4
892179,4
892180,4
892181,4
892182,4
892183,4
892184,4
892185,4
892186,1
892187,4
892188,4
892189,4
892190,4
892191,4
892192,4
892193,5
892194,4
892195,4
892196,4
892197,4
892198,4
892199,1
892200,4
892201,5
892202,1
892203,4
892204,4
892205,4
892206,5
892207,4
892208,4
892209,4
892210,4
892211,4
892212,4
892213,4
892214,4
892215,4
892216,4
892217,4
892218,4
892219,4
892220,4
892221,4
892222,4
892223,4
892224,4
892225,4
892226,4
892227,4
892228,4
892229,4
892230,4
892231,1
892232,4
892233,4
892234,4
892235,3
892236,5
892237,4
892238,4
892239,4
892240,4
892241,4
892242,4
892243,3
892244,4
892245,5
892246,4
892247,4
892248,4
892249,4
892250,4
892251,4
892252,4
892253,4
892254,4
892255,4
892256,4
892257,4
892258,4
892259,4
892260,4
892261,5
892262,4
892263,4
892264,1
892265,1
892266,4
892267,4
892268,4
892269,4
892270,4
892271,4
892272,4
892273,4
892274,4
892275,4
892276,4
892277,4
892278,4
892279,4
892280,5
892281,4
892282,4
892283,1
892284,4
892285,4
892286,5
892287,5
892288,1
892289,4
892290,4
892291,4
892292,4
892293,5
892294,5
892295,5
892296,4
892297,1
892298,4
892299,4
892300,4
892301,5
892302,4
892303,4
892304,4
892305,4
892306,4
892307,5
892308,4
892309,5
892310,4
892311,4
892312,4
892313,4
892314,5
892315,4
892316,4
892317,5
892318,4
892319,4
892320,4
892321,4
892322,4
892323,4
892324,4
892325,4
892326,5
892327,4
892328,4
892329,4
892330,4
892331,4
892332,1
892333,1
892334,4
892335,4
892336,4
892337,1
892338,4
892339,4
892340,4
892341,4
892342,4
892343,4
892344,3
892345,4
892346,4
892347,4
892348,4
892349,4
892350,1
892351,5
892352,4
892353,5
892354,4
892355,4
892356,4
892357,4
892358,4
892359,4
892360,1
892361,4
892362,5
892363,4
892364,4
892365,4
892366,5
892367,4
892368,1
892369,4
892370,4
892371,4
892372,4
892373,4
892374,4
892375,4
892376,4
892377,4
892378,4
892379,4
892380,4
892381,4
892382,4
892383,4
892384,5
892385,4
892386,4
892387,1
892388,4
892389,4
892390,1
892391,4
892392,4
892393,4
892394,4
892395,4
892396,4
892397,4
892398,5
892399,5
892400,4
892401,4
892402,4
892403,4
892404,5
892405,1
892406,4
892407,4
892408,4
892409,5
892410,4
892411,4
892412,4
892413,4
892414,4
892415,4
892416,4
892417,4
892418,4
892419,4
892420,4
892421,4
892422,4
892423,4
892424,4
892425,4
892426,4
892427,4
892428,4
892429,4
892430,4
892431,4
892432,4
892433,4
892434,4
892435,4
892436,4
892437,4
892438,4
892439,4
892440,4
892441,4
892442,4
892443,1
892444,4
892445,4
892446,4
892447,1
892448,4
892449,4
892450,4
892451,4
892452,4
892453,4
892454,4
892455,4
892456,4
892457,4
892458,4
892459,4
892460,4
892461,1
892462,4
892463,4
892464,4
892465,4
892466,4
892467,4
892468,5
892469,4
892470,4
892471,4
892472,4
892473,4
892474,4
892475,4
892476,4
892477,4
892478,4
892479,4
892480,1
892481,4
892482,4
892483,4
892484,4
892485,4
892486,4
892487,4
892488,4
892489,4
892490,1
892491,4
892492,1
892493,4
892494,4
892495,4
892496,4
892497,4
892498,4
892499,1
892500,4
892501,4
892502,4
892503,4
892504,4
892505,4
892506,4
892507,4
892508,4
892509,4
892510,4
892511,4
892512,4
892513,4
892514,4
892515,4
892516,4
892517,4
892518,4
892519,1
892520,1
892521,4
892522,4
892523,1
892524,4
892525,4
892526,4
892527,4
892528,4
892529,4
892530,4
892531,5
892532,4
892533,4
892534,4
892535,4
892536,5
892537,4
892538,5
892539,4
892540,1
892541,5
892542,5
892543,5
892544,4
892545,5
892546,5
892547,4
892548,4
892549,1
892550,4
892551,4
892552,4
