820553,4
820554,4
820555,4
820556,4
820557,4
820558,4
820559,1
820560,4
820561,4
820562,4
820563,4
820564,4
820565,4
820566,4
820567,4
820568,4
820569,4
820570,4
820571,4
820572,4
820573,1
820574,4
820575,3
820576,4
820577,4
820578,1
820579,4
820580,4
820581,4
820582,4
820583,4
820584,4
820585,4
820586,4
820587,4
820588,4
820589,4
820590,4
820591,4
820592,4
820593,4
820594,4
820595,4
820596,4
820597,4
820598,4
820599,4
820600,4
820601,4
820602,1
820603,4
820604,4
820605,4
820606,4
820607,4
820608,4
820609,1
820610,4
820611,1
820612,4
820613,1
820614,4
820615,4
820616,4
820617,4
820618,4
820619,4
820620,4
820621,4
820622,4
820623,4
820624,4
820625,4
820626,4
820627,4
820628,5
820629,4
820630,4
820631,4
820632,4
820633,4
820634,4
820635,4
820636,1
820637,4
820638,4
820639,1
820640,4
820641,4
820642,3
820643,1
820644,4
820645,4
820646,4
820647,4
820648,4
820649,3
820650,4
820651,4
820652,1
820653,4
820654,4
820655,4
820656,4
820657,4
820658,4
820659,4
820660,4
820661,4
820662,4
820663,4
820664,4
820665,4
820666,4
820667,1
820668,1
820669,4
820670,1
820671,4
820672,4
820673,4
820674,4
820675,1
820676,4
820677,4
820678,4
820679,1
820680,1
820681,4
820682,4
820683,4
820684,1
820685,4
820686,4
820687,4
820688,4
820689,4
820690,4
820691,4
820692,4
820693,4
820694,1
820695,4
820696,4
820697,4
820698,4
820699,4
820700,4
820701,4
820702,4
820703,4
820704,4
820705,1
820706,4
820707,4
820708,4
820709,4
820710,1
820711,4
820712,4
820713,4
820714,4
820715,5
820716,4
820717,5
820718,4
820719,4
820720,1
820721,4
820722,4
820723,4
820724,4
820725,4
820726,4
820727,4
820728,4
820729,4
820730,4
820731,4
820732,4
820733,4
820734,4
820735,4
820736,4
820737,4
820738,4
820739,4
820740,1
820741,4
820742,4
820743,4
820744,4
820745,4
820746,1
820747,4
820748,4
820749,4
820750,4
820751,1
820752,4
820753,4
820754,1
820755,4
820756,1
820757,5
820758,4
820759,4
820760,4
820761,4
820762,4
820763,4
820764,1
820765,4
820766,4
820767,4
820768,4
820769,5
820770,4
820771,4
820772,4
820773,1
820774,4
820775,4
820776,4
820777,4
820778,4
820779,4
820780,1
820781,4
820782,4
820783,1
820784,4
820785,4
820786,3
820787,4
820788,4
820789,3
820790,3
820791,4
820792,4
820793,1
820794,4
820795,4
820796,4
820797,4
820798,4
820799,4
820800,4
820801,4
820802,4
820803,4
820804,1
820805,4
820806,4
820807,4
820808,1
820809,4
820810,4
820811,4
820812,4
820813,4
820814,1
820815,4
820816,4
820817,1
820818,4
820819,4
820820,4
820821,4
820822,1
820823,4
820824,4
820825,4
820826,4
820827,4
820828,4
820829,4
820830,1
820831,4
820832,5
820833,4
820834,3
820835,4
820836,4
820837,4
820838,4
820839,4
820840,4
820841,4
820842,4
820843,4
820844,4
820845,4
820846,3
820847,4
820848,5
820849,4
820850,4
820851,3
820852,4
820853,4
820854,3
820855,4
820856,1
820857,4
820858,1
820859,4
820860,4
820861,4
820862,4
820863,4
820864,4
820865,4
820866,3
820867,1
820868,4
820869,4
820870,4
820871,3
820872,4
820873,4
820874,4
820875,4
820876,4
820877,3
820878,4
820879,4
820880,4
820881,4
820882,1
820883,4
820884,1
820885,4
820886,4
820887,1
820888,4
820889,4
820890,4
820891,4
820892,4
820893,1
820894,4
820895,4
820896,4
820897,4
820898,4
820899,4
820900,1
820901,4
820902,4
820903,4
820904,4
820905,4
820906,4
820907,4
820908,4
820909,4
820910,4
820911,4
820912,4
820913,1
820914,4
820915,4
820916,4
820917,4
820918,4
820919,1
820920,4
820921,1
820922,4
820923,4
820924,4
820925,4
820926,5
820927,4
820928,1
820929,1
820930,4
820931,4
820932,4
820933,1
820934,3
820935,5
820936,5
820937,4
820938,1
820939,4
820940,4
820941,4
820942,4
820943,4
820944,4
820945,4
820946,4
820947,4
820948,4
820949,4
820950,4
820951,4
820952,4
820953,1
820954,4
820955,4
820956,4
820957,5
820958,4
820959,1
820960,4
820961,4
820962,4
820963,4
820964,5
820965,4
820966,4
820967,4
820968,4
820969,4
820970,4
820971,4
820972,4
820973,4
820974,4
820975,4
820976,4
820977,4
820978,4
820979,1
820980,5
820981,4
820982,4
820983,1
820984,5
820985,1
820986,4
820987,4
820988,1
820989,1
820990,4
820991,4
820992,4
820993,5
820994,4
820995,4
820996,1
820997,4
820998,4
820999,4
821000,4
821001,4
821002,5
821003,4
821004,4
821005,4
821006,4
821007,4
821008,5
821009,4
821010,4
821011,4
821012,4
821013,4
821014,4
821015,4
821016,5
821017,5
821018,4
821019,4
821020,4
821021,1
821022,4
821023,1
821024,4
821025,4
821026,4
821027,4
821028,4
821029,4
821030,4
821031,4
821032,4
821033,4
821034,4
821035,4
821036,4
821037,4
821038,5
821039,4
821040,5
821041,4
821042,1
821043,5
821044,4
821045,4
821046,4
821047,4
821048,4
821049,4
821050,4
821051,4
821052,4
821053,5
821054,4
821055,1
821056,4
821057,3
821058,4
821059,4
821060,4
821061,4
821062,4
821063,5
821064,5
821065,4
821066,4
821067,4
821068,1
821069,4
821070,4
821071,1
821072,4
821073,4
821074,1
821075,4
821076,4
821077,4
821078,4
821079,4
821080,1
821081,4
821082,4
821083,4
821084,4
821085,1
821086,4
821087,4
821088,4
821089,4
821090,4
821091,4
821092,4
821093,4
821094,1
821095,5
821096,4
821097,4
821098,4
821099,4
821100,4
821101,4
821102,4
821103,1
821104,4
821105,4
821106,4
821107,4
821108,4
821109,4
821110,1
821111,4
821112,1
821113,4
821114,4
821115,4
821116,4
821117,4
821118,4
821119,4
821120,5
821121,4
821122,4
821123,4
821124,4
821125,4
821126,5
821127,4
821128,4
821129,4
821130,4
821131,1
821132,4
821133,4
821134,4
821135,1
821136,5
821137,1
821138,4
821139,5
821140,4
821141,4
821142,4
821143,4
821144,4
821145,4
821146,4
821147,4
821148,4
821149,1
821150,4
821151,4
821152,4
821153,4
821154,4
821155,4
821156,4
821157,1
821158,4
821159,4
821160,5
821161,4
821162,4
821163,4
821164,4
821165,4
821166,4
821167,4
821168,4
821169,4
821170,4
821171,4
821172,4
821173,4
821174,4
821175,4
821176,1
821177,4
821178,1
821179,4
821180,4
821181,1
821182,5
821183,4
821184,4
821185,4
821186,4
821187,5
821188,5
821189,4
821190,4
821191,4
821192,4
821193,4
821194,4
821195,4
821196,5
821197,5
821198,4
821199,5
821200,4
821201,1
821202,4
821203,4
821204,4
821205,4
821206,4
821207,1
821208,4
821209,4
821210,4
821211,4
821212,1
821213,5
821214,4
821215,5
821216,4
821217,1
821218,4
821219,4
821220,5
821221,4
821222,5
821223,4
821224,4
821225,4
821226,5
821227,4
821228,4
821229,4
821230,4
821231,1
821232,4
821233,4
821234,4
821235,4
821236,1
821237,3
821238,4
821239,1
821240,5
821241,4
821242,4
821243,4
821244,4
821245,4
821246,4
821247,1
821248,4
821249,4
821250,4
821251,4
821252,4
821253,4
821254,4
821255,4
821256,4
821257,4
821258,1
821259,5
821260,4
821261,4
821262,4
821263,5
821264,4
821265,5
821266,4
821267,4
821268,4
821269,4
821270,4
821271,4
821272,4
821273,1
821274,4
821275,4
821276,4
821277,4
821278,4
821279,4
821280,4
821281,4
821282,4
821283,4
821284,4
821285,4
821286,4
821287,4
821288,5
821289,4
821290,4
821291,4
821292,4
821293,1
821294,5
821295,4
821296,4
821297,4
821298,4
821299,5
821300,4
821301,1
821302,5
821303,4
821304,4
821305,4
821306,1
821307,1
821308,4
821309,5
821310,4
821311,4
821312,4
821313,5
821314,4
821315,4
821316,4
821317,4
821318,5
821319,4
821320,4
821321,5
821322,4
821323,1
821324,1
821325,4
821326,1
821327,4
821328,4
821329,4
821330,4
821331,1
821332,4
821333,4
821334,4
821335,4
821336,4
821337,1
821338,4
821339,4
821340,4
821341,1
821342,4
821343,4
821344,4
821345,1
821346,4
821347,4
821348,4
821349,4
821350,4
821351,4
821352,5
821353,4
821354,4
821355,4
821356,4
821357,1
821358,4
821359,4
821360,4
821361,4
821362,1
821363,5
821364,4
821365,4
821366,4
821367,1
821368,4
821369,4
821370,4
821371,4
821372,4
821373,4
821374,4
821375,4
821376,4
821377,4
821378,4
821379,4
821380,1
821381,4
821382,4
821383,5
821384,4
821385,4
821386,4
821387,5
821388,4
821389,4
821390,4
821391,5
821392,4
821393,4
821394,4
821395,4
821396,4
821397,4
821398,4
821399,1
821400,4
821401,4
821402,4
821403,4
821404,1
821405,4
821406,4
821407,5
821408,4
821409,4
821410,4
821411,5
821412,1
821413,4
821414,4
821415,4
821416,1
821417,4
821418,1
821419,1
821420,4
821421,4
821422,4
821423,5
821424,4
821425,4
821426,4
821427,4
821428,4
821429,4
821430,4
821431,4
821432,4
821433,1
821434,4
821435,4
821436,4
821437,4
821438,4
821439,4
821440,4
821441,1
821442,4
821443,4
821444,1
821445,4
821446,5
821447,4
821448,4
821449,4
821450,4
821451,4
821452,4
821453,4
821454,4
821455,1
821456,4
821457,4
821458,4
821459,1
821460,4
821461,4
821462,4
821463,4
821464,4
821465,4
821466,4
821467,4
821468,4
821469,4
821470,4
821471,4
821472,1
821473,4
821474,4
821475,4
821476,4
821477,4
821478,4
821479,4
821480,1
821481,4
821482,4
821483,4
821484,5
821485,4
821486,4
821487,4
821488,1
821489,4
821490,4
821491,4
821492,4
821493,4
821494,4
821495,4
821496,4
821497,1
821498,4
821499,4
821500,4
821501,4
821502,4
821503,4
821504,4
821505,4
821506,4
821507,4
821508,4
821509,4
821510,4
821511,1
821512,1
821513,4
821514,4
821515,4
821516,4
821517,4
821518,1
821519,4
821520,4
821521,4
821522,4
821523,4
821524,4
821525,4
821526,4
821527,5
821528,4
821529,4
821530,4
821531,4
821532,4
821533,4
821534,4
821535,1
821536,4
821537,4
821538,4
821539,4
821540,4
821541,1
821542,4
821543,4
821544,4
821545,4
821546,4
821547,4
821548,4
821549,4
821550,4
821551,4
821552,4
821553,4
821554,4
821555,4
821556,4
821557,1
821558,4
821559,4
821560,4
821561,4
821562,4
821563,4
821564,4
821565,4
821566,4
821567,4
821568,4
821569,4
821570,4
821571,4
821572,4
821573,4
821574,4
821575,4
821576,4
821577,4
821578,4
821579,4
821580,4
821581,4
821582,4
821583,4
821584,4
821585,4
821586,4
821587,4
821588,1
821589,1
821590,1
821591,1
821592,4
821593,1
821594,4
821595,4
821596,4
821597,4
821598,4
821599,4
821600,1
821601,1
821602,4
821603,4
821604,4
821605,4
821606,4
821607,1
821608,4
821609,4
821610,5
821611,4
821612,4
821613,1
821614,1
821615,4
821616,4
821617,4
821618,4
821619,4
821620,4
821621,4
821622,4
821623,4
821624,4
821625,4
821626,4
821627,4
821628,4
821629,4
821630,4
821631,4
821632,4
821633,1
821634,5
821635,4
821636,4
821637,4
821638,4
821639,4
821640,4
821641,4
821642,4
821643,4
821644,4
821645,4
821646,4
821647,1
821648,1
821649,4
821650,4
821651,4
821652,5
821653,4
821654,5
821655,4
821656,4
821657,1
821658,4
821659,1
821660,4
821661,4
821662,4
821663,4
821664,4
821665,4
821666,1
821667,4
821668,1
821669,4
821670,4
821671,4
821672,4
821673,1
821674,4
821675,4
821676,1
821677,1
821678,4
821679,4
821680,5
821681,4
821682,4
821683,4
821684,5
821685,4
821686,4
821687,4
821688,4
821689,4
821690,4
821691,1
821692,4
821693,1
821694,4
821695,4
821696,4
821697,4
821698,4
821699,4
821700,4
821701,4
821702,1
821703,4
821704,1
821705,4
821706,4
821707,1
821708,5
821709,4
821710,4
821711,4
821712,4
821713,4
821714,4
821715,4
821716,1
821717,5
821718,4
821719,4
821720,3
821721,1
821722,1
821723,4
821724,4
821725,4
821726,4
821727,5
821728,4
821729,5
821730,5
821731,4
821732,4
821733,4
821734,4
821735,4
821736,1
821737,1
821738,4
821739,4
821740,1
821741,1
821742,4
821743,4
821744,4
821745,1
821746,4
821747,4
821748,4
821749,4
821750,4
821751,4
821752,4
821753,1
821754,1
821755,4
821756,4
821757,4
821758,4
821759,1
821760,4
821761,4
821762,4
821763,4
821764,4
821765,4
821766,4
821767,4
821768,4
821769,3
821770,4
821771,4
821772,4
821773,4
821774,1
821775,4
821776,4
821777,4
821778,4
821779,4
821780,4
821781,4
821782,1
821783,4
821784,4
821785,4
821786,4
821787,4
821788,4
821789,1
821790,4
821791,4
821792,4
821793,4
821794,4
821795,4
821796,4
821797,4
821798,4
821799,4
821800,4
821801,4
821802,4
821803,4
821804,4
821805,4
821806,4
821807,4
821808,4
821809,4
821810,4
821811,4
821812,4
821813,4
821814,4
821815,4
821816,4
821817,1
821818,4
821819,4
821820,4
821821,4
821822,4
821823,4
821824,4
821825,1
821826,4
821827,4
821828,4
821829,4
821830,4
821831,4
821832,4
821833,4
821834,4
821835,4
821836,5
821837,4
821838,1
821839,4
821840,4
821841,4
821842,4
821843,4
821844,4
821845,4
821846,4
821847,1
821848,4
821849,4
821850,4
821851,4
821852,4
821853,4
821854,4
821855,4
821856,4
821857,4
821858,4
821859,4
821860,4
821861,4
821862,4
821863,4
821864,4
821865,4
821866,4
821867,4
821868,1
821869,5
821870,4
821871,5
821872,4
821873,1
821874,4
821875,4
821876,4
821877,4
821878,4
821879,4
821880,1
821881,1
821882,5
821883,4
821884,5
821885,4
821886,4
821887,4
821888,4
821889,4
821890,4
821891,4
821892,4
821893,4
821894,4
821895,1
821896,4
821897,4
821898,1
821899,4
821900,4
821901,5
821902,1
821903,1
821904,4
821905,5
821906,4
821907,4
821908,5
821909,4
821910,4
821911,4
821912,1
821913,4
821914,5
821915,4
821916,5
821917,4
821918,5
821919,4
821920,5
821921,5
821922,4
821923,4
821924,4
821925,4
821926,5
821927,1
821928,1
821929,5
821930,4
821931,4
821932,4
821933,4
821934,4
821935,4
821936,4
821937,4
821938,4
821939,4
821940,4
821941,4
821942,4
821943,4
821944,4
821945,4
821946,4
821947,4
821948,4
821949,4
821950,4
821951,4
821952,3
821953,4
821954,3
821955,5
821956,1
821957,5
821958,4
821959,4
821960,4
821961,4
821962,4
821963,4
821964,4
821965,4
821966,4
821967,4
821968,4
821969,4
821970,4
821971,4
821972,4
821973,4
821974,4
821975,4
821976,4
821977,4
821978,4
821979,4
821980,4
821981,4
821982,4
821983,4
821984,4
821985,4
821986,1
821987,4
821988,4
821989,4
821990,4
821991,4
821992,4
821993,4
821994,4
821995,4
821996,1
821997,4
821998,4
821999,4
822000,4
822001,4
822002,1
822003,5
822004,4
822005,4
822006,4
822007,4
822008,4
822009,4
822010,4
822011,5
822012,1
822013,1
822014,4
822015,4
822016,4
822017,4
822018,4
822019,4
822020,4
822021,4
822022,4
822023,4
822024,4
822025,4
822026,4
822027,4
822028,4
822029,4
822030,4
822031,4
822032,4
822033,4
822034,4
822035,4
822036,4
822037,4
822038,4
822039,4
822040,4
822041,4
822042,4
822043,1
822044,4
822045,4
822046,4
822047,4
822048,4
822049,4
822050,4
822051,4
822052,4
822053,4
822054,4
822055,4
822056,5
822057,1
822058,4
822059,1
822060,4
822061,4
822062,4
822063,4
822064,4
822065,4
822066,4
822067,4
822068,1
822069,4
822070,4
822071,4
822072,4
822073,4
822074,4
822075,4
822076,4
822077,4
822078,4
822079,4
822080,4
822081,4
822082,4
822083,4
822084,4
822085,4
822086,4
822087,4
822088,4
822089,4
822090,4
822091,1
822092,4
822093,4
822094,1
822095,4
822096,4
822097,4
822098,1
822099,4
822100,4
822101,4
822102,4
822103,4
822104,4
822105,4
822106,4
822107,1
822108,1
822109,4
822110,4
822111,4
822112,4
822113,4
822114,1
822115,4
822116,4
822117,4
822118,4
822119,5
822120,4
822121,4
822122,4
822123,1
822124,4
822125,4
822126,4
822127,4
822128,1
822129,1
822130,4
822131,4
822132,4
822133,5
822134,5
822135,4
822136,4
822137,4
822138,1
822139,4
822140,4
822141,4
822142,4
822143,5
822144,1
822145,4
822146,4
822147,4
822148,4
822149,4
822150,4
822151,4
822152,4
822153,4
822154,5
822155,4
822156,4
822157,4
822158,4
822159,4
822160,4
822161,4
822162,4
822163,4
822164,4
822165,4
822166,4
822167,4
822168,4
822169,4
822170,4
822171,4
822172,1
822173,4
822174,4
822175,4
822176,4
822177,4
822178,3
822179,4
822180,1
822181,1
822182,4
822183,4
822184,4
822185,1
822186,4
822187,4
822188,5
822189,4
822190,3
822191,4
822192,4
822193,4
822194,4
822195,4
822196,4
822197,4
822198,4
822199,4
822200,4
822201,4
822202,4
822203,4
822204,4
822205,4
822206,4
822207,1
822208,4
822209,4
822210,5
822211,3
822212,1
822213,4
822214,5
822215,1
822216,4
822217,4
822218,4
822219,4
822220,4
822221,4
822222,4
822223,4
822224,4
822225,1
822226,1
822227,4
822228,4
822229,4
822230,4
822231,4
822232,1
822233,4
822234,5
822235,4
822236,4
822237,4
822238,4
822239,4
822240,4
822241,1
822242,4
822243,4
822244,1
822245,4
822246,1
822247,4
822248,3
822249,4
822250,4
822251,4
822252,4
822253,3
822254,1
822255,4
822256,3
822257,4
822258,1
822259,3
822260,4
822261,3
822262,4
822263,1
822264,3
822265,1
822266,4
822267,4
822268,4
822269,4
822270,4
822271,4
822272,4
822273,4
822274,4
822275,4
822276,4
822277,4
822278,4
822279,4
822280,4
822281,4
822282,4
822283,1
822284,4
822285,4
822286,4
822287,4
822288,4
822289,4
822290,4
822291,4
822292,4
822293,4
822294,4
822295,4
822296,4
822297,1
822298,4
822299,4
822300,4
822301,4
822302,4
822303,1
822304,1
822305,4
822306,4
822307,4
822308,4
822309,4
822310,4
822311,4
822312,4
822313,4
822314,4
822315,4
822316,3
822317,4
822318,4
822319,4
822320,4
822321,4
822322,4
822323,4
822324,4
822325,4
822326,4
822327,4
822328,4
822329,4
822330,4
822331,4
822332,4
822333,3
822334,4
822335,4
822336,4
822337,4
822338,4
822339,4
822340,4
822341,4
822342,4
822343,4
822344,3
822345,4
822346,4
822347,4
822348,4
822349,4
822350,4
822351,4
822352,4
822353,4
822354,4
822355,4
822356,4
822357,4
822358,4
822359,4
822360,4
822361,4
822362,1
822363,4
822364,4
822365,4
822366,1
822367,4
822368,4
822369,1
822370,4
822371,5
822372,1
822373,5
822374,4
822375,4
822376,5
822377,4
822378,4
822379,5
822380,4
822381,4
822382,4
822383,1
822384,4
822385,4
822386,4
822387,4
822388,4
822389,4
822390,4
822391,4
822392,4
822393,4
822394,4
822395,4
822396,4
822397,4
822398,4
822399,4
822400,4
822401,5
822402,5
822403,4
822404,4
822405,4
822406,1
822407,4
822408,5
822409,4
822410,5
822411,5
822412,4
822413,4
822414,4
822415,4
822416,4
822417,4
822418,4
822419,4
822420,4
822421,4
822422,5
822423,1
822424,4
822425,4
822426,1
822427,4
822428,4
822429,4
822430,4
822431,4
822432,5
822433,4
822434,4
822435,4
822436,4
822437,4
822438,4
822439,4
822440,4
822441,4
822442,4
822443,4
822444,4
822445,4
822446,4
822447,4
822448,1
822449,4
822450,4
822451,4
822452,4
822453,4
822454,4
822455,1
822456,4
822457,4
822458,1
822459,1
822460,4
822461,4
822462,4
822463,4
822464,4
822465,1
822466,4
822467,4
822468,4
822469,4
822470,4
822471,4
822472,4
822473,4
822474,4
822475,4
822476,4
822477,4
822478,4
822479,1
822480,4
822481,4
822482,1
822483,4
822484,4
822485,4
822486,4
822487,4
822488,1
822489,4
822490,4
822491,4
822492,1
822493,4
822494,4
822495,4
822496,1
822497,4
822498,4
822499,4
822500,4
822501,4
822502,4
822503,5
822504,4
822505,5
822506,4
822507,1
822508,4
822509,4
822510,4
822511,4
822512,1
822513,4
822514,4
822515,4
822516,1
822517,3
822518,4
822519,4
822520,4
822521,4
822522,4
822523,4
822524,4
822525,1
822526,4
822527,4
822528,4
822529,4
822530,4
822531,4
822532,4
822533,4
822534,4
822535,1
822536,4
822537,1
822538,4
822539,4
822540,4
822541,4
822542,4
822543,1
822544,4
822545,4
822546,4
822547,4
822548,4
822549,4
822550,1
822551,1
822552,4
822553,4
822554,4
822555,4
822556,4
822557,1
822558,4
822559,4
822560,4
822561,4
822562,4
822563,4
822564,1
822565,4
822566,4
822567,4
822568,4
822569,4
822570,4
822571,4
822572,4
822573,1
822574,4
822575,4
822576,4
822577,4
822578,4
822579,4
822580,4
822581,4
822582,4
822583,4
822584,4
822585,4
822586,4
822587,1
822588,4
822589,4
822590,4
822591,4
822592,4
822593,1
822594,4
822595,4
822596,4
822597,4
822598,1
822599,4
822600,4
822601,4
822602,4
822603,4
822604,5
822605,4
822606,5
822607,4
822608,5
822609,5
822610,4
822611,5
822612,4
822613,4
822614,4
822615,1
822616,4
822617,1
822618,4
822619,1
822620,4
822621,4
822622,1
822623,4
822624,4
822625,1
822626,4
822627,4
822628,4
822629,4
822630,4
822631,4
822632,4
822633,4
822634,4
822635,4
822636,4
822637,4
822638,4
822639,4
822640,4
822641,3
822642,1
822643,4
822644,4
822645,4
822646,3
822647,1
822648,4
822649,4
822650,1
822651,4
822652,4
822653,4
822654,5
822655,4
822656,4
822657,1
822658,4
822659,3
822660,5
822661,4
822662,4
822663,4
822664,4
822665,1
822666,4
822667,4
822668,3
822669,4
822670,4
822671,4
822672,4
822673,3
822674,5
822675,4
822676,4
822677,3
822678,4
822679,4
822680,4
822681,4
822682,4
822683,4
822684,4
822685,4
822686,4
822687,4
822688,4
822689,4
822690,4
822691,4
822692,5
822693,3
822694,4
822695,1
822696,4
822697,4
822698,4
822699,4
822700,4
822701,4
822702,4
822703,3
822704,4
822705,4
822706,4
822707,4
822708,5
822709,4
822710,4
822711,4
822712,4
822713,4
822714,4
822715,4
822716,4
822717,4
822718,4
822719,4
822720,1
822721,4
822722,5
822723,4
822724,4
822725,4
822726,4
822727,4
822728,4
822729,4
822730,4
822731,4
822732,4
822733,4
822734,1
822735,1
822736,4
822737,4
822738,1
822739,5
822740,4
822741,4
822742,4
822743,1
822744,4
822745,4
822746,4
822747,4
822748,4
822749,1
822750,4
822751,4
822752,4
822753,4
822754,4
822755,4
822756,1
822757,4
822758,4
822759,4
822760,1
822761,4
822762,4
822763,4
822764,4
822765,4
822766,1
822767,4
822768,4
822769,4
822770,4
822771,4
822772,4
822773,4
822774,4
822775,4
822776,1
822777,5
822778,1
822779,4
822780,3
822781,4
822782,4
822783,4
822784,3
822785,4
822786,1
822787,4
822788,4
822789,3
822790,4
822791,4
822792,3
822793,1
822794,4
822795,4
822796,4
822797,4
822798,3
822799,4
822800,5
822801,4
822802,4
822803,1
822804,4
822805,4
822806,4
822807,4
822808,4
822809,4
822810,4
822811,4
822812,4
822813,4
822814,4
822815,4
822816,4
822817,4
822818,4
822819,3
822820,4
822821,4
822822,4
822823,4
822824,4
822825,4
822826,4
822827,4
822828,4
822829,5
822830,4
822831,4
822832,4
822833,4
822834,4
822835,4
822836,4
822837,4
822838,4
822839,5
822840,4
822841,4
822842,4
822843,4
822844,4
822845,4
822846,5
822847,4
822848,4
822849,1
822850,5
822851,4
822852,4
822853,4
822854,4
822855,4
822856,1
822857,4
822858,4
822859,4
822860,4
822861,4
822862,4
822863,1
822864,4
822865,4
822866,4
822867,5
822868,4
822869,4
822870,4
822871,4
822872,4
822873,4
822874,1
822875,4
822876,4
822877,4
822878,4
822879,4
822880,4
822881,4
822882,4
822883,1
822884,1
822885,4
822886,5
822887,4
822888,4
822889,1
822890,4
822891,4
822892,4
822893,1
822894,4
822895,5
822896,4
822897,4
822898,1
822899,5
822900,4
822901,4
822902,1
822903,4
822904,4
822905,5
822906,4
822907,4
822908,4
822909,4
822910,4
822911,4
822912,4
822913,4
822914,4
822915,4
822916,4
822917,4
822918,4
822919,1
822920,4
822921,4
822922,4
822923,4
822924,4
822925,4
822926,4
822927,4
822928,4
822929,4
822930,4
822931,1
822932,4
822933,4
822934,4
822935,4
822936,4
822937,4
822938,4
822939,4
822940,1
822941,4
822942,4
822943,4
822944,4
822945,4
822946,4
822947,4
822948,1
822949,4
822950,4
822951,4
822952,4
822953,4
822954,4
822955,4
822956,4
822957,4
822958,4
822959,4
822960,4
822961,4
822962,1
822963,4
822964,4
822965,4
822966,4
822967,4
822968,4
822969,4
822970,4
822971,4
822972,4
822973,4
822974,4
822975,4
822976,4
822977,4
822978,4
822979,4
822980,4
822981,4
822982,4
822983,4
822984,4
822985,4
822986,4
822987,4
822988,4
822989,4
822990,5
822991,5
822992,4
822993,4
822994,4
822995,5
822996,5
822997,4
822998,4
822999,4
823000,4
823001,4
823002,1
823003,5
823004,4
823005,4
823006,4
823007,4
823008,1
823009,1
823010,4
823011,4
823012,5
823013,4
823014,4
823015,4
823016,4
823017,4
823018,4
823019,4
823020,4
823021,4
823022,4
823023,5
823024,1
823025,4
823026,4
823027,4
823028,4
823029,1
823030,4
823031,5
823032,4
823033,4
823034,4
823035,4
823036,4
823037,4
823038,4
823039,4
823040,4
823041,4
823042,5
823043,4
823044,4
823045,4
823046,1
823047,1
823048,4
823049,4
823050,4
823051,4
823052,4
823053,4
823054,1
823055,4
823056,4
823057,4
823058,4
823059,4
823060,4
823061,4
823062,4
823063,4
823064,4
823065,4
823066,4
823067,4
823068,4
823069,4
823070,1
823071,4
823072,4
823073,4
823074,4
823075,4
823076,4
823077,4
823078,4
823079,4
823080,4
823081,4
823082,4
823083,4
823084,4
823085,4
823086,4
823087,4
823088,4
823089,4
823090,4
823091,1
823092,4
823093,4
823094,4
823095,4
823096,4
823097,4
823098,4
823099,4
823100,4
823101,4
823102,4
823103,4
823104,4
823105,4
823106,4
823107,4
823108,4
823109,4
823110,4
823111,4
823112,4
823113,4
823114,1
823115,4
823116,4
823117,4
823118,4
823119,4
823120,4
823121,4
823122,4
823123,4
823124,4
823125,4
823126,1
823127,4
823128,4
823129,4
823130,4
823131,4
823132,1
823133,4
823134,4
823135,4
823136,4
823137,4
823138,4
823139,4
823140,4
823141,4
823142,4
823143,4
823144,1
823145,4
823146,4
823147,4
823148,1
823149,4
823150,1
823151,4
823152,5
823153,4
823154,4
823155,4
823156,4
823157,4
823158,4
823159,4
823160,4
823161,4
823162,4
823163,4
823164,4
823165,4
823166,4
823167,4
823168,4
823169,5
823170,4
823171,1
823172,4
823173,4
823174,4
823175,4
823176,4
823177,4
823178,1
823179,4
823180,5
823181,4
823182,4
823183,4
823184,4
823185,4
823186,4
823187,4
823188,4
823189,4
823190,4
823191,4
823192,4
823193,4
823194,4
823195,4
823196,4
823197,4
823198,4
823199,4
823200,4
823201,4
823202,4
823203,4
823204,4
823205,4
823206,4
823207,4
823208,4
823209,4
823210,4
823211,4
823212,1
823213,4
823214,4
823215,4
823216,4
823217,4
823218,4
823219,4
823220,4
823221,4
823222,4
823223,4
823224,1
823225,4
823226,5
823227,4
823228,4
823229,4
823230,4
823231,1
823232,4
823233,4
823234,4
823235,4
823236,4
823237,4
823238,4
823239,4
823240,1
823241,4
823242,4
823243,4
823244,4
823245,4
823246,1
823247,4
823248,4
823249,4
823250,1
823251,4
823252,4
823253,4
823254,1
823255,4
823256,4
823257,4
823258,1
823259,4
823260,1
823261,4
823262,4
823263,1
823264,4
823265,1
823266,4
823267,4
823268,4
823269,4
823270,4
823271,1
823272,4
823273,4
823274,4
823275,4
823276,4
823277,1
823278,4
823279,4
823280,4
823281,4
823282,4
823283,1
823284,4
823285,1
823286,4
823287,4
823288,4
823289,4
823290,4
823291,1
823292,5
823293,4
823294,4
823295,4
823296,4
823297,4
823298,4
823299,5
823300,4
823301,4
823302,4
823303,4
823304,4
823305,4
823306,4
823307,4
823308,4
823309,4
823310,4
823311,4
823312,4
823313,4
823314,4
823315,1
823316,4
823317,4
823318,4
823319,4
823320,4
823321,1
823322,4
823323,5
823324,5
823325,4
823326,4
823327,4
823328,4
823329,4
823330,4
823331,4
823332,4
823333,4
823334,4
823335,5
823336,4
823337,4
823338,4
823339,4
823340,5
823341,4
823342,1
823343,4
823344,1
823345,4
823346,4
823347,4
823348,1
823349,4
823350,1
823351,4
823352,4
823353,1
823354,4
823355,4
823356,4
823357,4
823358,4
823359,4
823360,4
823361,4
823362,4
823363,4
823364,4
823365,4
823366,4
823367,1
823368,4
823369,4
823370,4
823371,1
823372,4
823373,4
823374,4
823375,4
823376,4
823377,4
823378,1
823379,4
823380,4
823381,5
823382,4
823383,4
823384,4
823385,4
823386,4
823387,4
823388,4
823389,4
823390,5
823391,4
823392,4
823393,4
823394,3
823395,4
823396,4
823397,4
823398,5
823399,4
823400,4
823401,4
823402,4
823403,4
823404,4
823405,4
823406,4
823407,4
823408,4
823409,4
823410,4
823411,4
823412,4
823413,5
823414,4
823415,4
823416,4
823417,4
823418,4
823419,4
823420,4
823421,4
823422,4
823423,1
823424,5
823425,4
823426,4
823427,4
823428,4
823429,4
823430,4
823431,4
823432,4
823433,4
823434,4
823435,5
823436,4
823437,4
823438,4
823439,4
823440,1
823441,4
823442,4
823443,4
823444,4
823445,4
823446,1
823447,5
823448,4
823449,4
823450,4
823451,4
823452,4
823453,4
823454,4
823455,4
823456,1
823457,4
823458,1
823459,4
823460,4
823461,1
823462,1
823463,1
823464,4
823465,4
823466,4
823467,4
823468,4
823469,4
823470,4
823471,4
823472,4
823473,4
823474,4
823475,4
823476,4
823477,4
823478,4
823479,4
823480,4
823481,4
823482,4
823483,4
823484,4
823485,4
823486,1
823487,4
823488,4
823489,4
823490,4
823491,1
823492,5
823493,4
823494,5
823495,4
823496,5
823497,4
823498,4
823499,4
823500,4
823501,1
823502,4
823503,4
823504,1
823505,4
823506,4
823507,4
823508,4
823509,4
823510,4
823511,4
823512,3
823513,4
823514,1
823515,4
823516,4
823517,4
823518,4
823519,4
823520,4
823521,1
823522,4
823523,4
823524,4
823525,4
823526,4
823527,4
823528,4
823529,4
823530,4
823531,4
823532,4
823533,3
823534,4
823535,5
823536,4
823537,4
823538,4
823539,4
823540,4
823541,4
823542,4
823543,4
823544,4
823545,1
823546,1
823547,4
823548,4
823549,4
823550,4
823551,4
823552,4
823553,4
823554,4
823555,4
823556,4
823557,4
823558,4
823559,4
823560,5
823561,4
823562,4
823563,4
823564,4
823565,4
823566,4
823567,4
823568,4
823569,4
823570,4
823571,4
823572,4
823573,4
823574,4
823575,4
823576,4
823577,4
823578,4
823579,4
823580,4
823581,4
823582,5
823583,4
823584,5
823585,4
823586,4
823587,4
823588,4
823589,4
823590,4
823591,4
823592,1
823593,1
823594,4
823595,4
823596,4
823597,4
823598,4
823599,4
823600,4
823601,5
823602,4
823603,4
823604,4
823605,4
823606,4
823607,5
823608,4
823609,4
823610,4
823611,4
823612,4
823613,5
823614,5
823615,4
823616,4
823617,4
823618,5
823619,4
823620,1
823621,4
823622,4
823623,4
823624,4
823625,4
823626,1
823627,4
823628,4
823629,4
823630,4
823631,1
823632,4
823633,4
823634,4
823635,4
823636,4
823637,4
823638,4
823639,4
823640,4
823641,4
823642,4
823643,4
823644,5
823645,4
823646,4
823647,4
823648,4
823649,4
823650,4
823651,4
823652,4
823653,4
823654,4
823655,4
823656,4
823657,4
823658,4
823659,4
823660,5
823661,4
823662,4
823663,4
823664,1
823665,4
823666,4
823667,5
823668,4
823669,5
823670,4
823671,4
823672,4
823673,4
823674,4
823675,5
823676,4
823677,4
823678,4
823679,4
823680,4
823681,4
823682,4
823683,4
823684,3
823685,4
823686,4
823687,4
823688,3
823689,4
823690,4
823691,3
823692,4
823693,4
823694,4
823695,5
823696,4
823697,4
823698,3
823699,4
823700,4
823701,4
823702,4
823703,3
823704,4
823705,4
823706,1
823707,4
823708,4
823709,4
823710,1
823711,4
823712,4
823713,4
823714,1
823715,4
823716,3
823717,1
823718,1
823719,4
823720,4
823721,4
823722,4
823723,4
823724,4
823725,4
823726,1
823727,4
823728,4
823729,4
823730,1
823731,4
823732,4
823733,4
823734,4
823735,4
823736,4
823737,4
823738,4
823739,4
823740,4
823741,4
823742,4
823743,4
823744,4
823745,4
823746,4
823747,4
823748,4
823749,4
823750,4
823751,4
823752,4
823753,4
823754,4
823755,4
823756,4
823757,4
823758,1
823759,4
823760,4
823761,4
823762,4
823763,1
823764,4
823765,4
823766,1
823767,3
823768,4
823769,3
823770,3
823771,4
823772,4
823773,4
823774,1
823775,4
823776,4
823777,4
823778,4
823779,4
823780,4
823781,4
823782,1
823783,4
823784,4
823785,1
823786,4
823787,4
823788,4
823789,1
823790,4
823791,4
823792,4
823793,4
823794,1
823795,4
823796,4
823797,4
823798,4
823799,4
823800,4
823801,4
823802,4
823803,4
823804,4
823805,4
823806,4
823807,4
823808,1
823809,4
823810,4
823811,4
823812,4
823813,4
823814,4
823815,1
823816,4
823817,4
823818,4
823819,4
823820,4
823821,1
823822,4
823823,4
823824,4
823825,4
823826,4
823827,4
823828,4
823829,1
823830,4
823831,4
823832,1
823833,4
823834,4
823835,4
823836,4
823837,1
823838,4
823839,4
823840,5
823841,4
823842,4
823843,1
823844,1
823845,1
823846,4
823847,4
823848,4
823849,4
823850,4
823851,4
823852,1
823853,3
823854,4
823855,4
823856,4
823857,1
823858,4
823859,4
823860,4
823861,5
823862,4
823863,4
823864,4
823865,4
823866,4
823867,4
823868,4
823869,4
823870,4
823871,4
823872,4
823873,1
823874,4
823875,4
823876,4
823877,4
823878,4
823879,1
823880,4
823881,4
823882,4
823883,4
823884,1
823885,1
823886,4
823887,4
823888,4
823889,4
823890,4
823891,4
823892,4
823893,4
823894,4
823895,4
823896,4
823897,4
823898,4
823899,4
823900,4
823901,4
823902,4
823903,4
823904,4
823905,1
823906,4
823907,4
823908,4
823909,4
823910,4
823911,4
823912,4
823913,4
823914,1
823915,1
823916,4
823917,4
823918,4
823919,4
823920,4
823921,4
823922,4
823923,1
823924,4
823925,4
823926,4
823927,4
823928,4
823929,3
823930,4
823931,4
823932,1
823933,4
823934,4
823935,4
823936,4
823937,4
823938,4
823939,1
823940,4
823941,4
823942,4
823943,4
823944,5
823945,4
823946,4
823947,1
823948,4
823949,4
823950,4
823951,4
823952,4
823953,4
823954,1
823955,4
823956,4
823957,4
823958,4
823959,4
823960,4
823961,4
823962,4
823963,4
823964,4
823965,1
823966,5
823967,4
823968,4
823969,4
823970,3
823971,4
823972,4
823973,3
823974,5
823975,4
823976,4
823977,4
823978,5
823979,3
823980,5
823981,4
823982,4
823983,4
823984,4
823985,3
823986,4
823987,4
823988,1
823989,1
823990,4
823991,4
823992,4
823993,4
823994,4
823995,4
823996,4
823997,4
823998,4
823999,1
824000,4
824001,5
824002,1
824003,4
824004,4
824005,4
824006,4
824007,4
824008,1
824009,4
824010,4
824011,4
824012,1
824013,4
824014,4
824015,1
824016,4
824017,4
824018,4
824019,4
824020,4
824021,4
824022,4
824023,1
824024,4
824025,4
824026,4
824027,4
824028,5
824029,4
824030,1
824031,4
824032,5
824033,1
824034,4
824035,4
824036,3
824037,3
824038,4
824039,4
824040,4
824041,4
824042,4
824043,5
824044,4
824045,4
824046,4
824047,4
824048,5
824049,4
824050,4
824051,4
824052,4
824053,4
824054,4
824055,1
824056,5
824057,4
824058,4
824059,4
824060,4
824061,4
824062,1
824063,4
824064,4
824065,4
824066,1
824067,4
824068,1
824069,4
824070,4
824071,4
824072,4
824073,4
824074,4
824075,4
824076,4
824077,4
824078,4
824079,1
824080,4
824081,4
824082,4
824083,5
824084,4
824085,4
824086,5
824087,4
824088,4
824089,4
824090,4
824091,4
824092,4
824093,4
824094,4
824095,1
824096,5
824097,4
824098,4
824099,4
824100,4
824101,1
824102,4
824103,4
824104,4
824105,4
824106,4
824107,4
824108,4
824109,4
824110,4
824111,4
824112,4
824113,4
824114,4
824115,4
824116,1
824117,4
824118,4
824119,4
824120,4
824121,5
824122,4
824123,4
824124,4
824125,4
824126,4
824127,4
824128,4
824129,4
824130,3
824131,4
824132,4
824133,4
824134,4
824135,4
824136,4
824137,4
824138,4
824139,4
824140,4
824141,4
824142,1
824143,4
824144,4
824145,4
824146,4
824147,4
824148,4
824149,4
824150,1
824151,4
824152,4
824153,4
824154,4
824155,1
824156,4
824157,4
824158,1
824159,4
824160,1
824161,4
824162,4
824163,4
824164,4
824165,4
824166,4
824167,4
824168,4
824169,4
824170,4
824171,4
824172,4
824173,4
824174,4
824175,4
824176,4
824177,5
824178,5
824179,4
824180,3
824181,4
824182,3
824183,1
824184,3
824185,4
824186,4
824187,4
824188,4
824189,3
824190,4
824191,4
824192,4
824193,4
824194,4
824195,4
824196,4
824197,4
824198,4
824199,4
824200,4
824201,4
824202,4
824203,1
824204,4
824205,4
824206,4
824207,4
824208,4
824209,4
824210,4
824211,4
824212,4
824213,4
824214,4
824215,1
824216,4
824217,4
824218,4
824219,4
824220,1
824221,1
824222,4
824223,1
824224,1
824225,4
824226,1
824227,4
824228,1
824229,4
824230,4
824231,4
824232,4
824233,4
824234,4
824235,4
824236,4
824237,4
824238,4
824239,4
824240,4
824241,4
824242,1
824243,4
824244,4
824245,4
824246,4
824247,4
824248,4
824249,4
824250,4
824251,1
824252,4
824253,4
824254,4
824255,4
824256,4
824257,4
824258,4
824259,4
824260,4
824261,4
824262,5
824263,4
824264,4
824265,4
824266,4
824267,4
824268,4
824269,5
824270,4
824271,4
824272,4
824273,1
824274,4
824275,4
824276,4
824277,4
824278,4
824279,1
824280,1
824281,4
824282,4
824283,4
824284,4
824285,4
824286,4
824287,4
824288,1
824289,4
824290,4
824291,4
824292,4
824293,4
824294,1
824295,4
824296,4
824297,4
824298,4
824299,4
824300,4
824301,4
824302,1
824303,4
824304,4
824305,4
824306,4
824307,4
824308,4
824309,1
824310,4
824311,4
824312,4
824313,4
824314,4
824315,1
824316,4
824317,1
824318,4
824319,4
824320,4
824321,4
824322,3
824323,4
824324,4
824325,4
824326,3
824327,4
824328,5
824329,4
824330,4
824331,4
824332,4
824333,4
824334,4
824335,4
824336,3
824337,4
824338,4
824339,4
824340,4
824341,4
824342,1
824343,4
824344,4
824345,4
824346,4
824347,4
824348,1
824349,5
824350,4
824351,3
824352,5
824353,3
824354,4
824355,4
824356,4
824357,4
824358,4
824359,4
824360,1
824361,1
824362,4
824363,1
824364,4
824365,4
824366,4
824367,4
824368,5
824369,4
824370,4
824371,4
824372,4
824373,4
824374,4
824375,4
824376,4
824377,1
824378,5
824379,4
824380,4
824381,4
824382,4
824383,4
824384,4
824385,4
824386,4
824387,1
824388,4
824389,4
824390,4
824391,4
824392,1
824393,4
824394,4
824395,4
824396,4
824397,4
824398,4
824399,4
824400,4
824401,1
824402,4
824403,4
824404,1
824405,4
824406,4
824407,4
824408,1
824409,4
824410,4
824411,4
824412,4
824413,4
824414,4
824415,4
824416,5
824417,4
824418,4
824419,5
824420,4
824421,3
824422,4
824423,4
824424,4
824425,4
824426,1
824427,4
824428,4
824429,4
824430,4
824431,4
824432,4
824433,4
824434,5
824435,4
824436,4
824437,4
824438,5
824439,4
824440,4
824441,4
824442,1
824443,4
824444,4
824445,4
824446,4
824447,4
824448,4
824449,4
824450,4
824451,1
824452,4
824453,4
824454,1
824455,4
824456,4
824457,4
824458,4
824459,4
824460,5
824461,1
824462,4
824463,4
824464,4
824465,4
824466,4
824467,4
824468,4
824469,4
824470,4
824471,4
824472,4
824473,4
824474,5
824475,4
824476,4
824477,4
824478,4
824479,4
824480,4
824481,4
824482,4
824483,4
824484,4
824485,1
824486,4
824487,1
824488,4
824489,4
824490,1
824491,4
824492,1
824493,1
824494,4
824495,4
824496,4
824497,4
824498,4
824499,4
824500,4
824501,4
824502,1
824503,4
824504,4
824505,4
824506,4
824507,1
824508,4
824509,4
824510,1
824511,1
824512,4
824513,4
824514,4
824515,4
824516,4
824517,4
824518,4
824519,4
824520,4
824521,4
824522,4
824523,4
824524,1
824525,4
824526,1
824527,4
824528,4
824529,4
824530,4
824531,4
824532,1
824533,4
824534,4
824535,4
824536,4
824537,4
824538,4
824539,4
824540,5
824541,4
824542,4
824543,4
824544,4
824545,5
824546,4
824547,4
824548,4
824549,4
824550,4
824551,4
824552,4
824553,4
824554,4
824555,4
824556,4
824557,4
824558,1
824559,4
824560,4
824561,1
824562,4
824563,4
824564,4
824565,4
824566,4
824567,4
824568,4
824569,4
824570,4
824571,4
824572,4
824573,5
824574,4
824575,4
824576,1
824577,4
824578,4
824579,4
824580,4
824581,4
824582,4
824583,4
824584,4
824585,4
824586,4
824587,4
824588,4
824589,4
824590,5
824591,1
824592,4
824593,5
824594,4
824595,1
824596,4
824597,4
824598,4
824599,4
824600,4
824601,4
824602,4
824603,5
824604,1
824605,4
824606,5
824607,4
824608,4
824609,4
824610,4
824611,4
824612,1
824613,5
824614,4
824615,5
824616,4
824617,4
824618,4
824619,4
824620,4
824621,4
824622,4
824623,5
824624,4
824625,4
824626,4
824627,4
824628,4
824629,1
824630,4
824631,4
824632,4
824633,4
824634,4
824635,4
824636,4
824637,4
824638,4
824639,4
824640,4
824641,4
824642,4
824643,4
824644,4
824645,4
824646,1
824647,4
824648,4
824649,4
824650,4
824651,4
824652,4
824653,4
824654,4
824655,4
824656,4
824657,4
824658,4
824659,4
824660,4
824661,4
824662,1
824663,4
824664,1
824665,4
824666,5
824667,4
824668,4
824669,1
824670,4
824671,4
824672,4
824673,4
824674,1
824675,4
824676,4
824677,4
824678,4
824679,1
824680,1
824681,4
824682,4
824683,4
824684,4
824685,4
824686,4
824687,4
824688,1
824689,4
824690,4
824691,4
824692,4
824693,4
824694,4
824695,1
824696,4
824697,4
824698,5
824699,4
824700,4
824701,4
824702,4
824703,4
824704,4
824705,4
824706,4
824707,4
824708,4
824709,4
824710,4
824711,4
824712,4
824713,4
824714,4
824715,4
824716,4
824717,4
824718,4
824719,4
824720,4
824721,4
824722,4
824723,4
824724,1
824725,4
824726,4
824727,4
824728,4
824729,4
824730,5
824731,4
824732,4
824733,4
824734,4
824735,4
824736,4
824737,5
824738,4
824739,4
824740,4
824741,4
824742,5
824743,1
824744,4
824745,1
824746,4
824747,4
824748,4
824749,4
824750,4
824751,4
824752,4
824753,4
824754,4
824755,5
824756,4
824757,1
824758,1
824759,4
824760,4
824761,4
824762,5
824763,1
824764,4
824765,5
824766,4
824767,4
824768,4
824769,4
824770,4
824771,4
824772,4
824773,5
824774,4
824775,4
824776,1
824777,4
824778,1
824779,5
824780,4
824781,5
824782,1
824783,4
824784,4
824785,4
824786,4
824787,1
824788,4
824789,1
824790,5
824791,4
824792,4
824793,4
824794,4
824795,4
824796,4
824797,5
824798,4
824799,4
824800,4
824801,5
824802,4
824803,4
824804,4
824805,4
824806,4
824807,4
824808,4
824809,4
824810,4
824811,4
824812,4
824813,4
824814,4
824815,4
824816,1
824817,4
824818,4
824819,4
824820,4
824821,4
824822,4
824823,4
824824,1
824825,4
824826,4
824827,4
824828,4
824829,4
824830,4
824831,4
824832,4
824833,4
824834,4
824835,4
824836,4
824837,4
824838,4
824839,3
824840,4
824841,4
824842,4
824843,4
824844,3
824845,3
824846,4
824847,4
824848,4
824849,4
824850,4
824851,4
824852,4
824853,4
824854,4
824855,4
824856,4
824857,4
824858,4
824859,4
824860,4
824861,4
824862,4
824863,4
824864,1
824865,4
824866,4
824867,4
824868,4
824869,4
824870,4
824871,1
824872,1
824873,4
824874,4
824875,1
824876,4
824877,4
824878,3
824879,4
824880,4
824881,4
824882,4
824883,1
824884,4
824885,4
824886,4
824887,1
824888,5
824889,4
824890,4
824891,1
824892,4
824893,4
824894,1
824895,4
824896,4
824897,1
824898,4
824899,1
824900,4
824901,4
824902,4
824903,4
824904,5
824905,1
824906,4
824907,4
824908,5
824909,4
824910,1
824911,4
824912,4
824913,4
824914,4
824915,4
824916,4
824917,4
824918,4
824919,4
824920,4
824921,4
824922,4
824923,4
824924,4
824925,4
824926,4
824927,4
824928,4
824929,4
824930,1
824931,4
824932,4
824933,4
824934,4
824935,4
824936,4
824937,4
824938,4
824939,4
824940,4
824941,4
824942,4
824943,4
824944,5
824945,1
824946,4
824947,1
824948,4
824949,4
824950,4
824951,5
824952,4
824953,1
824954,4
824955,4
824956,4
824957,4
824958,4
824959,4
824960,4
824961,4
824962,4
824963,1
824964,4
824965,4
824966,4
824967,4
824968,4
824969,4
824970,4
824971,4
824972,4
824973,4
824974,4
824975,4
824976,4
824977,4
824978,4
824979,4
824980,4
824981,4
824982,4
824983,4
824984,4
824985,4
824986,4
824987,4
824988,5
824989,4
824990,4
824991,3
824992,1
824993,4
824994,4
824995,4
824996,3
824997,1
824998,3
824999,4
825000,1
825001,4
825002,3
825003,4
825004,3
825005,4
825006,4
825007,4
825008,4
825009,1
825010,3
825011,3
825012,4
825013,5
825014,1
825015,5
825016,4
825017,4
825018,3
825019,4
825020,5
825021,4
825022,4
825023,4
825024,4
825025,1
825026,4
825027,4
825028,1
825029,4
825030,4
825031,4
825032,4
825033,4
825034,1
825035,4
825036,4
825037,4
825038,4
825039,5
825040,4
825041,4
825042,4
825043,4
825044,4
825045,4
825046,4
825047,4
825048,4
825049,4
825050,4
825051,4
825052,4
825053,4
825054,1
825055,4
825056,4
825057,4
825058,4
825059,4
825060,4
825061,5
825062,4
825063,4
825064,4
825065,4
825066,1
825067,4
825068,4
825069,5
825070,1
825071,4
825072,4
825073,1
825074,3
825075,3
825076,4
825077,3
825078,4
825079,3
825080,4
825081,4
825082,1
825083,4
825084,1
825085,3
825086,4
825087,4
825088,4
825089,4
825090,4
825091,5
825092,4
825093,4
825094,4
825095,4
825096,4
825097,4
825098,1
825099,4
825100,4
825101,4
825102,4
825103,4
825104,4
825105,4
825106,4
825107,4
825108,1
825109,1
825110,4
825111,4
825112,1
825113,1
825114,1
825115,4
825116,4
825117,4
825118,4
825119,4
825120,1
825121,4
825122,4
825123,4
825124,4
825125,4
825126,4
825127,4
825128,4
825129,1
825130,4
825131,4
825132,4
825133,4
825134,4
825135,4
825136,1
825137,4
825138,1
825139,1
825140,4
825141,4
825142,4
825143,4
825144,4
825145,4
825146,1
825147,4
825148,4
825149,1
825150,4
825151,4
825152,4
825153,4
825154,4
825155,4
825156,4
825157,4
825158,4
825159,4
825160,4
825161,1
825162,4
825163,4
825164,4
825165,4
825166,4
825167,4
825168,4
825169,4
825170,4
825171,4
825172,4
825173,4
825174,1
825175,4
825176,4
825177,4
825178,4
825179,4
825180,4
825181,4
825182,4
825183,3
825184,3
825185,3
825186,1
825187,3
825188,3
825189,3
825190,3
825191,3
825192,4
825193,4
825194,3
825195,4
825196,3
825197,3
825198,4
825199,3
825200,4
825201,4
825202,1
825203,4
825204,1
825205,3
825206,4
825207,4
825208,3
825209,3
825210,4
825211,3
825212,3
825213,4
825214,4
825215,4
825216,4
825217,1
825218,4
825219,1
825220,3
825221,4
825222,4
825223,4
825224,4
825225,3
825226,3
825227,3
825228,5
825229,3
825230,4
825231,5
825232,4
825233,4
825234,4
825235,4
825236,1
825237,3
825238,4
825239,3
825240,4
825241,3
825242,3
825243,4
825244,3
825245,4
825246,3
825247,4
825248,3
825249,4
825250,3
825251,3
825252,4
825253,4
825254,4
825255,4
825256,3
825257,3
825258,4
825259,4
825260,4
825261,4
825262,4
825263,4
825264,3
825265,4
825266,4
825267,4
825268,4
825269,4
825270,1
825271,4
825272,4
825273,4
825274,3
825275,5
825276,4
825277,4
825278,1
825279,4
825280,4
825281,1
825282,4
825283,4
825284,4
825285,4
825286,4
825287,4
825288,4
825289,4
825290,3
825291,3
825292,4
825293,4
825294,5
825295,4
825296,4
825297,4
825298,3
825299,4
825300,4
825301,4
825302,4
825303,4
825304,5
825305,4
825306,1
825307,5
825308,4
825309,4
825310,1
825311,1
825312,1
825313,4
825314,5
825315,5
825316,4
825317,4
825318,5
825319,3
825320,4
825321,4
825322,4
825323,4
825324,3
825325,4
825326,4
825327,4
825328,5
825329,4
825330,4
825331,3
825332,4
825333,4
825334,4
825335,4
825336,1
825337,4
825338,4
825339,4
825340,4
825341,4
825342,4
825343,4
825344,4
825345,4
825346,4
825347,5
825348,5
825349,4
825350,4
825351,4
825352,4
825353,4
825354,4
825355,4
825356,3
825357,4
825358,4
825359,4
825360,4
825361,4
825362,4
825363,4
825364,4
825365,4
825366,4
825367,4
825368,5
825369,4
825370,4
825371,4
825372,3
825373,1
825374,4
825375,1
825376,4
825377,3
825378,4
825379,1
825380,4
825381,5
825382,4
825383,4
825384,5
825385,5
825386,4
825387,4
825388,4
825389,4
825390,4
825391,4
825392,3
825393,4
825394,4
825395,4
825396,4
825397,4
825398,4
825399,4
825400,4
825401,4
825402,4
825403,1
825404,4
825405,4
825406,4
825407,4
825408,4
825409,4
825410,5
825411,4
825412,4
825413,4
825414,4
825415,4
825416,4
825417,4
825418,4
825419,4
825420,4
825421,4
825422,4
825423,4
825424,4
825425,4
825426,4
825427,4
825428,4
825429,4
825430,4
825431,4
825432,4
825433,4
825434,4
825435,4
825436,4
825437,4
825438,4
825439,1
825440,4
825441,4
825442,4
825443,4
825444,4
825445,4
825446,4
825447,4
825448,4
825449,4
825450,4
825451,4
825452,4
825453,4
825454,4
825455,4
825456,4
825457,4
825458,4
825459,5
825460,4
825461,4
825462,4
825463,4
825464,4
825465,4
825466,4
825467,4
825468,1
825469,4
825470,4
825471,4
825472,4
825473,4
825474,1
825475,4
825476,4
825477,5
825478,4
825479,4
825480,4
825481,4
825482,4
825483,4
825484,4
825485,4
825486,4
825487,1
825488,4
825489,4
825490,4
825491,4
825492,4
825493,4
825494,1
825495,4
825496,4
825497,4
825498,4
825499,4
825500,4
825501,4
825502,4
825503,4
825504,4
825505,4
825506,4
825507,4
825508,4
825509,4
825510,4
825511,4
825512,4
825513,4
825514,4
825515,4
825516,1
825517,4
825518,4
825519,4
825520,4
825521,1
825522,4
825523,4
825524,4
825525,1
825526,5
825527,1
825528,4
825529,4
825530,4
825531,4
825532,4
825533,4
825534,4
825535,4
825536,4
825537,4
825538,4
825539,4
825540,4
825541,4
825542,4
825543,4
825544,4
825545,4
825546,4
825547,4
825548,4
825549,4
825550,4
825551,4
825552,4
825553,4
825554,5
825555,4
825556,4
825557,4
825558,4
825559,4
825560,4
825561,4
825562,4
825563,1
825564,4
825565,4
825566,4
825567,4
825568,4
825569,4
825570,4
825571,4
825572,4
825573,5
825574,4
825575,4
825576,4
825577,4
825578,4
825579,4
825580,4
825581,3
825582,4
825583,4
825584,4
825585,4
825586,4
825587,4
825588,4
825589,4
825590,4
825591,4
825592,4
825593,4
825594,4
825595,4
825596,4
825597,4
825598,4
825599,4
825600,4
825601,4
825602,4
825603,4
825604,4
825605,1
825606,4
825607,4
825608,4
825609,1
825610,4
825611,4
825612,4
825613,4
825614,4
825615,4
825616,4
825617,1
825618,4
825619,1
825620,4
825621,4
825622,4
825623,4
825624,1
825625,1
825626,4
825627,4
825628,4
825629,5
825630,4
825631,4
825632,4
825633,4
825634,4
825635,4
825636,4
825637,1
825638,4
825639,4
825640,4
825641,4
825642,4
825643,4
825644,4
825645,4
825646,4
825647,4
825648,4
825649,4
825650,1
825651,1
825652,4
825653,4
825654,1
825655,4
825656,4
825657,4
825658,4
825659,1
825660,4
825661,1
825662,4
825663,4
825664,1
825665,4
825666,4
825667,4
825668,4
825669,4
825670,4
825671,4
825672,4
825673,4
825674,4
825675,4
825676,4
825677,4
825678,5
825679,4
825680,5
825681,4
825682,4
825683,4
825684,5
825685,4
825686,4
825687,5
825688,4
825689,4
825690,4
825691,4
825692,5
825693,4
825694,4
825695,1
825696,4
825697,5
825698,5
825699,4
825700,4
825701,4
825702,4
825703,4
825704,1
825705,4
825706,4
825707,4
825708,4
825709,4
825710,4
825711,4
825712,4
825713,4
825714,4
825715,4
825716,4
825717,4
825718,4
825719,4
825720,4
825721,4
825722,4
825723,4
825724,4
825725,4
825726,1
825727,4
825728,4
825729,4
825730,4
825731,4
825732,4
825733,4
825734,4
825735,4
825736,4
825737,4
825738,4
825739,4
825740,4
825741,4
825742,4
825743,4
825744,4
825745,4
825746,4
825747,1
825748,4
825749,4
825750,1
825751,4
825752,4
825753,4
825754,1
825755,1
825756,4
825757,4
825758,4
825759,4
825760,1
825761,4
825762,4
825763,4
825764,4
825765,4
825766,4
825767,4
825768,4
825769,4
825770,4
825771,4
825772,4
825773,4
825774,4
825775,4
825776,4
825777,4
825778,1
825779,4
825780,4
825781,4
825782,4
825783,4
825784,4
825785,4
825786,4
825787,4
825788,4
825789,4
825790,4
825791,4
825792,4
825793,4
825794,3
825795,4
825796,4
825797,4
825798,1
825799,4
825800,4
825801,4
825802,4
825803,1
825804,4
825805,4
825806,5
825807,4
825808,4
825809,4
825810,4
825811,4
825812,4
825813,4
825814,4
825815,4
825816,1
825817,4
825818,4
825819,1
825820,4
825821,4
825822,1
825823,4
825824,4
825825,5
825826,1
825827,4
825828,4
825829,4
825830,4
825831,4
825832,4
825833,4
825834,4
825835,4
825836,4
825837,4
825838,4
825839,4
825840,4
825841,4
825842,5
825843,4
825844,4
825845,4
825846,4
825847,4
825848,4
825849,4
825850,4
825851,1
825852,4
825853,5
825854,4
825855,4
825856,4
825857,4
825858,4
825859,4
825860,1
825861,4
825862,4
825863,1
825864,4
825865,4
825866,4
825867,4
825868,4
825869,4
825870,5
825871,4
825872,4
825873,4
825874,1
825875,4
825876,4
825877,4
825878,5
825879,4
825880,4
825881,4
825882,1
825883,4
825884,4
825885,4
825886,4
825887,4
825888,4
825889,4
825890,4
825891,4
825892,4
825893,4
825894,4
825895,4
825896,4
825897,4
825898,4
825899,4
825900,4
825901,4
825902,1
825903,1
825904,4
825905,4
825906,4
825907,4
825908,1
825909,1
825910,4
825911,4
825912,4
825913,4
825914,4
825915,5
825916,1
825917,4
825918,1
825919,3
825920,4
825921,4
825922,4
825923,4
825924,4
825925,1
825926,4
825927,4
825928,3
825929,4
825930,1
825931,4
825932,4
825933,4
825934,4
825935,4
825936,4
825937,4
825938,4
825939,4
825940,4
825941,4
825942,4
825943,4
825944,4
825945,4
825946,4
825947,1
825948,4
825949,4
825950,4
825951,4
825952,1
825953,1
825954,4
825955,4
825956,4
825957,4
825958,4
825959,4
825960,4
825961,4
825962,1
825963,4
825964,1
825965,4
825966,4
825967,4
825968,4
825969,4
825970,4
825971,4
825972,4
825973,4
825974,5
825975,5
825976,4
825977,5
825978,5
825979,4
825980,5
825981,1
825982,4
825983,5
825984,5
825985,4
825986,4
825987,4
825988,4
825989,4
825990,4
825991,4
825992,4
825993,4
825994,4
825995,4
825996,4
825997,4
825998,4
825999,1
826000,5
826001,4
826002,4
826003,4
826004,4
826005,4
826006,4
826007,1
826008,4
826009,3
826010,4
826011,4
826012,4
826013,1
826014,4
826015,4
826016,4
826017,5
826018,4
826019,4
826020,4
826021,4
826022,4
826023,5
826024,4
826025,4
826026,1
826027,4
826028,4
826029,1
826030,4
826031,4
826032,4
826033,4
826034,4
826035,4
826036,4
826037,4
826038,4
826039,4
826040,4
826041,4
826042,4
826043,4
826044,4
826045,4
826046,4
826047,5
826048,4
826049,4
826050,4
826051,4
826052,4
826053,4
826054,4
826055,4
826056,4
826057,4
826058,4
826059,4
826060,4
826061,1
826062,4
826063,4
826064,4
826065,4
826066,1
826067,4
826068,1
826069,4
826070,4
826071,4
826072,4
826073,4
826074,4
826075,4
826076,4
826077,1
826078,4
826079,1
826080,1
826081,4
826082,4
826083,4
826084,1
826085,4
826086,4
826087,3
826088,4
826089,4
826090,4
826091,4
826092,4
826093,4
826094,4
826095,4
826096,1
826097,4
826098,4
826099,5
826100,4
826101,4
826102,4
826103,4
826104,4
826105,4
826106,4
826107,4
826108,4
826109,4
826110,4
826111,4
826112,4
826113,4
826114,4
826115,4
826116,1
826117,4
826118,4
826119,4
826120,1
826121,4
826122,4
826123,4
826124,1
826125,1
826126,4
826127,5
826128,4
826129,4
826130,1
826131,4
826132,1
826133,4
826134,4
826135,4
826136,4
826137,4
826138,4
826139,4
826140,4
826141,4
826142,4
826143,4
826144,4
826145,4
826146,4
826147,4
826148,4
826149,4
826150,4
826151,4
826152,4
826153,5
826154,1
826155,4
826156,4
826157,4
826158,1
826159,4
826160,1
826161,4
826162,4
826163,1
826164,4
826165,5
826166,4
826167,4
826168,4
826169,4
826170,4
826171,4
826172,4
826173,4
826174,4
826175,1
826176,5
826177,4
826178,4
826179,4
826180,4
826181,4
826182,1
826183,4
826184,4
826185,4
826186,4
826187,4
826188,1
826189,1
826190,4
826191,4
826192,4
826193,4
826194,4
826195,4
826196,1
826197,1
826198,4
826199,4
826200,4
826201,4
826202,4
826203,4
826204,4
826205,4
826206,1
826207,4
826208,4
826209,4
826210,1
826211,4
826212,4
826213,4
826214,4
826215,1
826216,4
826217,1
826218,4
826219,4
826220,4
826221,4
826222,4
826223,4
826224,4
826225,4
826226,1
826227,1
826228,1
826229,4
826230,1
826231,4
826232,4
826233,4
826234,4
826235,4
826236,4
826237,4
826238,4
826239,4
826240,4
826241,4
826242,1
826243,4
826244,4
826245,4
826246,4
826247,4
826248,4
826249,4
826250,4
826251,4
826252,4
826253,4
826254,4
826255,4
826256,4
826257,4
826258,4
826259,5
826260,4
826261,4
826262,4
826263,4
826264,4
826265,4
826266,4
826267,4
826268,5
826269,1
826270,5
826271,5
826272,1
826273,4
826274,1
826275,4
826276,3
826277,3
826278,3
826279,4
826280,4
826281,3
826282,1
826283,3
826284,4
826285,1
826286,3
826287,5
826288,1
826289,3
826290,3
826291,1
826292,1
826293,4
826294,4
826295,3
826296,3
826297,4
826298,4
826299,4
826300,1
826301,4
826302,4
826303,4
826304,3
826305,3
826306,1
826307,3
826308,3
826309,3
826310,3
826311,4
826312,4
826313,3
826314,3
826315,3
826316,4
826317,4
826318,3
826319,3
826320,3
826321,3
826322,3
826323,3
826324,3
826325,4
826326,3
826327,3
826328,3
826329,3
826330,3
826331,5
826332,3
826333,3
826334,4
826335,3
826336,3
826337,3
826338,4
826339,3
826340,3
826341,3
826342,4
826343,3
826344,4
826345,4
826346,3
826347,1
826348,3
826349,3
826350,3
826351,3
826352,4
826353,3
826354,3
826355,1
826356,4
826357,3
826358,4
826359,3
826360,1
826361,4
826362,3
826363,1
826364,3
826365,3
826366,3
826367,3
826368,3
826369,4
826370,1
826371,4
826372,5
826373,3
826374,3
826375,4
826376,4
826377,4
826378,4
826379,4
826380,4
826381,4
826382,4
826383,4
826384,4
826385,4
826386,4
826387,4
826388,4
826389,4
826390,4
826391,4
826392,4
826393,4
826394,5
826395,4
826396,1
826397,4
826398,4
826399,4
826400,4
826401,1
826402,1
826403,4
826404,4
826405,4
826406,4
826407,4
826408,4
826409,4
826410,4
826411,4
826412,4
826413,4
826414,4
826415,4
826416,4
826417,4
826418,4
826419,4
826420,4
826421,4
826422,4
826423,4
826424,4
826425,1
826426,4
826427,4
826428,4
826429,4
826430,1
826431,4
826432,4
826433,4
826434,5
826435,1
826436,4
826437,4
826438,4
826439,4
826440,4
826441,5
826442,4
826443,4
826444,4
826445,4
826446,1
826447,4
826448,1
826449,1
826450,4
826451,4
826452,4
826453,4
826454,4
826455,4
826456,4
826457,1
826458,1
826459,1
826460,4
826461,1
826462,1
826463,4
826464,4
826465,4
826466,4
826467,4
826468,4
826469,1
826470,4
826471,4
826472,4
826473,4
826474,4
826475,4
826476,4
826477,1
826478,4
826479,1
826480,4
826481,4
826482,4
826483,4
826484,4
826485,4
826486,4
826487,4
826488,4
826489,4
826490,1
826491,4
826492,4
826493,4
826494,5
826495,1
826496,4
826497,4
826498,4
826499,4
826500,4
826501,4
826502,4
826503,4
826504,4
826505,4
826506,4
826507,1
826508,4
826509,1
826510,4
826511,4
826512,4
826513,4
826514,4
826515,5
826516,4
826517,4
826518,4
826519,4
826520,4
826521,4
826522,4
826523,4
826524,4
826525,4
826526,4
826527,4
826528,4
826529,4
826530,4
826531,4
826532,4
826533,1
826534,4
826535,4
826536,4
826537,4
826538,4
826539,4
826540,4
826541,4
826542,4
826543,4
826544,4
826545,4
826546,4
826547,4
826548,1
826549,4
826550,4
826551,4
826552,4
