874553,4
874554,4
874555,5
874556,4
874557,4
874558,4
874559,4
874560,1
874561,4
874562,4
874563,4
874564,5
874565,4
874566,1
874567,4
874568,4
874569,5
874570,4
874571,4
874572,4
874573,4
874574,4
874575,4
874576,4
874577,1
874578,1
874579,1
874580,4
874581,4
874582,4
874583,4
874584,4
874585,4
874586,4
874587,4
874588,4
874589,4
874590,1
874591,4
874592,4
874593,5
874594,4
874595,4
874596,4
874597,4
874598,4
874599,4
874600,4
874601,4
874602,4
874603,3
874604,5
874605,4
874606,4
874607,4
874608,5
874609,4
874610,5
874611,4
874612,4
874613,4
874614,4
874615,4
874616,4
874617,4
874618,4
874619,4
874620,4
874621,4
874622,5
874623,4
874624,4
874625,4
874626,4
874627,4
874628,4
874629,4
874630,5
874631,1
874632,5
874633,4
874634,4
874635,4
874636,5
874637,4
874638,4
874639,1
874640,4
874641,3
874642,4
874643,4
874644,4
874645,1
874646,4
874647,4
874648,4
874649,4
874650,5
874651,4
874652,4
874653,4
874654,3
874655,4
874656,4
874657,4
874658,1
874659,4
874660,1
874661,4
874662,4
874663,4
874664,4
874665,4
874666,4
874667,1
874668,4
874669,4
874670,4
874671,4
874672,3
874673,4
874674,4
874675,5
874676,4
874677,4
874678,4
874679,5
874680,4
874681,5
874682,3
874683,4
874684,4
874685,4
874686,3
874687,4
874688,4
874689,3
874690,4
874691,1
874692,1
874693,4
874694,3
874695,4
874696,4
874697,4
874698,4
874699,4
874700,4
874701,4
874702,4
874703,1
874704,3
874705,3
874706,5
874707,3
874708,1
874709,5
874710,4
874711,1
874712,4
874713,4
874714,4
874715,4
874716,4
874717,4
874718,4
874719,4
874720,4
874721,4
874722,4
874723,4
874724,4
874725,5
874726,4
874727,4
874728,4
874729,4
874730,4
874731,4
874732,4
874733,4
874734,4
874735,4
874736,4
874737,1
874738,4
874739,4
874740,4
874741,4
874742,4
874743,5
874744,4
874745,4
874746,4
874747,4
874748,1
874749,4
874750,4
874751,4
874752,4
874753,4
874754,4
874755,4
874756,4
874757,4
874758,4
874759,4
874760,4
874761,4
874762,4
874763,4
874764,4
874765,1
874766,4
874767,4
874768,5
874769,1
874770,4
874771,4
874772,4
874773,4
874774,4
874775,4
874776,1
874777,4
874778,4
874779,4
874780,4
874781,4
874782,4
874783,4
874784,4
874785,4
874786,4
874787,4
874788,4
874789,4
874790,4
874791,4
874792,1
874793,1
874794,4
874795,4
874796,4
874797,4
874798,1
874799,4
874800,4
874801,4
874802,1
874803,4
874804,4
874805,5
874806,4
874807,4
874808,4
874809,4
874810,5
874811,5
874812,5
874813,4
874814,4
874815,4
874816,4
874817,4
874818,1
874819,4
874820,4
874821,4
874822,4
874823,4
874824,4
874825,4
874826,3
874827,4
874828,4
874829,4
874830,4
874831,4
874832,3
874833,4
874834,4
874835,4
874836,4
874837,4
874838,4
874839,1
874840,4
874841,4
874842,4
874843,1
874844,3
874845,4
874846,4
874847,4
874848,4
874849,3
874850,4
874851,4
874852,1
874853,4
874854,4
874855,4
874856,3
874857,4
874858,4
874859,1
874860,4
874861,1
874862,4
874863,4
874864,4
874865,4
874866,4
874867,1
874868,5
874869,4
874870,3
874871,4
874872,4
874873,4
874874,4
874875,4
874876,4
874877,4
874878,3
874879,4
874880,4
874881,4
874882,4
874883,3
874884,1
874885,4
874886,4
874887,3
874888,4
874889,4
874890,5
874891,4
874892,4
874893,4
874894,4
874895,3
874896,4
874897,3
874898,4
874899,3
874900,4
874901,4
874902,4
874903,4
874904,4
874905,4
874906,4
874907,4
874908,4
874909,4
874910,4
874911,4
874912,4
874913,4
874914,4
874915,4
874916,4
874917,4
874918,4
874919,3
874920,4
874921,4
874922,4
874923,4
874924,4
874925,4
874926,4
874927,4
874928,3
874929,4
874930,3
874931,4
874932,4
874933,4
874934,1
874935,3
874936,4
874937,3
874938,3
874939,1
874940,4
874941,4
874942,4
874943,4
874944,4
874945,4
874946,1
874947,1
874948,4
874949,4
874950,4
874951,4
874952,3
874953,4
874954,3
874955,4
874956,4
874957,4
874958,4
874959,3
874960,4
874961,4
874962,4
874963,5
874964,5
874965,4
874966,1
874967,5
874968,4
874969,5
874970,4
874971,4
874972,5
874973,4
874974,4
874975,4
874976,4
874977,4
874978,4
874979,4
874980,4
874981,4
874982,4
874983,4
874984,4
874985,4
874986,4
874987,4
874988,1
874989,4
874990,4
874991,4
874992,4
874993,4
874994,4
874995,4
874996,4
874997,4
874998,4
874999,4
875000,5
875001,4
875002,4
875003,3
875004,3
875005,4
875006,4
875007,4
875008,4
875009,3
875010,4
875011,4
875012,4
875013,4
875014,1
875015,4
875016,4
875017,1
875018,3
875019,4
875020,4
875021,4
875022,1
875023,4
875024,4
875025,4
875026,3
875027,5
875028,4
875029,1
875030,1
875031,4
875032,5
875033,4
875034,4
875035,4
875036,4
875037,4
875038,4
875039,1
875040,1
875041,4
875042,4
875043,1
875044,4
875045,4
875046,1
875047,4
875048,4
875049,4
875050,4
875051,4
875052,4
875053,4
875054,4
875055,4
875056,4
875057,5
875058,5
875059,4
875060,4
875061,4
875062,4
875063,5
875064,4
875065,4
875066,5
875067,1
875068,4
875069,4
875070,4
875071,4
875072,4
875073,4
875074,4
875075,4
875076,4
875077,1
875078,4
875079,1
875080,4
875081,4
875082,1
875083,4
875084,4
875085,5
875086,4
875087,4
875088,4
875089,4
875090,1
875091,4
875092,1
875093,4
875094,4
875095,1
875096,4
875097,4
875098,4
875099,4
875100,4
875101,4
875102,5
875103,4
875104,4
875105,4
875106,4
875107,5
875108,4
875109,4
875110,5
875111,4
875112,4
875113,1
875114,4
875115,4
875116,1
875117,4
875118,4
875119,4
875120,4
875121,1
875122,4
875123,4
875124,1
875125,4
875126,4
875127,1
875128,4
875129,4
875130,4
875131,4
875132,4
875133,4
875134,4
875135,1
875136,4
875137,4
875138,1
875139,3
875140,4
875141,4
875142,4
875143,1
875144,4
875145,3
875146,4
875147,4
875148,4
875149,4
875150,3
875151,4
875152,3
875153,1
875154,4
875155,4
875156,1
875157,1
875158,4
875159,3
875160,4
875161,3
875162,1
875163,4
875164,3
875165,5
875166,3
875167,4
875168,4
875169,4
875170,4
875171,4
875172,4
875173,4
875174,4
875175,4
875176,3
875177,4
875178,4
875179,4
875180,4
875181,4
875182,5
875183,4
875184,4
875185,4
875186,4
875187,4
875188,4
875189,1
875190,4
875191,1
875192,4
875193,4
875194,4
875195,4
875196,4
875197,4
875198,4
875199,1
875200,4
875201,4
875202,4
875203,5
875204,4
875205,4
875206,4
875207,4
875208,5
875209,4
875210,5
875211,4
875212,1
875213,4
875214,4
875215,4
875216,1
875217,1
875218,5
875219,4
875220,4
875221,4
875222,4
875223,1
875224,1
875225,1
875226,4
875227,4
875228,1
875229,4
875230,4
875231,4
875232,4
875233,1
875234,4
875235,4
875236,4
875237,5
875238,4
875239,1
875240,4
875241,4
875242,4
875243,4
875244,4
875245,4
875246,3
875247,4
875248,4
875249,4
875250,4
875251,4
875252,4
875253,4
875254,4
875255,4
875256,4
875257,4
875258,4
875259,4
875260,1
875261,4
875262,4
875263,4
875264,1
875265,4
875266,4
875267,4
875268,4
875269,4
875270,4
875271,5
875272,4
875273,4
875274,4
875275,1
875276,4
875277,4
875278,4
875279,4
875280,4
875281,4
875282,4
875283,4
875284,4
875285,4
875286,4
875287,4
875288,1
875289,4
875290,4
875291,1
875292,4
875293,1
875294,4
875295,4
875296,4
875297,4
875298,4
875299,4
875300,1
875301,4
875302,4
875303,3
875304,4
875305,4
875306,4
875307,1
875308,4
875309,4
875310,4
875311,4
875312,4
875313,4
875314,4
875315,4
875316,4
875317,5
875318,4
875319,1
875320,4
875321,4
875322,1
875323,4
875324,4
875325,4
875326,4
875327,4
875328,4
875329,4
875330,4
875331,4
875332,4
875333,4
875334,1
875335,1
875336,4
875337,1
875338,4
875339,4
875340,4
875341,4
875342,4
875343,4
875344,4
875345,4
875346,4
875347,1
875348,4
875349,4
875350,4
875351,5
875352,4
875353,4
875354,4
875355,4
875356,4
875357,4
875358,1
875359,4
875360,4
875361,4
875362,4
875363,4
875364,4
875365,4
875366,4
875367,1
875368,4
875369,4
875370,4
875371,5
875372,4
875373,4
875374,4
875375,4
875376,4
875377,4
875378,1
875379,4
875380,4
875381,1
875382,4
875383,4
875384,4
875385,4
875386,4
875387,4
875388,4
875389,4
875390,1
875391,4
875392,4
875393,4
875394,4
875395,5
875396,4
875397,4
875398,4
875399,4
875400,4
875401,4
875402,4
875403,1
875404,1
875405,4
875406,1
875407,1
875408,1
875409,1
875410,4
875411,1
875412,4
875413,1
875414,4
875415,1
875416,1
875417,5
875418,5
875419,3
875420,3
875421,4
875422,3
875423,1
875424,5
875425,4
875426,3
875427,5
875428,4
875429,4
875430,3
875431,3
875432,4
875433,3
875434,3
875435,4
875436,4
875437,3
875438,3
875439,4
875440,5
875441,3
875442,3
875443,4
875444,4
875445,3
875446,4
875447,4
875448,3
875449,4
875450,3
875451,4
875452,3
875453,3
875454,5
875455,3
875456,4
875457,3
875458,3
875459,3
875460,3
875461,3
875462,3
875463,3
875464,3
875465,4
875466,3
875467,4
875468,3
875469,3
875470,3
875471,5
875472,4
875473,1
875474,3
875475,3
875476,4
875477,3
875478,3
875479,3
875480,5
875481,1
875482,3
875483,4
875484,4
875485,5
875486,4
875487,4
875488,4
875489,4
875490,4
875491,4
875492,4
875493,4
875494,1
875495,4
875496,4
875497,4
875498,4
875499,4
875500,5
875501,4
875502,4
875503,1
875504,4
875505,4
875506,4
875507,5
875508,4
875509,4
875510,4
875511,4
875512,4
875513,4
875514,4
875515,4
875516,4
875517,4
875518,4
875519,4
875520,4
875521,4
875522,1
875523,1
875524,4
875525,5
875526,4
875527,4
875528,4
875529,4
875530,4
875531,4
875532,4
875533,4
875534,4
875535,5
875536,5
875537,1
875538,4
875539,5
875540,1
875541,4
875542,4
875543,4
875544,4
875545,1
875546,4
875547,4
875548,4
875549,4
875550,4
875551,4
875552,4
875553,4
875554,4
875555,4
875556,1
875557,4
875558,4
875559,4
875560,4
875561,4
875562,4
875563,4
875564,4
875565,4
875566,4
875567,4
875568,4
875569,4
875570,5
875571,1
875572,1
875573,5
875574,4
875575,5
875576,5
875577,4
875578,4
875579,5
875580,4
875581,4
875582,4
875583,4
875584,4
875585,4
875586,5
875587,5
875588,1
875589,4
875590,4
875591,4
875592,1
875593,1
875594,4
875595,1
875596,4
875597,4
875598,4
875599,1
875600,4
875601,4
875602,1
875603,4
875604,4
875605,4
875606,4
875607,1
875608,4
875609,4
875610,4
875611,1
875612,4
875613,4
875614,4
875615,4
875616,4
875617,4
875618,4
875619,4
875620,4
875621,4
875622,4
875623,4
875624,4
875625,3
875626,1
875627,4
875628,4
875629,4
875630,4
875631,4
875632,4
875633,4
875634,4
875635,4
875636,4
875637,4
875638,4
875639,4
875640,1
875641,1
875642,4
875643,4
875644,3
875645,4
875646,4
875647,4
875648,4
875649,4
875650,3
875651,5
875652,4
875653,4
875654,3
875655,4
875656,4
875657,4
875658,3
875659,4
875660,3
875661,4
875662,5
875663,4
875664,1
875665,4
875666,4
875667,1
875668,4
875669,3
875670,4
875671,4
875672,4
875673,4
875674,4
875675,4
875676,4
875677,1
875678,4
875679,4
875680,1
875681,4
875682,1
875683,4
875684,4
875685,1
875686,5
875687,4
875688,4
875689,4
875690,5
875691,4
875692,3
875693,4
875694,4
875695,5
875696,1
875697,1
875698,4
875699,4
875700,4
875701,1
875702,5
875703,4
875704,4
875705,4
875706,4
875707,4
875708,4
875709,4
875710,4
875711,4
875712,4
875713,4
875714,4
875715,4
875716,4
875717,4
875718,4
875719,4
875720,4
875721,4
875722,4
875723,4
875724,4
875725,1
875726,1
875727,4
875728,4
875729,4
875730,4
875731,4
875732,4
875733,4
875734,3
875735,4
875736,4
875737,4
875738,4
875739,4
875740,1
875741,4
875742,4
875743,4
875744,4
875745,4
875746,4
875747,4
875748,5
875749,1
875750,4
875751,4
875752,4
875753,4
875754,1
875755,4
875756,4
875757,4
875758,4
875759,4
875760,4
875761,4
875762,4
875763,4
875764,4
875765,4
875766,4
875767,4
875768,4
875769,4
875770,1
875771,5
875772,4
875773,4
875774,4
875775,4
875776,4
875777,1
875778,1
875779,4
875780,1
875781,4
875782,1
875783,4
875784,4
875785,4
875786,4
875787,4
875788,4
875789,4
875790,1
875791,1
875792,4
875793,4
875794,4
875795,1
875796,4
875797,4
875798,4
875799,4
875800,4
875801,1
875802,5
875803,4
875804,5
875805,1
875806,4
875807,4
875808,1
875809,4
875810,1
875811,4
875812,5
875813,4
875814,1
875815,1
875816,4
875817,4
875818,4
875819,4
875820,4
875821,1
875822,5
875823,4
875824,1
875825,5
875826,1
875827,4
875828,4
875829,4
875830,4
875831,4
875832,4
875833,5
875834,5
875835,4
875836,1
875837,4
875838,5
875839,4
875840,4
875841,4
875842,4
875843,4
875844,4
875845,4
875846,5
875847,4
875848,4
875849,4
875850,4
875851,1
875852,1
875853,1
875854,4
875855,4
875856,4
875857,4
875858,4
875859,4
875860,4
875861,4
875862,1
875863,4
875864,4
875865,4
875866,4
875867,4
875868,4
875869,1
875870,4
875871,4
875872,4
875873,4
875874,4
875875,4
875876,4
875877,4
875878,4
875879,4
875880,1
875881,1
875882,4
875883,4
875884,4
875885,4
875886,4
875887,4
875888,4
875889,4
875890,1
875891,4
875892,4
875893,4
875894,4
875895,5
875896,4
875897,4
875898,4
875899,4
875900,4
875901,4
875902,4
875903,4
875904,4
875905,4
875906,4
875907,5
875908,1
875909,4
875910,1
875911,4
875912,4
875913,4
875914,5
875915,4
875916,1
875917,1
875918,4
875919,4
875920,4
875921,4
875922,4
875923,4
875924,4
875925,4
875926,4
875927,4
875928,1
875929,4
875930,1
875931,4
875932,4
875933,4
875934,4
875935,4
875936,1
875937,4
875938,4
875939,4
875940,4
875941,4
875942,4
875943,4
875944,4
875945,1
875946,4
875947,4
875948,4
875949,4
875950,4
875951,4
875952,5
875953,5
875954,4
875955,4
875956,4
875957,5
875958,1
875959,1
875960,4
875961,5
875962,5
875963,1
875964,5
875965,4
875966,5
875967,4
875968,5
875969,4
875970,5
875971,4
875972,4
875973,4
875974,1
875975,4
875976,1
875977,4
875978,4
875979,1
875980,4
875981,4
875982,4
875983,5
875984,4
875985,4
875986,4
875987,1
875988,4
875989,4
875990,4
875991,4
875992,4
875993,4
875994,4
875995,4
875996,4
875997,4
875998,4
875999,4
876000,4
876001,4
876002,4
876003,4
876004,1
876005,4
876006,4
876007,4
876008,4
876009,4
876010,4
876011,4
876012,4
876013,4
876014,4
876015,1
876016,4
876017,4
876018,4
876019,4
876020,4
876021,4
876022,4
876023,1
876024,4
876025,4
876026,4
876027,1
876028,4
876029,4
876030,4
876031,4
876032,4
876033,1
876034,1
876035,1
876036,4
876037,4
876038,1
876039,4
876040,4
876041,4
876042,4
876043,4
876044,4
876045,4
876046,4
876047,4
876048,4
876049,1
876050,4
876051,4
876052,4
876053,4
876054,4
876055,4
876056,4
876057,4
876058,1
876059,4
876060,4
876061,1
876062,4
876063,1
876064,4
876065,4
876066,4
876067,4
876068,4
876069,1
876070,4
876071,4
876072,4
876073,4
876074,4
876075,4
876076,4
876077,4
876078,4
876079,4
876080,4
876081,4
876082,1
876083,1
876084,4
876085,1
876086,4
876087,4
876088,4
876089,4
876090,4
876091,4
876092,4
876093,1
876094,4
876095,4
876096,5
876097,4
876098,4
876099,5
876100,4
876101,4
876102,4
876103,4
876104,4
876105,4
876106,4
876107,4
876108,5
876109,4
876110,4
876111,4
876112,4
876113,4
876114,4
876115,4
876116,4
876117,4
876118,4
876119,4
876120,4
876121,4
876122,4
876123,1
876124,4
876125,4
876126,1
876127,4
876128,4
876129,4
876130,4
876131,4
876132,4
876133,4
876134,4
876135,4
876136,4
876137,4
876138,5
876139,4
876140,4
876141,4
876142,4
876143,4
876144,4
876145,4
876146,4
876147,4
876148,4
876149,4
876150,4
876151,4
876152,4
876153,4
876154,4
876155,4
876156,4
876157,4
876158,4
876159,4
876160,4
876161,4
876162,4
876163,4
876164,4
876165,4
876166,4
876167,4
876168,4
876169,1
876170,1
876171,4
876172,4
876173,5
876174,4
876175,1
876176,4
876177,1
876178,5
876179,4
876180,4
876181,4
876182,4
876183,4
876184,4
876185,4
876186,4
876187,4
876188,4
876189,5
876190,3
876191,3
876192,4
876193,4
876194,4
876195,3
876196,5
876197,5
876198,5
876199,3
876200,3
876201,5
876202,3
876203,4
876204,1
876205,3
876206,5
876207,5
876208,4
876209,3
876210,5
876211,4
876212,4
876213,5
876214,5
876215,4
876216,4
876217,1
876218,5
876219,5
876220,4
876221,4
876222,1
876223,4
876224,4
876225,5
876226,4
876227,4
876228,4
876229,5
876230,4
876231,4
876232,5
876233,4
876234,4
876235,4
876236,4
876237,4
876238,5
876239,4
876240,4
876241,1
876242,4
876243,4
876244,5
876245,4
876246,1
876247,4
876248,5
876249,4
876250,5
876251,4
876252,5
876253,4
876254,4
876255,4
876256,4
876257,1
876258,4
876259,4
876260,4
876261,4
876262,4
876263,4
876264,4
876265,4
876266,4
876267,4
876268,4
876269,1
876270,4
876271,4
876272,4
876273,4
876274,4
876275,4
876276,4
876277,4
876278,4
876279,4
876280,4
876281,4
876282,4
876283,4
876284,4
876285,4
876286,4
876287,4
876288,4
876289,1
876290,4
876291,1
876292,4
876293,4
876294,4
876295,4
876296,4
876297,4
876298,4
876299,4
876300,1
876301,4
876302,4
876303,4
876304,1
876305,4
876306,4
876307,4
876308,4
876309,4
876310,4
876311,4
876312,4
876313,4
876314,4
876315,4
876316,4
876317,4
876318,4
876319,4
876320,4
876321,4
876322,4
876323,4
876324,4
876325,4
876326,4
876327,4
876328,4
876329,1
876330,4
876331,4
876332,4
876333,4
876334,4
876335,4
876336,4
876337,4
876338,4
876339,4
876340,4
876341,4
876342,1
876343,4
876344,4
876345,4
876346,4
876347,4
876348,4
876349,4
876350,4
876351,5
876352,5
876353,5
876354,4
876355,4
876356,4
876357,1
876358,4
876359,5
876360,4
876361,1
876362,4
876363,4
876364,4
876365,4
876366,4
876367,4
876368,4
876369,5
876370,4
876371,1
876372,4
876373,4
876374,4
876375,4
876376,4
876377,4
876378,1
876379,4
876380,4
876381,4
876382,4
876383,1
876384,4
876385,4
876386,4
876387,4
876388,4
876389,4
876390,1
876391,4
876392,5
876393,4
876394,4
876395,4
876396,5
876397,4
876398,4
876399,4
876400,5
876401,4
876402,4
876403,1
876404,1
876405,1
876406,4
876407,4
876408,3
876409,4
876410,4
876411,1
876412,4
876413,4
876414,5
876415,5
876416,4
876417,4
876418,4
876419,4
876420,1
876421,5
876422,4
876423,3
876424,4
876425,4
876426,4
876427,4
876428,1
876429,4
876430,5
876431,4
876432,4
876433,3
876434,4
876435,4
876436,4
876437,4
876438,4
876439,4
876440,4
876441,4
876442,4
876443,4
876444,4
876445,4
876446,4
876447,4
876448,4
876449,4
876450,5
876451,4
876452,4
876453,5
876454,4
876455,4
876456,3
876457,4
876458,4
876459,5
876460,4
876461,4
876462,4
876463,1
876464,4
876465,4
876466,4
876467,4
876468,5
876469,4
876470,4
876471,4
876472,4
876473,4
876474,1
876475,4
876476,4
876477,5
876478,1
876479,5
876480,4
876481,4
876482,4
876483,4
876484,4
876485,1
876486,4
876487,1
876488,4
876489,4
876490,3
876491,5
876492,5
876493,3
876494,4
876495,4
876496,4
876497,4
876498,4
876499,4
876500,4
876501,4
876502,5
876503,1
876504,5
876505,1
876506,5
876507,4
876508,4
876509,3
876510,4
876511,4
876512,1
876513,4
876514,4
876515,4
876516,4
876517,4
876518,1
876519,4
876520,4
876521,3
876522,5
876523,4
876524,4
876525,4
876526,4
876527,4
876528,4
876529,3
876530,4
876531,1
876532,4
876533,4
876534,4
876535,5
876536,5
876537,4
876538,4
876539,4
876540,4
876541,4
876542,4
876543,5
876544,4
876545,4
876546,4
876547,4
876548,4
876549,4
876550,1
876551,4
876552,1
876553,4
876554,4
876555,4
876556,1
876557,4
876558,4
876559,3
876560,5
876561,5
876562,4
876563,4
876564,4
876565,1
876566,1
876567,4
876568,5
876569,4
876570,4
876571,4
876572,4
876573,1
876574,4
876575,4
876576,4
876577,4
876578,4
876579,1
876580,5
876581,4
876582,5
876583,4
876584,4
876585,5
876586,4
876587,5
876588,5
876589,4
876590,4
876591,4
876592,1
876593,4
876594,4
876595,4
876596,4
876597,4
876598,4
876599,4
876600,1
876601,4
876602,4
876603,4
876604,4
876605,4
876606,4
876607,4
876608,4
876609,5
876610,4
876611,4
876612,5
876613,4
876614,4
876615,4
876616,4
876617,4
876618,4
876619,5
876620,5
876621,4
876622,5
876623,4
876624,4
876625,5
876626,4
876627,4
876628,4
876629,4
876630,4
876631,5
876632,4
876633,4
876634,4
876635,1
876636,4
876637,4
876638,1
876639,5
876640,4
876641,4
876642,4
876643,5
876644,4
876645,4
876646,4
876647,4
876648,4
876649,5
876650,4
876651,4
876652,4
876653,4
876654,4
876655,5
876656,4
876657,4
876658,4
876659,4
876660,4
876661,4
876662,4
876663,4
876664,5
876665,4
876666,4
876667,4
876668,4
876669,1
876670,4
876671,4
876672,1
876673,4
876674,4
876675,4
876676,4
876677,4
876678,4
876679,4
876680,4
876681,4
876682,4
876683,4
876684,4
876685,4
876686,4
876687,1
876688,1
876689,4
876690,4
876691,4
876692,4
876693,4
876694,3
876695,4
876696,4
876697,4
876698,4
876699,4
876700,4
876701,4
876702,4
876703,4
876704,1
876705,4
876706,4
876707,4
876708,4
876709,4
876710,4
876711,1
876712,4
876713,4
876714,4
876715,4
876716,4
876717,1
876718,4
876719,4
876720,4
876721,4
876722,4
876723,4
876724,4
876725,4
876726,4
876727,4
876728,4
876729,4
876730,4
876731,4
876732,4
876733,1
876734,4
876735,4
876736,4
876737,1
876738,4
876739,4
876740,4
876741,4
876742,4
876743,4
876744,4
876745,1
876746,4
876747,4
876748,4
876749,4
876750,3
876751,1
876752,3
876753,4
876754,3
876755,1
876756,3
876757,5
876758,3
876759,4
876760,1
876761,3
876762,4
876763,4
876764,4
876765,5
876766,3
876767,3
876768,4
876769,3
876770,3
876771,4
876772,4
876773,1
876774,3
876775,4
876776,3
876777,3
876778,4
876779,4
876780,3
876781,4
876782,3
876783,4
876784,4
876785,3
876786,1
876787,3
876788,1
876789,3
876790,3
876791,5
876792,3
876793,1
876794,3
876795,4
876796,1
876797,4
876798,3
876799,4
876800,4
876801,4
876802,3
876803,3
876804,4
876805,4
876806,4
876807,4
876808,1
876809,4
876810,1
876811,4
876812,3
876813,1
876814,3
876815,3
876816,1
876817,4
876818,3
876819,4
876820,4
876821,1
876822,4
876823,3
876824,3
876825,1
876826,3
876827,4
876828,3
876829,4
876830,4
876831,1
876832,4
876833,4
876834,4
876835,4
876836,4
876837,4
876838,1
876839,1
876840,4
876841,4
876842,4
876843,4
876844,4
876845,4
876846,4
876847,4
876848,1
876849,4
876850,4
876851,4
876852,4
876853,4
876854,4
876855,1
876856,4
876857,5
876858,4
876859,4
876860,4
876861,1
876862,4
876863,4
876864,4
876865,4
876866,4
876867,4
876868,4
876869,4
876870,4
876871,4
876872,5
876873,4
876874,5
876875,4
876876,4
876877,1
876878,4
876879,4
876880,4
876881,4
876882,4
876883,4
876884,4
876885,1
876886,4
876887,4
876888,4
876889,4
876890,4
876891,4
876892,4
876893,4
876894,1
876895,4
876896,4
876897,4
876898,4
876899,5
876900,4
876901,4
876902,1
876903,4
876904,4
876905,4
876906,4
876907,4
876908,4
876909,4
876910,4
876911,4
876912,4
876913,4
876914,1
876915,4
876916,4
876917,4
876918,1
876919,4
876920,1
876921,4
876922,4
876923,1
876924,4
876925,4
876926,4
876927,4
876928,4
876929,4
876930,4
876931,4
876932,4
876933,1
876934,4
876935,4
876936,4
876937,4
876938,4
876939,4
876940,4
876941,4
876942,4
876943,4
876944,1
876945,4
876946,4
876947,4
876948,4
876949,1
876950,1
876951,4
876952,4
876953,4
876954,4
876955,4
876956,4
876957,4
876958,4
876959,5
876960,4
876961,1
876962,4
876963,1
876964,4
876965,4
876966,4
876967,5
876968,4
876969,4
876970,5
876971,4
876972,4
876973,4
876974,4
876975,4
876976,4
876977,4
876978,4
876979,4
876980,4
876981,4
876982,4
876983,4
876984,4
876985,1
876986,4
876987,4
876988,4
876989,4
876990,4
876991,4
876992,4
876993,4
876994,1
876995,4
876996,4
876997,4
876998,4
876999,4
877000,4
877001,4
877002,4
877003,5
877004,4
877005,4
877006,4
877007,4
877008,1
877009,4
877010,4
877011,4
877012,1
877013,4
877014,1
877015,4
877016,4
877017,4
877018,4
877019,4
877020,4
877021,5
877022,1
877023,4
877024,1
877025,4
877026,4
877027,4
877028,4
877029,4
877030,1
877031,4
877032,4
877033,4
877034,4
877035,4
877036,4
877037,4
877038,4
877039,4
877040,4
877041,4
877042,4
877043,1
877044,4
877045,4
877046,5
877047,4
877048,4
877049,4
877050,4
877051,4
877052,4
877053,4
877054,5
877055,4
877056,4
877057,5
877058,4
877059,5
877060,1
877061,4
877062,4
877063,4
877064,1
877065,4
877066,4
877067,4
877068,4
877069,4
877070,4
877071,4
877072,4
877073,1
877074,4
877075,4
877076,4
877077,4
877078,4
877079,4
877080,5
877081,5
877082,4
877083,4
877084,4
877085,5
877086,4
877087,4
877088,4
877089,1
877090,4
877091,4
877092,4
877093,4
877094,4
877095,4
877096,4
877097,5
877098,1
877099,4
877100,1
877101,4
877102,4
877103,4
877104,1
877105,4
877106,4
877107,1
877108,4
877109,4
877110,4
877111,4
877112,4
877113,5
877114,4
877115,4
877116,4
877117,4
877118,4
877119,4
877120,4
877121,4
877122,4
877123,4
877124,4
877125,4
877126,4
877127,4
877128,4
877129,4
877130,4
877131,4
877132,1
877133,4
877134,4
877135,4
877136,4
877137,4
877138,4
877139,4
877140,4
877141,4
877142,4
877143,4
877144,4
877145,4
877146,4
877147,5
877148,5
877149,4
877150,1
877151,5
877152,4
877153,1
877154,4
877155,4
877156,4
877157,4
877158,4
877159,4
877160,4
877161,4
877162,4
877163,4
877164,4
877165,4
877166,4
877167,4
877168,4
877169,4
877170,4
877171,4
877172,4
877173,4
877174,4
877175,4
877176,1
877177,5
877178,5
877179,5
877180,5
877181,5
877182,5
877183,5
877184,4
877185,5
877186,4
877187,4
877188,3
877189,5
877190,1
877191,4
877192,4
877193,4
877194,5
877195,4
877196,4
877197,5
877198,4
877199,4
877200,4
877201,5
877202,4
877203,4
877204,4
877205,4
877206,4
877207,4
877208,4
877209,4
877210,4
877211,4
877212,4
877213,4
877214,4
877215,4
877216,4
877217,4
877218,4
877219,4
877220,4
877221,5
877222,4
877223,5
877224,4
877225,5
877226,4
877227,4
877228,5
877229,1
877230,4
877231,4
877232,4
877233,4
877234,4
877235,5
877236,3
877237,4
877238,4
877239,1
877240,4
877241,1
877242,4
877243,1
877244,4
877245,4
877246,4
877247,4
877248,1
877249,4
877250,4
877251,3
877252,1
877253,4
877254,5
877255,4
877256,4
877257,1
877258,4
877259,4
877260,1
877261,4
877262,4
877263,3
877264,4
877265,4
877266,4
877267,4
877268,4
877269,4
877270,1
877271,1
877272,4
877273,4
877274,5
877275,4
877276,4
877277,4
877278,4
877279,1
877280,4
877281,4
877282,4
877283,4
877284,4
877285,4
877286,1
877287,4
877288,4
877289,1
877290,4
877291,4
877292,1
877293,1
877294,4
877295,4
877296,4
877297,4
877298,4
877299,4
877300,4
877301,4
877302,4
877303,4
877304,4
877305,4
877306,4
877307,4
877308,4
877309,4
877310,4
877311,1
877312,4
877313,4
877314,4
877315,4
877316,4
877317,4
877318,4
877319,4
877320,4
877321,4
877322,4
877323,4
877324,1
877325,4
877326,1
877327,4
877328,4
877329,4
877330,1
877331,1
877332,4
877333,4
877334,4
877335,4
877336,4
877337,4
877338,4
877339,4
877340,4
877341,4
877342,4
877343,4
877344,4
877345,4
877346,4
877347,4
877348,4
877349,4
877350,4
877351,4
877352,4
877353,4
877354,4
877355,4
877356,4
877357,4
877358,4
877359,4
877360,3
877361,4
877362,4
877363,4
877364,4
877365,4
877366,4
877367,4
877368,4
877369,4
877370,4
877371,4
877372,4
877373,1
877374,4
877375,4
877376,4
877377,1
877378,4
877379,4
877380,4
877381,4
877382,4
877383,4
877384,4
877385,4
877386,5
877387,4
877388,4
877389,5
877390,4
877391,4
877392,4
877393,4
877394,5
877395,1
877396,4
877397,4
877398,5
877399,4
877400,5
877401,4
877402,5
877403,4
877404,1
877405,5
877406,5
877407,5
877408,5
877409,4
877410,4
877411,4
877412,4
877413,5
877414,5
877415,5
877416,4
877417,4
877418,4
877419,4
877420,4
877421,4
877422,5
877423,4
877424,4
877425,4
877426,5
877427,4
877428,4
877429,4
877430,4
877431,4
877432,1
877433,1
877434,5
877435,4
877436,4
877437,5
877438,4
877439,4
877440,4
877441,4
877442,4
877443,4
877444,4
877445,4
877446,4
877447,4
877448,4
877449,4
877450,1
877451,4
877452,4
877453,4
877454,4
877455,4
877456,4
877457,4
877458,4
877459,4
877460,4
877461,4
877462,4
877463,4
877464,4
877465,5
877466,1
877467,5
877468,4
877469,4
877470,4
877471,4
877472,4
877473,4
877474,4
877475,4
877476,4
877477,4
877478,1
877479,4
877480,4
877481,4
877482,4
877483,4
877484,4
877485,4
877486,4
877487,1
877488,4
877489,4
877490,4
877491,4
877492,4
877493,4
877494,1
877495,4
877496,4
877497,4
877498,4
877499,4
877500,1
877501,4
877502,4
877503,4
877504,1
877505,4
877506,4
877507,4
877508,4
877509,4
877510,4
877511,4
877512,4
877513,4
877514,4
877515,4
877516,1
877517,4
877518,4
877519,4
877520,4
877521,4
877522,4
877523,4
877524,4
877525,4
877526,4
877527,4
877528,4
877529,4
877530,4
877531,4
877532,4
877533,1
877534,4
877535,4
877536,4
877537,5
877538,4
877539,4
877540,5
877541,4
877542,4
877543,1
877544,4
877545,4
877546,4
877547,4
877548,4
877549,4
877550,4
877551,4
877552,4
877553,4
877554,4
877555,4
877556,4
877557,4
877558,4
877559,4
877560,4
877561,4
877562,4
877563,4
877564,4
877565,1
877566,4
877567,4
877568,4
877569,1
877570,4
877571,1
877572,4
877573,4
877574,4
877575,4
877576,4
877577,4
877578,4
877579,4
877580,4
877581,4
877582,4
877583,4
877584,4
877585,4
877586,4
877587,4
877588,4
877589,1
877590,4
877591,4
877592,1
877593,1
877594,4
877595,1
877596,1
877597,4
877598,1
877599,4
877600,4
877601,4
877602,4
877603,4
877604,4
877605,1
877606,1
877607,4
877608,4
877609,4
877610,4
877611,4
877612,4
877613,4
877614,4
877615,4
877616,4
877617,4
877618,4
877619,4
877620,4
877621,4
877622,4
877623,4
877624,4
877625,4
877626,4
877627,4
877628,4
877629,4
877630,5
877631,4
877632,4
877633,4
877634,4
877635,4
877636,4
877637,4
877638,4
877639,4
877640,4
877641,4
877642,4
877643,4
877644,4
877645,4
877646,4
877647,4
877648,4
877649,4
877650,4
877651,1
877652,1
877653,4
877654,4
877655,5
877656,4
877657,4
877658,4
877659,4
877660,4
877661,4
877662,1
877663,4
877664,4
877665,4
877666,4
877667,4
877668,4
877669,1
877670,4
877671,4
877672,4
877673,4
877674,4
877675,4
877676,4
877677,5
877678,4
877679,4
877680,4
877681,1
877682,4
877683,4
877684,1
877685,4
877686,1
877687,1
877688,4
877689,4
877690,5
877691,4
877692,1
877693,4
877694,4
877695,1
877696,4
877697,4
877698,4
877699,4
877700,5
877701,5
877702,4
877703,4
877704,4
877705,4
877706,4
877707,4
877708,4
877709,4
877710,4
877711,4
877712,4
877713,4
877714,4
877715,4
877716,5
877717,4
877718,4
877719,4
877720,4
877721,3
877722,4
877723,4
877724,4
877725,4
877726,4
877727,4
877728,1
877729,1
877730,1
877731,4
877732,4
877733,1
877734,4
877735,4
877736,4
877737,4
877738,1
877739,4
877740,4
877741,1
877742,4
877743,4
877744,4
877745,4
877746,4
877747,4
877748,1
877749,4
877750,4
877751,4
877752,5
877753,4
877754,4
877755,4
877756,4
877757,4
877758,4
877759,4
877760,4
877761,4
877762,4
877763,4
877764,4
877765,4
877766,4
877767,4
877768,4
877769,4
877770,4
877771,4
877772,4
877773,1
877774,4
877775,1
877776,4
877777,5
877778,3
877779,3
877780,5
877781,3
877782,4
877783,3
877784,3
877785,4
877786,1
877787,4
877788,3
877789,4
877790,3
877791,3
877792,4
877793,3
877794,3
877795,1
877796,3
877797,3
877798,3
877799,4
877800,3
877801,1
877802,3
877803,4
877804,3
877805,1
877806,3
877807,3
877808,3
877809,4
877810,3
877811,1
877812,4
877813,3
877814,4
877815,3
877816,5
877817,3
877818,4
877819,4
877820,3
877821,3
877822,4
877823,3
877824,3
877825,4
877826,3
877827,1
877828,1
877829,3
877830,4
877831,3
877832,3
877833,3
877834,3
877835,5
877836,4
877837,3
877838,3
877839,3
877840,4
877841,4
877842,3
877843,4
877844,5
877845,3
877846,3
877847,1
877848,3
877849,3
877850,1
877851,4
877852,3
877853,3
877854,3
877855,4
877856,4
877857,1
877858,4
877859,4
877860,4
877861,4
877862,4
877863,4
877864,4
877865,4
877866,4
877867,4
877868,4
877869,4
877870,5
877871,1
877872,4
877873,4
877874,4
877875,4
877876,1
877877,4
877878,4
877879,4
877880,4
877881,4
877882,4
877883,4
877884,4
877885,1
877886,4
877887,4
877888,4
877889,1
877890,4
877891,4
877892,4
877893,4
877894,4
877895,4
877896,4
877897,4
877898,4
877899,4
877900,4
877901,1
877902,4
877903,4
877904,1
877905,4
877906,4
877907,4
877908,4
877909,4
877910,4
877911,4
877912,5
877913,4
877914,1
877915,4
877916,4
877917,4
877918,4
877919,4
877920,4
877921,4
877922,4
877923,4
877924,4
877925,4
877926,4
877927,4
877928,4
877929,4
877930,4
877931,1
877932,4
877933,4
877934,4
877935,4
877936,4
877937,4
877938,4
877939,4
877940,4
877941,5
877942,5
877943,5
877944,5
877945,4
877946,4
877947,4
877948,4
877949,1
877950,5
877951,5
877952,4
877953,4
877954,4
877955,1
877956,4
877957,4
877958,5
877959,5
877960,5
877961,5
877962,1
877963,4
877964,4
877965,4
877966,5
877967,4
877968,4
877969,5
877970,4
877971,5
877972,4
877973,4
877974,5
877975,5
877976,5
877977,4
877978,4
877979,4
877980,5
877981,5
877982,4
877983,4
877984,4
877985,5
877986,4
877987,4
877988,5
877989,4
877990,4
877991,5
877992,5
877993,5
877994,5
877995,5
877996,5
877997,1
877998,4
877999,5
878000,5
878001,5
878002,4
878003,4
878004,1
878005,4
878006,4
878007,4
878008,1
878009,5
878010,4
878011,5
878012,4
878013,5
878014,5
878015,5
878016,4
878017,5
878018,5
878019,4
878020,4
878021,4
878022,4
878023,4
878024,5
878025,5
878026,1
878027,5
878028,4
878029,5
878030,4
878031,4
878032,1
878033,1
878034,4
878035,4
878036,4
878037,4
878038,4
878039,4
878040,4
878041,4
878042,4
878043,4
878044,4
878045,4
878046,4
878047,4
878048,4
878049,1
878050,4
878051,4
878052,4
878053,4
878054,4
878055,4
878056,4
878057,4
878058,1
878059,4
878060,4
878061,4
878062,4
878063,4
878064,4
878065,4
878066,4
878067,4
878068,4
878069,4
878070,1
878071,4
878072,4
878073,4
878074,4
878075,4
878076,4
878077,1
878078,4
878079,4
878080,4
878081,4
878082,4
878083,4
878084,4
878085,4
878086,1
878087,4
878088,4
878089,4
878090,4
878091,4
878092,4
878093,4
878094,5
878095,4
878096,4
878097,5
878098,4
878099,4
878100,4
878101,5
878102,4
878103,4
878104,4
878105,4
878106,4
878107,4
878108,4
878109,4
878110,4
878111,4
878112,4
878113,4
878114,4
878115,4
878116,5
878117,4
878118,4
878119,5
878120,4
878121,4
878122,4
878123,1
878124,4
878125,5
878126,4
878127,4
878128,4
878129,4
878130,4
878131,4
878132,4
878133,4
878134,1
878135,4
878136,4
878137,4
878138,4
878139,4
878140,4
878141,4
878142,4
878143,1
878144,4
878145,4
878146,4
878147,4
878148,4
878149,4
878150,4
878151,4
878152,4
878153,4
878154,1
878155,4
878156,4
878157,4
878158,4
878159,4
878160,4
878161,1
878162,4
878163,4
878164,4
878165,4
878166,4
878167,1
878168,4
878169,1
878170,4
878171,4
878172,1
878173,4
878174,1
878175,4
878176,1
878177,4
878178,4
878179,1
878180,4
878181,1
878182,4
878183,4
878184,4
878185,4
878186,4
878187,1
878188,4
878189,4
878190,4
878191,4
878192,4
878193,4
878194,4
878195,4
878196,4
878197,4
878198,4
878199,4
878200,4
878201,4
878202,4
878203,4
878204,4
878205,4
878206,4
878207,4
878208,4
878209,4
878210,4
878211,4
878212,4
878213,4
878214,1
878215,4
878216,4
878217,4
878218,5
878219,4
878220,4
878221,4
878222,4
878223,4
878224,4
878225,4
878226,4
878227,4
878228,4
878229,4
878230,1
878231,4
878232,4
878233,4
878234,1
878235,4
878236,1
878237,5
878238,4
878239,4
878240,4
878241,4
878242,4
878243,4
878244,4
878245,4
878246,4
878247,4
878248,4
878249,4
878250,4
878251,4
878252,4
878253,4
878254,4
878255,1
878256,1
878257,4
878258,4
878259,4
878260,4
878261,4
878262,4
878263,4
878264,4
878265,4
878266,4
878267,4
878268,4
878269,4
878270,4
878271,4
878272,4
878273,4
878274,4
878275,4
878276,4
878277,4
878278,4
878279,4
878280,4
878281,4
878282,4
878283,4
878284,4
878285,4
878286,4
878287,4
878288,1
878289,4
878290,4
878291,4
878292,4
878293,4
878294,1
878295,4
878296,4
878297,4
878298,4
878299,4
878300,4
878301,4
878302,4
878303,4
878304,4
878305,4
878306,4
878307,4
878308,4
878309,4
878310,1
878311,4
878312,4
878313,4
878314,4
878315,4
878316,4
878317,4
878318,4
878319,4
878320,4
878321,5
878322,4
878323,4
878324,4
878325,4
878326,4
878327,4
878328,4
878329,4
878330,5
878331,5
878332,4
878333,5
878334,5
878335,5
878336,4
878337,5
878338,5
878339,5
878340,4
878341,5
878342,5
878343,5
878344,1
878345,4
878346,5
878347,5
878348,4
878349,5
878350,5
878351,5
878352,5
878353,5
878354,5
878355,4
878356,4
878357,4
878358,4
878359,5
878360,4
878361,4
878362,4
878363,1
878364,4
878365,5
878366,4
878367,4
878368,4
878369,4
878370,4
878371,4
878372,4
878373,4
878374,4
878375,4
878376,4
878377,4
878378,4
878379,4
878380,4
878381,1
878382,1
878383,4
878384,4
878385,1
878386,4
878387,1
878388,4
878389,4
878390,4
878391,4
878392,4
878393,4
878394,4
878395,4
878396,4
878397,1
878398,4
878399,4
878400,4
878401,4
878402,4
878403,4
878404,4
878405,4
878406,4
878407,4
878408,4
878409,4
878410,1
878411,4
878412,3
878413,4
878414,1
878415,4
878416,1
878417,4
878418,4
878419,4
878420,4
878421,4
878422,4
878423,4
878424,4
878425,1
878426,5
878427,5
878428,5
878429,4
878430,4
878431,4
878432,4
878433,4
878434,5
878435,1
878436,1
878437,4
878438,1
878439,5
878440,5
878441,4
878442,4
878443,5
878444,4
878445,4
878446,4
878447,4
878448,4
878449,5
878450,5
878451,4
878452,4
878453,4
878454,4
878455,5
878456,4
878457,4
878458,4
878459,4
878460,4
878461,1
878462,4
878463,5
878464,4
878465,5
878466,5
878467,1
878468,5
878469,4
878470,4
878471,4
878472,4
878473,5
878474,4
878475,1
878476,5
878477,4
878478,5
878479,4
878480,5
878481,4
878482,4
878483,4
878484,4
878485,4
878486,4
878487,4
878488,4
878489,4
878490,1
878491,4
878492,4
878493,1
878494,5
878495,4
878496,4
878497,1
878498,5
878499,5
878500,4
878501,4
878502,4
878503,5
878504,5
878505,5
878506,4
878507,1
878508,5
878509,4
878510,4
878511,4
878512,5
878513,4
878514,4
878515,1
878516,5
878517,5
878518,4
878519,4
878520,4
878521,4
878522,4
878523,4
878524,1
878525,1
878526,4
878527,4
878528,4
878529,4
878530,4
878531,4
878532,4
878533,4
878534,4
878535,1
878536,1
878537,4
878538,4
878539,4
878540,4
878541,4
878542,4
878543,4
878544,4
878545,4
878546,4
878547,4
878548,5
878549,4
878550,4
878551,4
878552,4
878553,4
878554,1
878555,1
878556,4
878557,4
878558,4
878559,4
878560,4
878561,4
878562,4
878563,4
878564,4
878565,4
878566,4
878567,5
878568,4
878569,4
878570,5
878571,4
878572,4
878573,4
878574,5
878575,1
878576,4
878577,4
878578,4
878579,5
878580,4
878581,4
878582,4
878583,4
878584,4
878585,4
878586,4
878587,4
878588,4
878589,4
878590,4
878591,5
878592,1
878593,4
878594,5
878595,4
878596,4
878597,4
878598,4
878599,4
878600,4
878601,4
878602,4
878603,4
878604,4
878605,4
878606,5
878607,4
878608,4
878609,4
878610,5
878611,5
878612,4
878613,4
878614,4
878615,5
878616,4
878617,4
878618,4
878619,1
878620,4
878621,4
878622,5
878623,4
878624,4
878625,4
878626,5
878627,4
878628,4
878629,4
878630,4
878631,1
878632,4
878633,4
878634,1
878635,4
878636,1
878637,4
878638,4
878639,4
878640,4
878641,4
878642,1
878643,4
878644,4
878645,4
878646,4
878647,4
878648,5
878649,4
878650,3
878651,4
878652,1
878653,3
878654,3
878655,3
878656,3
878657,3
878658,4
878659,3
878660,3
878661,4
878662,1
878663,4
878664,4
878665,4
878666,4
878667,4
878668,4
878669,1
878670,4
878671,5
878672,1
878673,4
878674,4
878675,4
878676,4
878677,3
878678,4
878679,4
878680,4
878681,1
878682,5
878683,4
878684,4
878685,4
878686,4
878687,4
878688,4
878689,4
878690,4
878691,4
878692,4
878693,4
878694,4
878695,4
878696,5
878697,4
878698,4
878699,4
878700,4
878701,4
878702,1
878703,4
878704,1
878705,4
878706,4
878707,3
878708,4
878709,4
878710,4
878711,4
878712,5
878713,1
878714,4
878715,4
878716,4
878717,4
878718,4
878719,4
878720,4
878721,1
878722,4
878723,4
878724,4
878725,4
878726,4
878727,5
878728,4
878729,4
878730,5
878731,4
878732,4
878733,1
878734,4
878735,4
878736,4
878737,4
878738,4
878739,4
878740,5
878741,5
878742,4
878743,4
878744,1
878745,4
878746,4
878747,4
878748,4
878749,4
878750,1
878751,4
878752,4
878753,4
878754,3
878755,5
878756,3
878757,4
878758,4
878759,4
878760,1
878761,3
878762,3
878763,4
878764,5
878765,1
878766,1
878767,3
878768,3
878769,5
878770,4
878771,4
878772,1
878773,4
878774,4
878775,4
878776,4
878777,4
878778,4
878779,4
878780,4
878781,4
878782,4
878783,4
878784,4
878785,5
878786,4
878787,4
878788,1
878789,4
878790,4
878791,4
878792,4
878793,1
878794,4
878795,4
878796,4
878797,4
878798,1
878799,4
878800,4
878801,4
878802,4
878803,4
878804,4
878805,4
878806,4
878807,5
878808,4
878809,4
878810,4
878811,4
878812,4
878813,4
878814,4
878815,4
878816,4
878817,4
878818,4
878819,4
878820,4
878821,4
878822,4
878823,4
878824,4
878825,4
878826,1
878827,4
878828,5
878829,4
878830,4
878831,4
878832,4
878833,4
878834,1
878835,4
878836,4
878837,5
878838,1
878839,4
878840,4
878841,4
878842,4
878843,4
878844,5
878845,4
878846,4
878847,4
878848,4
878849,5
878850,4
878851,4
878852,5
878853,4
878854,4
878855,5
878856,4
878857,4
878858,4
878859,4
878860,4
878861,1
878862,4
878863,4
878864,1
878865,4
878866,4
878867,5
878868,4
878869,4
878870,4
878871,4
878872,4
878873,4
878874,3
878875,4
878876,4
878877,5
878878,4
878879,4
878880,1
878881,4
878882,4
878883,4
878884,4
878885,4
878886,4
878887,4
878888,5
878889,1
878890,5
878891,4
878892,4
878893,4
878894,4
878895,4
878896,4
878897,4
878898,4
878899,4
878900,4
878901,5
878902,4
878903,4
878904,4
878905,4
878906,1
878907,4
878908,4
878909,4
878910,4
878911,4
878912,4
878913,4
878914,4
878915,4
878916,4
878917,4
878918,1
878919,4
878920,4
878921,4
878922,4
878923,4
878924,4
878925,4
878926,1
878927,4
878928,4
878929,4
878930,4
878931,1
878932,4
878933,4
878934,4
878935,4
878936,4
878937,4
878938,4
878939,4
878940,4
878941,4
878942,1
878943,4
878944,4
878945,4
878946,4
878947,4
878948,3
878949,4
878950,3
878951,1
878952,4
878953,4
878954,3
878955,4
878956,3
878957,3
878958,3
878959,3
878960,4
878961,1
878962,3
878963,4
878964,4
878965,3
878966,4
878967,3
878968,3
878969,3
878970,4
878971,4
878972,1
878973,1
878974,3
878975,3
878976,3
878977,3
878978,4
878979,1
878980,3
878981,4
878982,4
878983,4
878984,4
878985,4
878986,4
878987,4
878988,4
878989,3
878990,4
878991,4
878992,4
878993,4
878994,4
878995,1
878996,4
878997,4
878998,1
878999,4
879000,4
879001,4
879002,1
879003,4
879004,4
879005,4
879006,4
879007,4
879008,5
879009,1
879010,4
879011,4
879012,4
879013,1
879014,4
879015,4
879016,4
879017,4
879018,4
879019,4
879020,4
879021,4
879022,4
879023,4
879024,4
879025,1
879026,4
879027,4
879028,4
879029,4
879030,4
879031,4
879032,4
879033,4
879034,4
879035,4
879036,4
879037,4
879038,1
879039,4
879040,4
879041,4
879042,4
879043,4
879044,4
879045,4
879046,4
879047,4
879048,4
879049,4
879050,4
879051,4
879052,1
879053,4
879054,4
879055,4
879056,4
879057,1
879058,4
879059,1
879060,4
879061,1
879062,4
879063,4
879064,4
879065,4
879066,4
879067,4
879068,5
879069,4
879070,1
879071,4
879072,4
879073,4
879074,4
879075,4
879076,4
879077,4
879078,4
879079,4
879080,4
879081,4
879082,4
879083,4
879084,5
879085,4
879086,4
879087,1
879088,4
879089,4
879090,5
879091,4
879092,4
879093,4
879094,4
879095,4
879096,4
879097,4
879098,4
879099,4
879100,4
879101,4
879102,4
879103,4
879104,4
879105,4
879106,4
879107,4
879108,4
879109,5
879110,1
879111,4
879112,4
879113,4
879114,1
879115,5
879116,4
879117,4
879118,4
879119,1
879120,4
879121,4
879122,4
879123,4
879124,4
879125,4
879126,4
879127,1
879128,4
879129,4
879130,4
879131,4
879132,4
879133,4
879134,4
879135,4
879136,4
879137,5
879138,4
879139,4
879140,4
879141,4
879142,1
879143,4
879144,4
879145,4
879146,4
879147,1
879148,4
879149,4
879150,4
879151,4
879152,4
879153,4
879154,4
879155,4
879156,4
879157,4
879158,4
879159,4
879160,4
879161,4
879162,4
879163,5
879164,4
879165,4
879166,4
879167,4
879168,4
879169,4
879170,4
879171,4
879172,4
879173,4
879174,4
879175,4
879176,4
879177,4
879178,4
879179,4
879180,4
879181,4
879182,4
879183,4
879184,4
879185,4
879186,4
879187,4
879188,4
879189,4
879190,4
879191,4
879192,4
879193,4
879194,5
879195,4
879196,1
879197,4
879198,4
879199,4
879200,5
879201,1
879202,4
879203,4
879204,4
879205,4
879206,4
879207,4
879208,4
879209,1
879210,4
879211,4
879212,4
879213,4
879214,4
879215,4
879216,3
879217,3
879218,4
879219,4
879220,4
879221,4
879222,4
879223,4
879224,3
879225,4
879226,5
879227,4
879228,4
879229,4
879230,1
879231,4
879232,5
879233,5
879234,4
879235,5
879236,4
879237,4
879238,1
879239,5
879240,4
879241,4
879242,5
879243,4
879244,4
879245,4
879246,1
879247,4
879248,5
879249,4
879250,4
879251,4
879252,4
879253,4
879254,4
879255,4
879256,5
879257,4
879258,5
879259,4
879260,4
879261,4
879262,4
879263,4
879264,4
879265,4
879266,4
879267,4
879268,4
879269,4
879270,5
879271,4
879272,4
879273,4
879274,5
879275,4
879276,4
879277,4
879278,4
879279,4
879280,4
879281,5
879282,4
879283,4
879284,1
879285,1
879286,4
879287,4
879288,1
879289,4
879290,4
879291,4
879292,1
879293,4
879294,5
879295,5
879296,4
879297,4
879298,4
879299,4
879300,4
879301,4
879302,4
879303,4
879304,4
879305,4
879306,4
879307,4
879308,4
879309,4
879310,4
879311,4
879312,4
879313,4
879314,1
879315,4
879316,4
879317,4
879318,1
879319,4
879320,4
879321,1
879322,4
879323,4
879324,4
879325,4
879326,4
879327,4
879328,1
879329,4
879330,4
879331,4
879332,4
879333,3
879334,4
879335,5
879336,4
879337,4
879338,4
879339,4
879340,4
879341,4
879342,4
879343,5
879344,4
879345,4
879346,4
879347,4
879348,4
879349,4
879350,4
879351,4
879352,4
879353,4
879354,4
879355,4
879356,4
879357,4
879358,5
879359,4
879360,4
879361,4
879362,5
879363,1
879364,4
879365,4
879366,4
879367,4
879368,4
879369,4
879370,4
879371,1
879372,4
879373,4
879374,4
879375,4
879376,4
879377,5
879378,4
879379,1
879380,4
879381,4
879382,4
879383,1
879384,4
879385,4
879386,5
879387,4
879388,3
879389,4
879390,4
879391,4
879392,4
879393,1
879394,4
879395,4
879396,4
879397,4
879398,4
879399,4
879400,1
879401,5
879402,4
879403,4
879404,4
879405,4
879406,4
879407,4
879408,4
879409,4
879410,4
879411,4
879412,5
879413,4
879414,1
879415,4
879416,4
879417,4
879418,4
879419,4
879420,1
879421,5
879422,5
879423,4
879424,4
879425,4
879426,4
879427,4
879428,4
879429,4
879430,4
879431,4
879432,4
879433,4
879434,4
879435,4
879436,1
879437,4
879438,4
879439,4
879440,4
879441,4
879442,4
879443,1
879444,4
879445,4
879446,4
879447,4
879448,4
879449,4
879450,4
879451,4
879452,4
879453,4
879454,4
879455,4
879456,1
879457,4
879458,4
879459,4
879460,4
879461,4
879462,4
879463,4
879464,4
879465,4
879466,1
879467,4
879468,4
879469,4
879470,4
879471,4
879472,1
879473,1
879474,4
879475,4
879476,4
879477,4
879478,4
879479,4
879480,4
879481,4
879482,4
879483,4
879484,5
879485,4
879486,4
879487,4
879488,5
879489,4
879490,4
879491,4
879492,4
879493,4
879494,4
879495,5
879496,4
879497,4
879498,4
879499,5
879500,4
879501,1
879502,4
879503,4
879504,4
879505,4
879506,4
879507,4
879508,5
879509,5
879510,4
879511,4
879512,4
879513,4
879514,4
879515,4
879516,4
879517,4
879518,4
879519,4
879520,4
879521,1
879522,4
879523,4
879524,4
879525,4
879526,4
879527,1
879528,4
879529,4
879530,4
879531,4
879532,4
879533,4
879534,1
879535,1
879536,4
879537,4
879538,4
879539,4
879540,4
879541,1
879542,4
879543,4
879544,4
879545,4
879546,4
879547,4
879548,4
879549,4
879550,5
879551,4
879552,4
879553,4
879554,1
879555,4
879556,1
879557,4
879558,4
879559,4
879560,4
879561,5
879562,4
879563,4
879564,4
879565,4
879566,5
879567,5
879568,4
879569,4
879570,4
879571,4
879572,4
879573,4
879574,4
879575,1
879576,1
879577,4
879578,4
879579,4
879580,5
879581,4
879582,4
879583,4
879584,4
879585,4
879586,4
879587,4
879588,5
879589,4
879590,4
879591,4
879592,4
879593,1
879594,1
879595,4
879596,1
879597,4
879598,5
879599,5
879600,5
879601,5
879602,4
879603,4
879604,4
879605,5
879606,4
879607,4
879608,4
879609,4
879610,4
879611,4
879612,5
879613,4
879614,4
879615,4
879616,1
879617,4
879618,4
879619,4
879620,4
879621,4
879622,5
879623,4
879624,4
879625,1
879626,4
879627,4
879628,4
879629,4
879630,4
879631,4
879632,4
879633,4
879634,4
879635,5
879636,5
879637,5
879638,4
879639,1
879640,4
879641,4
879642,4
879643,4
879644,1
879645,4
879646,4
879647,1
879648,5
879649,4
879650,4
879651,4
879652,5
879653,4
879654,4
879655,4
879656,4
879657,4
879658,5
879659,4
879660,4
879661,4
879662,4
879663,1
879664,4
879665,4
879666,5
879667,4
879668,4
879669,4
879670,1
879671,5
879672,5
879673,4
879674,1
879675,4
879676,5
879677,4
879678,4
879679,4
879680,5
879681,4
879682,4
879683,4
879684,5
879685,5
879686,1
879687,4
879688,1
879689,4
879690,4
879691,5
879692,1
879693,4
879694,4
879695,5
879696,4
879697,4
879698,4
879699,4
879700,4
879701,4
879702,3
879703,4
879704,4
879705,4
879706,4
879707,4
879708,4
879709,4
879710,4
879711,4
879712,4
879713,4
879714,4
879715,1
879716,4
879717,4
879718,1
879719,4
879720,5
879721,4
879722,4
879723,1
879724,4
879725,4
879726,4
879727,4
879728,4
879729,4
879730,4
879731,4
879732,4
879733,1
879734,4
879735,4
879736,4
879737,4
879738,4
879739,1
879740,1
879741,1
879742,4
879743,5
879744,4
879745,5
879746,4
879747,4
879748,5
879749,1
879750,4
879751,5
879752,1
879753,4
879754,5
879755,5
879756,5
879757,1
879758,1
879759,4
879760,4
879761,4
879762,5
879763,4
879764,4
879765,1
879766,4
879767,4
879768,5
879769,5
879770,4
879771,4
879772,4
879773,4
879774,4
879775,5
879776,4
879777,5
879778,4
879779,4
879780,1
879781,4
879782,5
879783,5
879784,4
879785,5
879786,4
879787,4
879788,1
879789,4
879790,4
879791,4
879792,4
879793,4
879794,4
879795,1
879796,5
879797,4
879798,4
879799,4
879800,4
879801,1
879802,5
879803,5
879804,5
879805,4
879806,5
879807,4
879808,5
879809,4
879810,4
879811,4
879812,4
879813,4
879814,4
879815,4
879816,4
879817,4
879818,5
879819,5
879820,5
879821,5
879822,5
879823,4
879824,4
879825,1
879826,4
879827,4
879828,4
879829,4
879830,1
879831,4
879832,4
879833,4
879834,4
879835,4
879836,4
879837,4
879838,4
879839,5
879840,4
879841,4
879842,4
879843,4
879844,4
879845,1
879846,4
879847,4
879848,4
879849,4
879850,4
879851,4
879852,1
879853,4
879854,4
879855,4
879856,4
879857,4
879858,4
879859,4
879860,4
879861,4
879862,4
879863,4
879864,4
879865,4
879866,1
879867,4
879868,4
879869,5
879870,5
879871,5
879872,5
879873,4
879874,5
879875,4
879876,4
879877,4
879878,4
879879,4
879880,4
879881,4
879882,1
879883,4
879884,4
879885,4
879886,5
879887,4
879888,4
879889,4
879890,4
879891,4
879892,1
879893,4
879894,4
879895,1
879896,4
879897,4
879898,4
879899,1
879900,5
879901,4
879902,4
879903,4
879904,4
879905,5
879906,4
879907,4
879908,4
879909,4
879910,4
879911,4
879912,4
879913,4
879914,4
879915,5
879916,4
879917,5
879918,4
879919,1
879920,4
879921,4
879922,1
879923,4
879924,4
879925,5
879926,1
879927,4
879928,4
879929,4
879930,4
879931,4
879932,4
879933,4
879934,4
879935,4
879936,4
879937,5
879938,4
879939,4
879940,1
879941,4
879942,4
879943,5
879944,4
879945,4
879946,4
879947,4
879948,1
879949,4
879950,4
879951,1
879952,5
879953,4
879954,4
879955,4
879956,4
879957,4
879958,4
879959,1
879960,4
879961,4
879962,1
879963,4
879964,1
879965,5
879966,5
879967,4
879968,4
879969,4
879970,4
879971,4
879972,4
879973,4
879974,4
879975,4
879976,4
879977,4
879978,4
879979,4
879980,4
879981,4
879982,4
879983,4
879984,4
879985,4
879986,4
879987,5
879988,1
879989,4
879990,4
879991,4
879992,4
879993,4
879994,4
879995,4
879996,4
879997,4
879998,5
879999,1
880000,1
880001,4
880002,1
880003,4
880004,4
880005,4
880006,4
880007,4
880008,4
880009,1
880010,4
880011,4
880012,4
880013,4
880014,4
880015,4
880016,4
880017,4
880018,5
880019,1
880020,4
880021,4
880022,1
880023,4
880024,1
880025,4
880026,5
880027,4
880028,5
880029,4
880030,1
880031,4
880032,1
880033,4
880034,4
880035,4
880036,4
880037,4
880038,1
880039,4
880040,4
880041,4
880042,4
880043,4
880044,4
880045,4
880046,4
880047,4
880048,4
880049,4
880050,4
880051,4
880052,5
880053,4
880054,4
880055,4
880056,4
880057,4
880058,4
880059,4
880060,4
880061,4
880062,1
880063,4
880064,4
880065,4
880066,5
880067,4
880068,4
880069,4
880070,4
880071,4
880072,4
880073,4
880074,1
880075,4
880076,4
880077,1
880078,4
880079,4
880080,1
880081,4
880082,4
880083,4
880084,5
880085,4
880086,4
880087,4
880088,4
880089,4
880090,4
880091,4
880092,4
880093,1
880094,4
880095,4
880096,4
880097,4
880098,4
880099,4
880100,4
880101,4
880102,4
880103,4
880104,4
880105,4
880106,1
880107,1
880108,4
880109,4
880110,4
880111,4
880112,5
880113,4
880114,4
880115,4
880116,4
880117,4
880118,4
880119,5
880120,1
880121,4
880122,4
880123,4
880124,4
880125,1
880126,4
880127,4
880128,4
880129,4
880130,1
880131,1
880132,4
880133,4
880134,1
880135,1
880136,4
880137,4
880138,4
880139,1
880140,5
880141,4
880142,4
880143,4
880144,4
880145,4
880146,4
880147,1
880148,4
880149,4
880150,4
880151,5
880152,4
880153,4
880154,4
880155,1
880156,5
880157,4
880158,4
880159,4
880160,4
880161,4
880162,4
880163,4
880164,4
880165,4
880166,4
880167,4
880168,4
880169,4
880170,4
880171,4
880172,1
880173,4
880174,4
880175,4
880176,1
880177,5
880178,1
880179,4
880180,4
880181,5
880182,4
880183,4
880184,4
880185,4
880186,4
880187,5
880188,4
880189,4
880190,1
880191,4
880192,4
880193,4
880194,4
880195,4
880196,4
880197,4
880198,4
880199,4
880200,1
880201,4
880202,4
880203,4
880204,4
880205,4
880206,4
880207,4
880208,4
880209,1
880210,4
880211,1
880212,1
880213,4
880214,4
880215,4
880216,4
880217,4
880218,4
880219,4
880220,4
880221,4
880222,4
880223,5
880224,4
880225,4
880226,4
880227,4
880228,4
880229,4
880230,4
880231,4
880232,4
880233,4
880234,4
880235,4
880236,5
880237,5
880238,5
880239,4
880240,4
880241,1
880242,5
880243,4
880244,4
880245,4
880246,1
880247,1
880248,1
880249,4
880250,4
880251,4
880252,4
880253,4
880254,4
880255,4
880256,4
880257,5
880258,4
880259,4
880260,4
880261,4
880262,5
880263,1
880264,1
880265,4
880266,4
880267,4
880268,4
880269,4
880270,4
880271,4
880272,4
880273,4
880274,4
880275,4
880276,1
880277,4
880278,4
880279,4
880280,4
880281,4
880282,4
880283,4
880284,1
880285,4
880286,4
880287,4
880288,4
880289,4
880290,4
880291,4
880292,4
880293,4
880294,4
880295,4
880296,4
880297,4
880298,1
880299,4
880300,4
880301,4
880302,4
880303,4
880304,4
880305,4
880306,1
880307,4
880308,4
880309,4
880310,1
880311,1
880312,4
880313,5
880314,4
880315,4
880316,4
880317,4
880318,4
880319,1
880320,4
880321,4
880322,4
880323,1
880324,5
880325,4
880326,4
880327,4
880328,4
880329,4
880330,1
880331,4
880332,4
880333,1
880334,4
880335,4
880336,4
880337,1
880338,4
880339,4
880340,4
880341,1
880342,5
880343,1
880344,4
880345,4
880346,4
880347,4
880348,5
880349,4
880350,4
880351,4
880352,1
880353,4
880354,1
880355,4
880356,4
880357,4
880358,4
880359,4
880360,5
880361,4
880362,4
880363,4
880364,4
880365,4
880366,1
880367,4
880368,1
880369,4
880370,4
880371,5
880372,4
880373,4
880374,1
880375,4
880376,4
880377,4
880378,4
880379,4
880380,4
880381,1
880382,4
880383,4
880384,4
880385,4
880386,4
880387,4
880388,4
880389,4
880390,4
880391,4
880392,4
880393,4
880394,4
880395,4
880396,4
880397,4
880398,4
880399,4
880400,4
880401,4
880402,4
880403,4
880404,1
880405,4
880406,4
880407,4
880408,4
880409,4
880410,4
880411,4
880412,4
880413,4
880414,4
880415,1
880416,4
880417,1
880418,4
880419,4
880420,4
880421,4
880422,4
880423,4
880424,1
880425,4
880426,4
880427,4
880428,4
880429,4
880430,4
880431,4
880432,4
880433,5
880434,4
880435,4
880436,4
880437,4
880438,4
880439,4
880440,4
880441,4
880442,4
880443,1
880444,4
880445,4
880446,4
880447,4
880448,4
880449,4
880450,4
880451,1
880452,4
880453,4
880454,4
880455,4
880456,4
880457,4
880458,1
880459,4
880460,4
880461,4
880462,4
880463,4
880464,1
880465,5
880466,4
880467,4
880468,4
880469,4
880470,4
880471,4
880472,4
880473,5
880474,5
880475,4
880476,4
880477,4
880478,4
880479,4
880480,4
880481,4
880482,4
880483,4
880484,4
880485,4
880486,4
880487,4
880488,4
880489,4
880490,1
880491,1
880492,1
880493,5
880494,4
880495,4
880496,4
880497,4
880498,4
880499,4
880500,4
880501,4
880502,5
880503,4
880504,4
880505,5
880506,4
880507,4
880508,5
880509,4
880510,4
880511,4
880512,4
880513,1
880514,4
880515,1
880516,4
880517,1
880518,1
880519,4
880520,3
880521,4
880522,4
880523,1
880524,4
880525,4
880526,4
880527,4
880528,1
880529,4
880530,1
880531,4
880532,4
880533,4
880534,4
880535,1
880536,1
880537,4
880538,5
880539,4
880540,1
880541,4
880542,4
880543,5
880544,5
880545,5
880546,4
880547,5
880548,4
880549,5
880550,4
880551,5
880552,4
