808553,4
808554,4
808555,4
808556,4
808557,4
808558,4
808559,4
808560,1
808561,4
808562,4
808563,4
808564,4
808565,4
808566,4
808567,4
808568,4
808569,1
808570,4
808571,4
808572,4
808573,4
808574,4
808575,4
808576,4
808577,4
808578,4
808579,4
808580,4
808581,1
808582,4
808583,4
808584,4
808585,4
808586,4
808587,4
808588,4
808589,1
808590,4
808591,1
808592,4
808593,4
808594,4
808595,4
808596,4
808597,4
808598,4
808599,4
808600,4
808601,4
808602,4
808603,4
808604,4
808605,4
808606,4
808607,4
808608,4
808609,4
808610,1
808611,5
808612,1
808613,4
808614,4
808615,1
808616,4
808617,4
808618,1
808619,4
808620,4
808621,4
808622,4
808623,4
808624,4
808625,4
808626,4
808627,1
808628,1
808629,1
808630,4
808631,4
808632,4
808633,4
808634,4
808635,4
808636,4
808637,5
808638,4
808639,4
808640,4
808641,5
808642,5
808643,4
808644,5
808645,4
808646,4
808647,5
808648,1
808649,4
808650,4
808651,4
808652,1
808653,4
808654,4
808655,4
808656,4
808657,4
808658,4
808659,4
808660,3
808661,4
808662,4
808663,4
808664,4
808665,4
808666,4
808667,4
808668,4
808669,4
808670,4
808671,4
808672,4
808673,4
808674,4
808675,4
808676,4
808677,3
808678,5
808679,4
808680,4
808681,4
808682,5
808683,4
808684,4
808685,4
808686,4
808687,4
808688,4
808689,4
808690,4
808691,4
808692,4
808693,1
808694,4
808695,5
808696,4
808697,4
808698,4
808699,1
808700,4
808701,4
808702,4
808703,1
808704,4
808705,4
808706,5
808707,4
808708,4
808709,4
808710,4
808711,4
808712,1
808713,1
808714,1
808715,4
808716,4
808717,4
808718,4
808719,4
808720,4
808721,4
808722,4
808723,4
808724,4
808725,4
808726,4
808727,4
808728,4
808729,4
808730,1
808731,4
808732,4
808733,4
808734,4
808735,1
808736,4
808737,1
808738,4
808739,1
808740,4
808741,1
808742,4
808743,4
808744,4
808745,4
808746,4
808747,4
808748,4
808749,4
808750,1
808751,4
808752,4
808753,4
808754,4
808755,4
808756,4
808757,4
808758,4
808759,4
808760,4
808761,4
808762,4
808763,4
808764,4
808765,4
808766,4
808767,4
808768,4
808769,4
808770,4
808771,1
808772,1
808773,4
808774,4
808775,4
808776,4
808777,1
808778,4
808779,4
808780,4
808781,4
808782,5
808783,4
808784,4
808785,4
808786,4
808787,4
808788,4
808789,4
808790,4
808791,1
808792,4
808793,1
808794,1
808795,4
808796,4
808797,4
808798,4
808799,4
808800,4
808801,4
808802,4
808803,4
808804,4
808805,1
808806,1
808807,4
808808,4
808809,4
808810,4
808811,1
808812,4
808813,4
808814,4
808815,4
808816,1
808817,4
808818,4
808819,4
808820,4
808821,4
808822,4
808823,4
808824,4
808825,1
808826,4
808827,4
808828,4
808829,5
808830,5
808831,1
808832,5
808833,5
808834,4
808835,4
808836,4
808837,4
808838,4
808839,5
808840,4
808841,4
808842,4
808843,4
808844,5
808845,1
808846,4
808847,4
808848,4
808849,4
808850,4
808851,4
808852,5
808853,4
808854,5
808855,4
808856,4
808857,4
808858,4
808859,4
808860,4
808861,4
808862,4
808863,5
808864,4
808865,4
808866,5
808867,4
808868,4
808869,4
808870,4
808871,4
808872,4
808873,4
808874,1
808875,4
808876,4
808877,4
808878,4
808879,4
808880,4
808881,4
808882,4
808883,4
808884,5
808885,5
808886,4
808887,5
808888,4
808889,4
808890,4
808891,4
808892,5
808893,5
808894,4
808895,5
808896,4
808897,4
808898,4
808899,4
808900,4
808901,4
808902,4
808903,4
808904,4
808905,4
808906,4
808907,4
808908,5
808909,4
808910,5
808911,4
808912,5
808913,4
808914,4
808915,5
808916,5
808917,4
808918,4
808919,4
808920,4
808921,4
808922,5
808923,4
808924,5
808925,4
808926,5
808927,4
808928,4
808929,4
808930,4
808931,4
808932,5
808933,4
808934,4
808935,5
808936,4
808937,4
808938,5
808939,4
808940,4
808941,4
808942,4
808943,4
808944,4
808945,4
808946,5
808947,4
808948,4
808949,4
808950,1
808951,4
808952,5
808953,4
808954,5
808955,4
808956,4
808957,4
808958,4
808959,4
808960,4
808961,4
808962,4
808963,4
808964,4
808965,4
808966,4
808967,4
808968,4
808969,5
808970,4
808971,4
808972,4
808973,4
808974,1
808975,4
808976,1
808977,1
808978,4
808979,4
808980,4
808981,4
808982,4
808983,4
808984,4
808985,4
808986,4
808987,4
808988,4
808989,4
808990,4
808991,4
808992,4
808993,4
808994,4
808995,4
808996,1
808997,4
808998,4
808999,4
809000,4
809001,4
809002,4
809003,4
809004,4
809005,4
809006,4
809007,4
809008,4
809009,4
809010,4
809011,4
809012,5
809013,4
809014,4
809015,4
809016,4
809017,4
809018,4
809019,4
809020,4
809021,4
809022,4
809023,4
809024,1
809025,4
809026,4
809027,4
809028,4
809029,4
809030,4
809031,4
809032,4
809033,4
809034,4
809035,4
809036,4
809037,4
809038,4
809039,4
809040,4
809041,1
809042,1
809043,4
809044,4
809045,1
809046,4
809047,4
809048,5
809049,4
809050,4
809051,4
809052,4
809053,3
809054,4
809055,4
809056,4
809057,4
809058,4
809059,4
809060,4
809061,4
809062,4
809063,1
809064,4
809065,4
809066,4
809067,4
809068,4
809069,4
809070,1
809071,1
809072,4
809073,4
809074,1
809075,4
809076,4
809077,4
809078,4
809079,4
809080,4
809081,4
809082,4
809083,4
809084,5
809085,4
809086,4
809087,4
809088,4
809089,1
809090,4
809091,4
809092,4
809093,4
809094,4
809095,4
809096,4
809097,4
809098,4
809099,4
809100,1
809101,1
809102,4
809103,4
809104,4
809105,4
809106,4
809107,4
809108,4
809109,4
809110,4
809111,5
809112,4
809113,4
809114,1
809115,1
809116,4
809117,4
809118,4
809119,4
809120,4
809121,4
809122,4
809123,4
809124,4
809125,4
809126,4
809127,4
809128,4
809129,4
809130,4
809131,4
809132,4
809133,1
809134,1
809135,4
809136,4
809137,4
809138,1
809139,4
809140,4
809141,4
809142,4
809143,4
809144,4
809145,4
809146,4
809147,4
809148,4
809149,4
809150,1
809151,4
809152,4
809153,4
809154,1
809155,4
809156,4
809157,4
809158,4
809159,4
809160,4
809161,4
809162,4
809163,4
809164,4
809165,4
809166,4
809167,4
809168,4
809169,4
809170,4
809171,4
809172,4
809173,4
809174,4
809175,4
809176,4
809177,4
809178,4
809179,4
809180,4
809181,4
809182,4
809183,4
809184,4
809185,4
809186,4
809187,4
809188,4
809189,4
809190,4
809191,4
809192,4
809193,4
809194,1
809195,1
809196,4
809197,4
809198,4
809199,4
809200,5
809201,4
809202,3
809203,4
809204,4
809205,5
809206,4
809207,4
809208,4
809209,4
809210,4
809211,4
809212,1
809213,4
809214,4
809215,4
809216,4
809217,4
809218,4
809219,4
809220,4
809221,4
809222,1
809223,4
809224,4
809225,3
809226,4
809227,1
809228,1
809229,4
809230,4
809231,4
809232,4
809233,4
809234,4
809235,4
809236,4
809237,4
809238,4
809239,4
809240,4
809241,4
809242,4
809243,4
809244,4
809245,1
809246,4
809247,4
809248,4
809249,4
809250,4
809251,4
809252,1
809253,4
809254,4
809255,4
809256,4
809257,4
809258,4
809259,4
809260,4
809261,5
809262,4
809263,4
809264,4
809265,4
809266,4
809267,1
809268,1
809269,4
809270,4
809271,4
809272,4
809273,4
809274,4
809275,4
809276,4
809277,4
809278,4
809279,4
809280,4
809281,1
809282,4
809283,1
809284,4
809285,4
809286,4
809287,4
809288,4
809289,4
809290,4
809291,4
809292,4
809293,4
809294,4
809295,4
809296,4
809297,4
809298,4
809299,4
809300,4
809301,4
809302,4
809303,4
809304,4
809305,4
809306,4
809307,4
809308,1
809309,4
809310,4
809311,3
809312,1
809313,4
809314,4
809315,4
809316,4
809317,4
809318,4
809319,4
809320,4
809321,4
809322,1
809323,4
809324,4
809325,4
809326,1
809327,4
809328,4
809329,5
809330,1
809331,4
809332,4
809333,4
809334,4
809335,4
809336,1
809337,4
809338,4
809339,4
809340,4
809341,4
809342,4
809343,4
809344,4
809345,4
809346,4
809347,4
809348,4
809349,4
809350,4
809351,4
809352,4
809353,4
809354,5
809355,4
809356,1
809357,5
809358,4
809359,4
809360,4
809361,4
809362,4
809363,4
809364,4
809365,4
809366,4
809367,4
809368,4
809369,4
809370,5
809371,4
809372,4
809373,4
809374,4
809375,4
809376,5
809377,1
809378,5
809379,4
809380,4
809381,4
809382,4
809383,4
809384,5
809385,4
809386,4
809387,4
809388,4
809389,4
809390,4
809391,4
809392,4
809393,4
809394,4
809395,4
809396,4
809397,5
809398,4
809399,4
809400,5
809401,4
809402,4
809403,4
809404,1
809405,5
809406,4
809407,5
809408,4
809409,4
809410,3
809411,4
809412,4
809413,1
809414,4
809415,4
809416,4
809417,5
809418,4
809419,4
809420,4
809421,4
809422,5
809423,1
809424,1
809425,4
809426,4
809427,4
809428,4
809429,5
809430,4
809431,4
809432,4
809433,4
809434,4
809435,4
809436,4
809437,4
809438,4
809439,5
809440,4
809441,4
809442,4
809443,4
809444,1
809445,4
809446,4
809447,4
809448,3
809449,4
809450,1
809451,5
809452,3
809453,3
809454,1
809455,3
809456,4
809457,3
809458,3
809459,1
809460,4
809461,3
809462,3
809463,5
809464,4
809465,4
809466,4
809467,4
809468,1
809469,4
809470,4
809471,4
809472,1
809473,4
809474,1
809475,4
809476,1
809477,4
809478,4
809479,4
809480,4
809481,4
809482,4
809483,4
809484,4
809485,5
809486,4
809487,4
809488,4
809489,5
809490,4
809491,4
809492,4
809493,4
809494,4
809495,4
809496,4
809497,4
809498,4
809499,4
809500,5
809501,4
809502,4
809503,4
809504,4
809505,4
809506,4
809507,4
809508,4
809509,4
809510,4
809511,4
809512,4
809513,4
809514,5
809515,4
809516,4
809517,5
809518,4
809519,4
809520,4
809521,4
809522,4
809523,5
809524,4
809525,4
809526,4
809527,5
809528,4
809529,1
809530,4
809531,1
809532,5
809533,1
809534,4
809535,1
809536,5
809537,4
809538,4
809539,4
809540,4
809541,5
809542,4
809543,4
809544,4
809545,4
809546,4
809547,4
809548,3
809549,4
809550,4
809551,3
809552,4
809553,4
809554,4
809555,4
809556,3
809557,3
809558,3
809559,1
809560,4
809561,1
809562,4
809563,4
809564,4
809565,5
809566,4
809567,5
809568,4
809569,4
809570,4
809571,4
809572,4
809573,4
809574,1
809575,4
809576,4
809577,1
809578,4
809579,1
809580,4
809581,4
809582,4
809583,1
809584,4
809585,5
809586,4
809587,4
809588,4
809589,1
809590,5
809591,4
809592,1
809593,5
809594,1
809595,4
809596,4
809597,4
809598,5
809599,5
809600,4
809601,4
809602,4
809603,4
809604,4
809605,4
809606,4
809607,4
809608,4
809609,4
809610,4
809611,5
809612,4
809613,4
809614,5
809615,4
809616,4
809617,4
809618,4
809619,4
809620,4
809621,1
809622,4
809623,1
809624,4
809625,4
809626,4
809627,4
809628,4
809629,4
809630,4
809631,4
809632,4
809633,4
809634,4
809635,4
809636,4
809637,4
809638,4
809639,4
809640,4
809641,4
809642,4
809643,4
809644,4
809645,4
809646,4
809647,4
809648,1
809649,4
809650,4
809651,4
809652,4
809653,4
809654,4
809655,4
809656,4
809657,4
809658,4
809659,4
809660,4
809661,4
809662,4
809663,4
809664,4
809665,4
809666,4
809667,5
809668,4
809669,4
809670,1
809671,1
809672,4
809673,4
809674,5
809675,4
809676,4
809677,4
809678,4
809679,4
809680,4
809681,5
809682,4
809683,4
809684,4
809685,4
809686,4
809687,4
809688,5
809689,4
809690,4
809691,4
809692,4
809693,4
809694,4
809695,4
809696,4
809697,4
809698,4
809699,5
809700,4
809701,4
809702,4
809703,4
809704,4
809705,4
809706,5
809707,4
809708,4
809709,1
809710,4
809711,4
809712,4
809713,5
809714,4
809715,4
809716,5
809717,4
809718,1
809719,4
809720,5
809721,4
809722,4
809723,4
809724,4
809725,4
809726,4
809727,4
809728,4
809729,4
809730,4
809731,5
809732,4
809733,5
809734,4
809735,1
809736,4
809737,4
809738,4
809739,4
809740,4
809741,4
809742,1
809743,4
809744,4
809745,4
809746,4
809747,4
809748,4
809749,5
809750,4
809751,4
809752,4
809753,4
809754,4
809755,4
809756,4
809757,4
809758,4
809759,1
809760,4
809761,1
809762,4
809763,4
809764,4
809765,4
809766,4
809767,4
809768,4
809769,4
809770,4
809771,3
809772,4
809773,4
809774,1
809775,4
809776,1
809777,4
809778,5
809779,4
809780,1
809781,4
809782,4
809783,5
809784,4
809785,5
809786,4
809787,4
809788,1
809789,4
809790,4
809791,5
809792,4
809793,1
809794,4
809795,5
809796,1
809797,4
809798,5
809799,4
809800,4
809801,4
809802,4
809803,5
809804,4
809805,4
809806,4
809807,5
809808,4
809809,4
809810,4
809811,4
809812,4
809813,4
809814,4
809815,4
809816,4
809817,4
809818,4
809819,4
809820,4
809821,5
809822,4
809823,4
809824,4
809825,4
809826,5
809827,4
809828,4
809829,4
809830,4
809831,4
809832,5
809833,4
809834,4
809835,4
809836,4
809837,4
809838,4
809839,4
809840,4
809841,4
809842,4
809843,4
809844,4
809845,4
809846,4
809847,4
809848,1
809849,4
809850,4
809851,4
809852,1
809853,1
809854,4
809855,4
809856,4
809857,4
809858,4
809859,4
809860,4
809861,4
809862,4
809863,4
809864,4
809865,4
809866,4
809867,4
809868,4
809869,4
809870,4
809871,4
809872,4
809873,4
809874,4
809875,4
809876,1
809877,5
809878,4
809879,4
809880,4
809881,4
809882,4
809883,4
809884,4
809885,4
809886,4
809887,4
809888,1
809889,1
809890,1
809891,4
809892,4
809893,4
809894,4
809895,4
809896,4
809897,1
809898,1
809899,4
809900,4
809901,4
809902,4
809903,4
809904,4
809905,1
809906,1
809907,4
809908,4
809909,5
809910,1
809911,4
809912,4
809913,4
809914,4
809915,5
809916,4
809917,4
809918,1
809919,4
809920,4
809921,1
809922,4
809923,4
809924,4
809925,1
809926,4
809927,4
809928,4
809929,3
809930,4
809931,4
809932,4
809933,4
809934,4
809935,4
809936,4
809937,4
809938,4
809939,4
809940,1
809941,4
809942,1
809943,4
809944,4
809945,1
809946,4
809947,4
809948,1
809949,4
809950,1
809951,4
809952,4
809953,5
809954,4
809955,4
809956,4
809957,4
809958,4
809959,4
809960,4
809961,4
809962,4
809963,4
809964,4
809965,4
809966,4
809967,4
809968,4
809969,4
809970,4
809971,4
809972,4
809973,4
809974,4
809975,4
809976,4
809977,4
809978,4
809979,4
809980,4
809981,4
809982,4
809983,3
809984,3
809985,3
809986,4
809987,4
809988,4
809989,4
809990,4
809991,4
809992,1
809993,4
809994,4
809995,4
809996,4
809997,4
809998,5
809999,4
810000,4
810001,4
810002,4
810003,4
810004,4
810005,4
810006,4
810007,4
810008,4
810009,4
810010,4
810011,4
810012,4
810013,4
810014,4
810015,4
810016,4
810017,4
810018,4
810019,4
810020,4
810021,4
810022,4
810023,4
810024,4
810025,4
810026,4
810027,4
810028,4
810029,4
810030,4
810031,4
810032,4
810033,4
810034,4
810035,1
810036,1
810037,4
810038,4
810039,4
810040,1
810041,1
810042,4
810043,4
810044,4
810045,3
810046,3
810047,3
810048,3
810049,3
810050,3
810051,3
810052,3
810053,3
810054,3
810055,3
810056,1
810057,3
810058,3
810059,3
810060,3
810061,1
810062,1
810063,4
810064,3
810065,3
810066,3
810067,1
810068,3
810069,3
810070,1
810071,3
810072,3
810073,3
810074,3
810075,4
810076,1
810077,4
810078,4
810079,4
810080,4
810081,4
810082,4
810083,4
810084,4
810085,4
810086,4
810087,4
810088,4
810089,5
810090,4
810091,4
810092,4
810093,1
810094,1
810095,4
810096,4
810097,4
810098,4
810099,4
810100,1
810101,4
810102,4
810103,4
810104,4
810105,4
810106,5
810107,4
810108,4
810109,4
810110,4
810111,4
810112,4
810113,4
810114,4
810115,4
810116,4
810117,4
810118,1
810119,4
810120,4
810121,1
810122,4
810123,4
810124,1
810125,4
810126,4
810127,4
810128,4
810129,4
810130,4
810131,4
810132,4
810133,4
810134,4
810135,4
810136,4
810137,1
810138,4
810139,4
810140,4
810141,4
810142,1
810143,4
810144,1
810145,4
810146,4
810147,4
810148,4
810149,1
810150,4
810151,4
810152,4
810153,4
810154,1
810155,4
810156,1
810157,4
810158,4
810159,4
810160,4
810161,4
810162,4
810163,4
810164,4
810165,4
810166,4
810167,4
810168,4
810169,4
810170,4
810171,4
810172,4
810173,4
810174,1
810175,4
810176,4
810177,4
810178,4
810179,1
810180,5
810181,4
810182,1
810183,1
810184,4
810185,4
810186,1
810187,1
810188,1
810189,4
810190,4
810191,4
810192,4
810193,1
810194,1
810195,4
810196,4
810197,4
810198,4
810199,4
810200,4
810201,1
810202,4
810203,4
810204,4
810205,4
810206,4
810207,4
810208,4
810209,4
810210,4
810211,3
810212,5
810213,4
810214,5
810215,4
810216,4
810217,4
810218,4
810219,4
810220,4
810221,4
810222,4
810223,4
810224,4
810225,4
810226,4
810227,4
810228,4
810229,4
810230,4
810231,4
810232,4
810233,4
810234,4
810235,5
810236,4
810237,4
810238,4
810239,4
810240,4
810241,4
810242,4
810243,4
810244,4
810245,4
810246,4
810247,1
810248,4
810249,1
810250,1
810251,4
810252,4
810253,1
810254,4
810255,4
810256,4
810257,4
810258,4
810259,4
810260,4
810261,4
810262,4
810263,4
810264,1
810265,4
810266,4
810267,4
810268,4
810269,4
810270,4
810271,4
810272,4
810273,4
810274,4
810275,4
810276,4
810277,5
810278,4
810279,4
810280,4
810281,5
810282,4
810283,4
810284,5
810285,5
810286,5
810287,4
810288,4
810289,4
810290,4
810291,4
810292,4
810293,4
810294,4
810295,5
810296,4
810297,1
810298,5
810299,1
810300,4
810301,1
810302,4
810303,4
810304,4
810305,5
810306,4
810307,5
810308,4
810309,4
810310,4
810311,4
810312,4
810313,4
810314,4
810315,4
810316,4
810317,1
810318,4
810319,1
810320,4
810321,4
810322,4
810323,4
810324,4
810325,4
810326,4
810327,4
810328,4
810329,4
810330,4
810331,4
810332,4
810333,4
810334,1
810335,4
810336,4
810337,4
810338,1
810339,1
810340,4
810341,4
810342,4
810343,4
810344,1
810345,4
810346,4
810347,4
810348,4
810349,3
810350,4
810351,4
810352,4
810353,4
810354,4
810355,4
810356,4
810357,4
810358,4
810359,4
810360,4
810361,4
810362,4
810363,4
810364,4
810365,4
810366,4
810367,4
810368,4
810369,4
810370,4
810371,4
810372,4
810373,4
810374,4
810375,4
810376,1
810377,4
810378,4
810379,4
810380,4
810381,4
810382,4
810383,4
810384,4
810385,4
810386,4
810387,4
810388,4
810389,4
810390,4
810391,3
810392,4
810393,4
810394,1
810395,4
810396,4
810397,1
810398,4
810399,4
810400,4
810401,4
810402,4
810403,4
810404,4
810405,4
810406,5
810407,4
810408,5
810409,5
810410,4
810411,4
810412,4
810413,4
810414,4
810415,5
810416,5
810417,1
810418,5
810419,4
810420,4
810421,4
810422,4
810423,4
810424,1
810425,4
810426,5
810427,4
810428,4
810429,4
810430,4
810431,4
810432,4
810433,4
810434,5
810435,4
810436,4
810437,4
810438,4
810439,1
810440,4
810441,5
810442,5
810443,4
810444,4
810445,1
810446,4
810447,4
810448,4
810449,4
810450,4
810451,4
810452,4
810453,4
810454,4
810455,4
810456,4
810457,4
810458,4
810459,4
810460,4
810461,1
810462,4
810463,5
810464,4
810465,1
810466,4
810467,4
810468,5
810469,4
810470,4
810471,4
810472,1
810473,4
810474,4
810475,1
810476,4
810477,4
810478,4
810479,4
810480,4
810481,1
810482,1
810483,1
810484,4
810485,4
810486,4
810487,4
810488,4
810489,4
810490,4
810491,4
810492,4
810493,1
810494,4
810495,4
810496,4
810497,4
810498,4
810499,4
810500,4
810501,4
810502,4
810503,4
810504,4
810505,4
810506,4
810507,4
810508,4
810509,4
810510,4
810511,4
810512,4
810513,4
810514,4
810515,1
810516,4
810517,4
810518,4
810519,1
810520,4
810521,4
810522,4
810523,4
810524,4
810525,4
810526,3
810527,4
810528,4
810529,4
810530,4
810531,4
810532,4
810533,4
810534,4
810535,4
810536,4
810537,4
810538,4
810539,4
810540,4
810541,1
810542,4
810543,1
810544,3
810545,4
810546,4
810547,4
810548,4
810549,4
810550,4
810551,3
810552,4
810553,4
810554,1
810555,4
810556,1
810557,4
810558,4
810559,1
810560,4
810561,4
810562,4
810563,4
810564,4
810565,4
810566,4
810567,4
810568,4
810569,4
810570,4
810571,4
810572,4
810573,4
810574,1
810575,4
810576,4
810577,4
810578,4
810579,4
810580,4
810581,4
810582,4
810583,1
810584,4
810585,4
810586,4
810587,4
810588,4
810589,4
810590,1
810591,4
810592,4
810593,4
810594,1
810595,1
810596,4
810597,3
810598,4
810599,4
810600,4
810601,4
810602,5
810603,1
810604,4
810605,4
810606,1
810607,4
810608,1
810609,4
810610,5
810611,5
810612,4
810613,1
810614,4
810615,5
810616,1
810617,4
810618,4
810619,4
810620,5
810621,4
810622,5
810623,4
810624,4
810625,4
810626,4
810627,4
810628,4
810629,4
810630,4
810631,4
810632,4
810633,4
810634,5
810635,5
810636,4
810637,4
810638,4
810639,4
810640,4
810641,4
810642,4
810643,4
810644,4
810645,4
810646,1
810647,4
810648,4
810649,4
810650,4
810651,4
810652,4
810653,4
810654,4
810655,4
810656,4
810657,1
810658,4
810659,4
810660,4
810661,4
810662,4
810663,1
810664,4
810665,4
810666,1
810667,3
810668,4
810669,3
810670,3
810671,5
810672,3
810673,1
810674,4
810675,1
810676,5
810677,3
810678,4
810679,4
810680,4
810681,4
810682,5
810683,4
810684,1
810685,4
810686,1
810687,4
810688,4
810689,4
810690,3
810691,1
810692,1
810693,5
810694,4
810695,5
810696,1
810697,4
810698,5
810699,3
810700,5
810701,3
810702,3
810703,4
810704,1
810705,4
810706,4
810707,4
810708,4
810709,5
810710,5
810711,4
810712,1
810713,4
810714,4
810715,4
810716,4
810717,4
810718,4
810719,4
810720,1
810721,4
810722,4
810723,4
810724,4
810725,1
810726,4
810727,4
810728,4
810729,4
810730,4
810731,4
810732,4
810733,4
810734,1
810735,4
810736,4
810737,4
810738,4
810739,4
810740,4
810741,4
810742,4
810743,4
810744,4
810745,4
810746,4
810747,1
810748,4
810749,4
810750,1
810751,4
810752,4
810753,4
810754,4
810755,4
810756,4
810757,4
810758,4
810759,4
810760,4
810761,4
810762,4
810763,4
810764,3
810765,1
810766,4
810767,1
810768,4
810769,4
810770,4
810771,4
810772,4
810773,4
810774,5
810775,4
810776,4
810777,4
810778,1
810779,1
810780,4
810781,4
810782,4
810783,4
810784,4
810785,4
810786,4
810787,4
810788,4
810789,4
810790,4
810791,5
810792,4
810793,4
810794,4
810795,4
810796,4
810797,4
810798,4
810799,4
810800,1
810801,4
810802,4
810803,4
810804,4
810805,4
810806,4
810807,4
810808,4
810809,4
810810,4
810811,4
810812,3
810813,4
810814,4
810815,4
810816,4
810817,4
810818,5
810819,1
810820,4
810821,1
810822,4
810823,4
810824,4
810825,4
810826,4
810827,4
810828,4
810829,5
810830,4
810831,4
810832,5
810833,4
810834,4
810835,4
810836,4
810837,4
810838,4
810839,4
810840,4
810841,4
810842,5
810843,4
810844,4
810845,5
810846,4
810847,4
810848,4
810849,4
810850,4
810851,1
810852,1
810853,4
810854,4
810855,4
810856,4
810857,4
810858,4
810859,4
810860,5
810861,4
810862,4
810863,4
810864,4
810865,4
810866,4
810867,4
810868,4
810869,1
810870,4
810871,5
810872,4
810873,4
810874,4
810875,4
810876,4
810877,4
810878,1
810879,4
810880,4
810881,1
810882,4
810883,4
810884,4
810885,4
810886,4
810887,4
810888,4
810889,4
810890,4
810891,4
810892,4
810893,4
810894,4
810895,4
810896,4
810897,4
810898,4
810899,4
810900,4
810901,4
810902,4
810903,4
810904,4
810905,4
810906,4
810907,4
810908,4
810909,4
810910,4
810911,4
810912,4
810913,4
810914,1
810915,4
810916,1
810917,4
810918,4
810919,4
810920,4
810921,4
810922,5
810923,4
810924,4
810925,4
810926,4
810927,4
810928,4
810929,4
810930,4
810931,4
810932,4
810933,4
810934,4
810935,4
810936,4
810937,5
810938,4
810939,5
810940,4
810941,5
810942,5
810943,4
810944,4
810945,4
810946,4
810947,4
810948,4
810949,5
810950,4
810951,4
810952,5
810953,5
810954,4
810955,4
810956,5
810957,1
810958,4
810959,4
810960,4
810961,1
810962,4
810963,4
810964,4
810965,4
810966,4
810967,4
810968,5
810969,4
810970,5
810971,4
810972,4
810973,1
810974,4
810975,4
810976,1
810977,4
810978,4
810979,4
810980,4
810981,4
810982,4
810983,4
810984,4
810985,4
810986,4
810987,4
810988,4
810989,5
810990,4
810991,4
810992,4
810993,1
810994,5
810995,4
810996,4
810997,1
810998,4
810999,4
811000,4
811001,1
811002,4
811003,4
811004,4
811005,4
811006,4
811007,5
811008,4
811009,4
811010,4
811011,5
811012,1
811013,4
811014,1
811015,4
811016,4
811017,4
811018,4
811019,4
811020,4
811021,4
811022,4
811023,4
811024,4
811025,4
811026,4
811027,1
811028,4
811029,4
811030,4
811031,1
811032,4
811033,4
811034,4
811035,4
811036,4
811037,4
811038,4
811039,1
811040,4
811041,1
811042,4
811043,1
811044,4
811045,4
811046,4
811047,4
811048,1
811049,4
811050,4
811051,4
811052,4
811053,1
811054,4
811055,5
811056,3
811057,4
811058,4
811059,4
811060,4
811061,4
811062,4
811063,4
811064,4
811065,4
811066,4
811067,5
811068,4
811069,4
811070,4
811071,4
811072,3
811073,4
811074,5
811075,3
811076,1
811077,4
811078,3
811079,5
811080,3
811081,3
811082,3
811083,5
811084,4
811085,5
811086,1
811087,4
811088,4
811089,5
811090,3
811091,4
811092,5
811093,4
811094,4
811095,5
811096,4
811097,1
811098,4
811099,4
811100,4
811101,4
811102,5
811103,4
811104,4
811105,4
811106,4
811107,4
811108,5
811109,4
811110,4
811111,4
811112,4
811113,4
811114,4
811115,4
811116,4
811117,4
811118,4
811119,5
811120,4
811121,4
811122,4
811123,4
811124,4
811125,4
811126,1
811127,4
811128,4
811129,4
811130,4
811131,4
811132,4
811133,4
811134,4
811135,4
811136,4
811137,4
811138,1
811139,4
811140,4
811141,4
811142,4
811143,4
811144,4
811145,5
811146,5
811147,4
811148,4
811149,1
811150,5
811151,4
811152,5
811153,4
811154,4
811155,4
811156,4
811157,4
811158,4
811159,4
811160,4
811161,4
811162,4
811163,4
811164,4
811165,4
811166,4
811167,4
811168,4
811169,4
811170,4
811171,4
811172,4
811173,4
811174,4
811175,4
811176,4
811177,4
811178,4
811179,4
811180,4
811181,4
811182,4
811183,4
811184,4
811185,4
811186,1
811187,4
811188,4
811189,4
811190,4
811191,4
811192,4
811193,4
811194,1
811195,4
811196,4
811197,1
811198,4
811199,4
811200,4
811201,1
811202,4
811203,4
811204,4
811205,4
811206,4
811207,4
811208,4
811209,4
811210,4
811211,4
811212,5
811213,4
811214,4
811215,4
811216,4
811217,3
811218,4
811219,4
811220,1
811221,4
811222,4
811223,4
811224,4
811225,5
811226,1
811227,4
811228,4
811229,1
811230,4
811231,4
811232,1
811233,4
811234,4
811235,4
811236,4
811237,4
811238,4
811239,4
811240,4
811241,4
811242,4
811243,1
811244,4
811245,4
811246,4
811247,4
811248,4
811249,1
811250,4
811251,4
811252,4
811253,4
811254,4
811255,4
811256,4
811257,4
811258,4
811259,4
811260,4
811261,4
811262,4
811263,5
811264,4
811265,4
811266,4
811267,4
811268,5
811269,4
811270,1
811271,4
811272,4
811273,4
811274,4
811275,4
811276,1
811277,4
811278,4
811279,4
811280,4
811281,4
811282,4
811283,4
811284,4
811285,4
811286,4
811287,4
811288,4
811289,4
811290,4
811291,4
811292,4
811293,4
811294,4
811295,4
811296,4
811297,4
811298,4
811299,4
811300,4
811301,4
811302,4
811303,4
811304,4
811305,4
811306,1
811307,1
811308,4
811309,4
811310,4
811311,1
811312,4
811313,4
811314,4
811315,4
811316,4
811317,4
811318,4
811319,4
811320,4
811321,4
811322,4
811323,4
811324,4
811325,4
811326,4
811327,3
811328,4
811329,4
811330,4
811331,4
811332,5
811333,4
811334,4
811335,4
811336,1
811337,4
811338,4
811339,4
811340,1
811341,4
811342,4
811343,4
811344,4
811345,4
811346,1
811347,4
811348,4
811349,4
811350,4
811351,4
811352,4
811353,4
811354,4
811355,1
811356,4
811357,4
811358,4
811359,4
811360,4
811361,4
811362,4
811363,4
811364,4
811365,4
811366,4
811367,4
811368,4
811369,4
811370,4
811371,1
811372,4
811373,4
811374,4
811375,4
811376,4
811377,4
811378,4
811379,4
811380,4
811381,4
811382,4
811383,4
811384,4
811385,4
811386,4
811387,4
811388,1
811389,4
811390,4
811391,1
811392,4
811393,4
811394,1
811395,4
811396,4
811397,4
811398,4
811399,5
811400,4
811401,4
811402,4
811403,1
811404,4
811405,4
811406,4
811407,4
811408,1
811409,5
811410,4
811411,5
811412,4
811413,4
811414,4
811415,4
811416,4
811417,1
811418,4
811419,4
811420,4
811421,4
811422,4
811423,4
811424,4
811425,4
811426,4
811427,4
811428,4
811429,4
811430,1
811431,1
811432,1
811433,1
811434,4
811435,4
811436,4
811437,4
811438,4
811439,4
811440,4
811441,4
811442,4
811443,4
811444,4
811445,4
811446,1
811447,4
811448,4
811449,4
811450,4
811451,4
811452,1
811453,4
811454,5
811455,5
811456,4
811457,4
811458,5
811459,3
811460,3
811461,5
811462,5
811463,4
811464,5
811465,3
811466,5
811467,4
811468,4
811469,3
811470,4
811471,4
811472,1
811473,4
811474,4
811475,4
811476,1
811477,4
811478,4
811479,4
811480,5
811481,4
811482,3
811483,4
811484,3
811485,3
811486,3
811487,4
811488,4
811489,4
811490,4
811491,1
811492,4
811493,4
811494,1
811495,4
811496,4
811497,1
811498,1
811499,4
811500,4
811501,4
811502,1
811503,4
811504,1
811505,1
811506,4
811507,4
811508,4
811509,4
811510,1
811511,4
811512,4
811513,4
811514,4
811515,4
811516,4
811517,4
811518,4
811519,4
811520,4
811521,4
811522,4
811523,4
811524,1
811525,4
811526,4
811527,4
811528,1
811529,5
811530,5
811531,1
811532,5
811533,4
811534,4
811535,5
811536,5
811537,4
811538,5
811539,4
811540,5
811541,4
811542,1
811543,4
811544,5
811545,4
811546,4
811547,4
811548,4
811549,4
811550,4
811551,5
811552,4
811553,1
811554,5
811555,5
811556,4
811557,5
811558,4
811559,4
811560,4
811561,1
811562,4
811563,5
811564,4
811565,4
811566,4
811567,4
811568,4
811569,5
811570,1
811571,5
811572,4
811573,4
811574,1
811575,4
811576,4
811577,4
811578,4
811579,4
811580,4
811581,4
811582,4
811583,4
811584,4
811585,4
811586,4
811587,4
811588,4
811589,4
811590,3
811591,4
811592,4
811593,4
811594,4
811595,4
811596,4
811597,4
811598,4
811599,4
811600,4
811601,4
811602,4
811603,4
811604,4
811605,4
811606,4
811607,4
811608,4
811609,4
811610,4
811611,4
811612,4
811613,4
811614,4
811615,1
811616,4
811617,1
811618,4
811619,4
811620,4
811621,4
811622,1
811623,4
811624,4
811625,4
811626,4
811627,4
811628,4
811629,4
811630,5
811631,4
811632,4
811633,4
811634,4
811635,4
811636,4
811637,1
811638,5
811639,4
811640,5
811641,4
811642,1
811643,4
811644,4
811645,1
811646,4
811647,4
811648,4
811649,4
811650,4
811651,5
811652,4
811653,4
811654,4
811655,4
811656,1
811657,4
811658,4
811659,1
811660,1
811661,4
811662,1
811663,5
811664,4
811665,4
811666,4
811667,4
811668,4
811669,4
811670,4
811671,4
811672,4
811673,4
811674,4
811675,4
811676,4
811677,4
811678,4
811679,4
811680,4
811681,1
811682,4
811683,4
811684,4
811685,4
811686,4
811687,1
811688,4
811689,4
811690,4
811691,4
811692,4
811693,4
811694,4
811695,4
811696,1
811697,4
811698,4
811699,4
811700,4
811701,4
811702,4
811703,4
811704,4
811705,4
811706,4
811707,1
811708,1
811709,4
811710,4
811711,4
811712,4
811713,4
811714,4
811715,4
811716,4
811717,4
811718,4
811719,4
811720,4
811721,4
811722,4
811723,4
811724,4
811725,4
811726,4
811727,4
811728,4
811729,4
811730,4
811731,4
811732,4
811733,4
811734,4
811735,4
811736,4
811737,4
811738,4
811739,4
811740,4
811741,4
811742,4
811743,4
811744,4
811745,1
811746,4
811747,4
811748,4
811749,4
811750,4
811751,5
811752,4
811753,5
811754,4
811755,5
811756,4
811757,5
811758,4
811759,4
811760,4
811761,4
811762,1
811763,4
811764,4
811765,4
811766,4
811767,5
811768,4
811769,5
811770,4
811771,4
811772,4
811773,5
811774,4
811775,5
811776,5
811777,4
811778,5
811779,4
811780,1
811781,4
811782,4
811783,5
811784,5
811785,4
811786,4
811787,4
811788,4
811789,4
811790,1
811791,4
811792,4
811793,4
811794,4
811795,4
811796,5
811797,5
811798,1
811799,5
811800,5
811801,5
811802,4
811803,5
811804,5
811805,4
811806,4
811807,4
811808,4
811809,4
811810,4
811811,4
811812,1
811813,5
811814,5
811815,5
811816,5
811817,4
811818,1
811819,5
811820,4
811821,5
811822,4
811823,5
811824,5
811825,4
811826,4
811827,5
811828,4
811829,4
811830,4
811831,4
811832,1
811833,4
811834,4
811835,4
811836,4
811837,4
811838,4
811839,4
811840,4
811841,5
811842,4
811843,4
811844,4
811845,4
811846,4
811847,4
811848,4
811849,5
811850,4
811851,4
811852,4
811853,4
811854,4
811855,4
811856,4
811857,4
811858,4
811859,4
811860,4
811861,1
811862,4
811863,4
811864,4
811865,4
811866,4
811867,1
811868,4
811869,4
811870,4
811871,4
811872,4
811873,4
811874,4
811875,4
811876,4
811877,4
811878,4
811879,4
811880,4
811881,1
811882,4
811883,4
811884,4
811885,4
811886,4
811887,4
811888,4
811889,4
811890,4
811891,4
811892,4
811893,4
811894,5
811895,4
811896,4
811897,4
811898,5
811899,4
811900,5
811901,4
811902,4
811903,1
811904,4
811905,1
811906,4
811907,4
811908,4
811909,4
811910,4
811911,1
811912,4
811913,4
811914,4
811915,4
811916,4
811917,4
811918,4
811919,4
811920,4
811921,4
811922,4
811923,4
811924,4
811925,4
811926,4
811927,4
811928,4
811929,1
811930,4
811931,1
811932,4
811933,4
811934,4
811935,4
811936,4
811937,4
811938,4
811939,4
811940,5
811941,4
811942,4
811943,4
811944,4
811945,5
811946,4
811947,4
811948,5
811949,4
811950,4
811951,5
811952,4
811953,4
811954,4
811955,4
811956,4
811957,4
811958,4
811959,4
811960,4
811961,4
811962,4
811963,4
811964,4
811965,4
811966,4
811967,5
811968,4
811969,4
811970,1
811971,4
811972,4
811973,4
811974,4
811975,4
811976,4
811977,4
811978,4
811979,5
811980,4
811981,4
811982,4
811983,4
811984,4
811985,4
811986,4
811987,4
811988,4
811989,4
811990,4
811991,4
811992,4
811993,4
811994,4
811995,4
811996,3
811997,4
811998,4
811999,3
812000,1
812001,4
812002,4
812003,4
812004,1
812005,4
812006,1
812007,4
812008,4
812009,4
812010,4
812011,4
812012,4
812013,4
812014,4
812015,4
812016,1
812017,4
812018,4
812019,4
812020,4
812021,4
812022,4
812023,4
812024,4
812025,4
812026,4
812027,4
812028,1
812029,4
812030,4
812031,1
812032,4
812033,4
812034,4
812035,4
812036,4
812037,3
812038,4
812039,4
812040,4
812041,4
812042,4
812043,4
812044,4
812045,4
812046,4
812047,1
812048,4
812049,1
812050,5
812051,4
812052,4
812053,4
812054,4
812055,5
812056,1
812057,4
812058,1
812059,4
812060,4
812061,4
812062,5
812063,4
812064,1
812065,4
812066,4
812067,1
812068,4
812069,4
812070,4
812071,4
812072,4
812073,5
812074,4
812075,4
812076,5
812077,4
812078,4
812079,4
812080,5
812081,4
812082,1
812083,4
812084,4
812085,4
812086,1
812087,4
812088,4
812089,4
812090,4
812091,4
812092,5
812093,4
812094,4
812095,5
812096,4
812097,4
812098,4
812099,5
812100,5
812101,4
812102,4
812103,1
812104,4
812105,4
812106,4
812107,4
812108,5
812109,4
812110,4
812111,4
812112,5
812113,5
812114,4
812115,4
812116,4
812117,4
812118,4
812119,1
812120,4
812121,4
812122,4
812123,4
812124,4
812125,4
812126,1
812127,5
812128,4
812129,4
812130,4
812131,4
812132,4
812133,4
812134,4
812135,5
812136,5
812137,4
812138,4
812139,1
812140,4
812141,4
812142,5
812143,4
812144,4
812145,4
812146,4
812147,4
812148,4
812149,5
812150,4
812151,4
812152,4
812153,4
812154,4
812155,1
812156,4
812157,4
812158,4
812159,5
812160,4
812161,4
812162,4
812163,4
812164,4
812165,4
812166,1
812167,5
812168,4
812169,1
812170,4
812171,5
812172,4
812173,4
812174,4
812175,5
812176,4
812177,4
812178,5
812179,4
812180,5
812181,4
812182,4
812183,4
812184,4
812185,4
812186,4
812187,4
812188,5
812189,4
812190,4
812191,3
812192,4
812193,4
812194,5
812195,1
812196,4
812197,4
812198,4
812199,4
812200,4
812201,4
812202,4
812203,4
812204,5
812205,4
812206,5
812207,4
812208,4
812209,4
812210,4
812211,4
812212,5
812213,5
812214,4
812215,4
812216,4
812217,1
812218,4
812219,4
812220,4
812221,4
812222,4
812223,4
812224,4
812225,4
812226,4
812227,1
812228,4
812229,4
812230,4
812231,4
812232,4
812233,4
812234,4
812235,4
812236,4
812237,4
812238,4
812239,1
812240,4
812241,4
812242,4
812243,4
812244,4
812245,4
812246,4
812247,1
812248,4
812249,4
812250,4
812251,4
812252,1
812253,1
812254,4
812255,4
812256,4
812257,4
812258,4
812259,4
812260,4
812261,4
812262,4
812263,4
812264,1
812265,4
812266,4
812267,4
812268,4
812269,1
812270,4
812271,4
812272,4
812273,4
812274,4
812275,1
812276,1
812277,4
812278,4
812279,4
812280,4
812281,4
812282,1
812283,1
812284,1
812285,4
812286,4
812287,4
812288,4
812289,4
812290,4
812291,4
812292,4
812293,4
812294,4
812295,4
812296,4
812297,4
812298,4
812299,1
812300,4
812301,4
812302,4
812303,1
812304,4
812305,4
812306,4
812307,4
812308,4
812309,4
812310,4
812311,4
812312,4
812313,4
812314,4
812315,4
812316,4
812317,4
812318,4
812319,4
812320,5
812321,4
812322,4
812323,4
812324,4
812325,4
812326,4
812327,4
812328,1
812329,4
812330,4
812331,4
812332,4
812333,1
812334,4
812335,4
812336,5
812337,4
812338,4
812339,4
812340,4
812341,4
812342,4
812343,4
812344,4
812345,4
812346,4
812347,4
812348,4
812349,4
812350,4
812351,4
812352,1
812353,4
812354,1
812355,4
812356,4
812357,4
812358,4
812359,4
812360,4
812361,4
812362,4
812363,4
812364,4
812365,4
812366,4
812367,4
812368,4
812369,4
812370,4
812371,4
812372,4
812373,4
812374,1
812375,4
812376,4
812377,4
812378,4
812379,4
812380,4
812381,5
812382,1
812383,4
812384,1
812385,5
812386,4
812387,4
812388,4
812389,4
812390,4
812391,5
812392,5
812393,1
812394,1
812395,1
812396,1
812397,4
812398,4
812399,4
812400,4
812401,4
812402,4
812403,4
812404,4
812405,4
812406,1
812407,4
812408,4
812409,4
812410,3
812411,4
812412,4
812413,4
812414,4
812415,4
812416,4
812417,4
812418,1
812419,4
812420,4
812421,4
812422,4
812423,4
812424,4
812425,4
812426,4
812427,4
812428,4
812429,4
812430,4
812431,4
812432,4
812433,4
812434,4
812435,4
812436,4
812437,4
812438,4
812439,4
812440,4
812441,1
812442,4
812443,4
812444,4
812445,4
812446,4
812447,4
812448,4
812449,4
812450,4
812451,1
812452,4
812453,4
812454,4
812455,4
812456,1
812457,4
812458,4
812459,4
812460,1
812461,4
812462,4
812463,4
812464,1
812465,4
812466,4
812467,4
812468,4
812469,4
812470,4
812471,4
812472,4
812473,1
812474,4
812475,4
812476,4
812477,4
812478,5
812479,4
812480,4
812481,4
812482,4
812483,1
812484,4
812485,4
812486,4
812487,4
812488,4
812489,4
812490,4
812491,4
812492,4
812493,4
812494,1
812495,1
812496,1
812497,4
812498,4
812499,1
812500,4
812501,4
812502,4
812503,4
812504,4
812505,4
812506,4
812507,1
812508,4
812509,4
812510,4
812511,4
812512,1
812513,4
812514,4
812515,1
812516,4
812517,4
812518,4
812519,4
812520,4
812521,4
812522,4
812523,4
812524,4
812525,5
812526,4
812527,4
812528,5
812529,4
812530,1
812531,4
812532,4
812533,5
812534,5
812535,1
812536,4
812537,4
812538,4
812539,4
812540,5
812541,5
812542,5
812543,4
812544,4
812545,4
812546,4
812547,5
812548,4
812549,4
812550,4
812551,5
812552,5
812553,5
812554,4
812555,5
812556,5
812557,4
812558,4
812559,4
812560,4
812561,4
812562,4
812563,5
812564,4
812565,4
812566,5
812567,4
812568,4
812569,4
812570,4
812571,5
812572,4
812573,4
812574,5
812575,5
812576,5
812577,4
812578,4
812579,4
812580,4
812581,4
812582,1
812583,4
812584,3
812585,4
812586,4
812587,3
812588,1
812589,4
812590,3
812591,1
812592,3
812593,1
812594,3
812595,3
812596,4
812597,4
812598,1
812599,4
812600,4
812601,4
812602,4
812603,4
812604,4
812605,3
812606,1
812607,4
812608,4
812609,3
812610,4
812611,4
812612,5
812613,4
812614,4
812615,4
812616,4
812617,4
812618,4
812619,1
812620,4
812621,4
812622,1
812623,1
812624,4
812625,4
812626,4
812627,3
812628,4
812629,4
812630,4
812631,4
812632,4
812633,4
812634,4
812635,4
812636,1
812637,4
812638,4
812639,1
812640,4
812641,4
812642,1
812643,4
812644,4
812645,1
812646,1
812647,1
812648,3
812649,4
812650,4
812651,1
812652,4
812653,4
812654,1
812655,4
812656,3
812657,4
812658,4
812659,4
812660,4
812661,1
812662,4
812663,4
812664,4
812665,4
812666,4
812667,1
812668,1
812669,4
812670,4
812671,4
812672,4
812673,4
812674,4
812675,4
812676,4
812677,1
812678,4
812679,4
812680,4
812681,4
812682,4
812683,4
812684,4
812685,4
812686,4
812687,1
812688,4
812689,4
812690,4
812691,4
812692,4
812693,4
812694,4
812695,4
812696,1
812697,4
812698,4
812699,4
812700,4
812701,4
812702,4
812703,4
812704,4
812705,4
812706,4
812707,4
812708,4
812709,4
812710,4
812711,4
812712,4
812713,4
812714,4
812715,4
812716,4
812717,4
812718,4
812719,4
812720,4
812721,1
812722,4
812723,4
812724,4
812725,4
812726,1
812727,1
812728,4
812729,4
812730,1
812731,4
812732,1
812733,4
812734,1
812735,4
812736,4
812737,4
812738,4
812739,4
812740,4
812741,4
812742,4
812743,4
812744,4
812745,4
812746,4
812747,4
812748,4
812749,5
812750,4
812751,5
812752,5
812753,5
812754,4
812755,4
812756,4
812757,5
812758,4
812759,4
812760,4
812761,4
812762,4
812763,4
812764,4
812765,4
812766,4
812767,5
812768,5
812769,5
812770,4
812771,5
812772,1
812773,5
812774,5
812775,5
812776,1
812777,4
812778,4
812779,4
812780,5
812781,5
812782,4
812783,4
812784,4
812785,4
812786,5
812787,4
812788,5
812789,4
812790,4
812791,4
812792,4
812793,4
812794,4
812795,4
812796,4
812797,4
812798,4
812799,4
812800,4
812801,4
812802,4
812803,4
812804,4
812805,4
812806,1
812807,4
812808,4
812809,4
812810,4
812811,4
812812,4
812813,4
812814,1
812815,1
812816,4
812817,5
812818,4
812819,4
812820,4
812821,5
812822,4
812823,4
812824,4
812825,4
812826,4
812827,4
812828,4
812829,5
812830,4
812831,5
812832,4
812833,4
812834,4
812835,4
812836,4
812837,4
812838,4
812839,4
812840,4
812841,5
812842,4
812843,4
812844,4
812845,4
812846,4
812847,5
812848,4
812849,4
812850,4
812851,4
812852,1
812853,1
812854,1
812855,4
812856,4
812857,4
812858,4
812859,4
812860,4
812861,4
812862,4
812863,4
812864,4
812865,1
812866,4
812867,5
812868,4
812869,4
812870,4
812871,4
812872,4
812873,5
812874,4
812875,4
812876,4
812877,1
812878,4
812879,4
812880,1
812881,4
812882,4
812883,4
812884,4
812885,4
812886,4
812887,4
812888,4
812889,4
812890,1
812891,4
812892,4
812893,4
812894,4
812895,1
812896,4
812897,4
812898,4
812899,5
812900,4
812901,4
812902,4
812903,4
812904,4
812905,4
812906,4
812907,4
812908,5
812909,4
812910,1
812911,1
812912,1
812913,4
812914,4
812915,4
812916,4
812917,4
812918,5
812919,4
812920,5
812921,5
812922,1
812923,4
812924,4
812925,5
812926,4
812927,5
812928,1
812929,4
812930,4
812931,5
812932,4
812933,4
812934,4
812935,4
812936,4
812937,1
812938,4
812939,4
812940,4
812941,1
812942,5
812943,4
812944,4
812945,4
812946,4
812947,4
812948,4
812949,5
812950,4
812951,4
812952,4
812953,4
812954,4
812955,4
812956,4
812957,4
812958,4
812959,4
812960,5
812961,4
812962,4
812963,4
812964,4
812965,4
812966,4
812967,5
812968,4
812969,5
812970,4
812971,4
812972,1
812973,4
812974,4
812975,4
812976,5
812977,5
812978,4
812979,4
812980,4
812981,4
812982,5
812983,4
812984,4
812985,4
812986,1
812987,4
812988,5
812989,5
812990,4
812991,4
812992,4
812993,1
812994,4
812995,4
812996,4
812997,4
812998,4
812999,4
813000,1
813001,1
813002,4
813003,1
813004,4
813005,4
813006,5
813007,4
813008,4
813009,4
813010,1
813011,4
813012,4
813013,4
813014,4
813015,4
813016,4
813017,4
813018,4
813019,5
813020,4
813021,5
813022,4
813023,5
813024,4
813025,5
813026,4
813027,4
813028,4
813029,4
813030,4
813031,5
813032,1
813033,4
813034,4
813035,5
813036,1
813037,4
813038,5
813039,4
813040,4
813041,4
813042,4
813043,5
813044,4
813045,4
813046,4
813047,4
813048,4
813049,1
813050,5
813051,1
813052,4
813053,4
813054,4
813055,4
813056,4
813057,1
813058,4
813059,4
813060,1
813061,4
813062,4
813063,1
813064,4
813065,1
813066,1
813067,5
813068,4
813069,4
813070,4
813071,4
813072,4
813073,4
813074,4
813075,4
813076,4
813077,4
813078,1
813079,4
813080,4
813081,4
813082,4
813083,4
813084,4
813085,4
813086,4
813087,4
813088,4
813089,4
813090,4
813091,4
813092,4
813093,5
813094,4
813095,4
813096,4
813097,4
813098,4
813099,4
813100,4
813101,4
813102,4
813103,4
813104,1
813105,4
813106,4
813107,4
813108,4
813109,4
813110,4
813111,4
813112,4
813113,4
813114,1
813115,4
813116,4
813117,4
813118,4
813119,4
813120,4
813121,4
813122,4
813123,4
813124,4
813125,4
813126,4
813127,4
813128,5
813129,4
813130,4
813131,4
813132,1
813133,4
813134,4
813135,4
813136,4
813137,4
813138,4
813139,4
813140,4
813141,4
813142,4
813143,4
813144,4
813145,4
813146,4
813147,4
813148,4
813149,4
813150,4
813151,4
813152,4
813153,4
813154,3
813155,4
813156,4
813157,1
813158,4
813159,4
813160,4
813161,4
813162,4
813163,4
813164,4
813165,4
813166,4
813167,4
813168,4
813169,1
813170,1
813171,4
813172,4
813173,4
813174,4
813175,4
813176,4
813177,4
813178,4
813179,1
813180,4
813181,4
813182,4
813183,4
813184,4
813185,4
813186,3
813187,4
813188,4
813189,4
813190,4
813191,4
813192,4
813193,1
813194,4
813195,4
813196,4
813197,4
813198,4
813199,1
813200,4
813201,1
813202,4
813203,4
813204,4
813205,1
813206,4
813207,4
813208,5
813209,4
813210,4
813211,4
813212,4
813213,4
813214,4
813215,4
813216,4
813217,4
813218,4
813219,4
813220,1
813221,4
813222,4
813223,4
813224,4
813225,4
813226,4
813227,4
813228,4
813229,4
813230,4
813231,4
813232,4
813233,3
813234,4
813235,4
813236,4
813237,4
813238,4
813239,4
813240,4
813241,4
813242,4
813243,1
813244,4
813245,4
813246,4
813247,4
813248,1
813249,4
813250,4
813251,4
813252,4
813253,4
813254,4
813255,4
813256,4
813257,4
813258,4
813259,4
813260,4
813261,4
813262,4
813263,4
813264,4
813265,4
813266,4
813267,4
813268,4
813269,4
813270,4
813271,4
813272,4
813273,1
813274,4
813275,4
813276,4
813277,1
813278,4
813279,4
813280,4
813281,4
813282,5
813283,1
813284,4
813285,5
813286,5
813287,1
813288,4
813289,4
813290,4
813291,4
813292,4
813293,4
813294,4
813295,4
813296,4
813297,4
813298,4
813299,4
813300,4
813301,4
813302,4
813303,4
813304,1
813305,4
813306,4
813307,4
813308,4
813309,4
813310,4
813311,4
813312,4
813313,4
813314,4
813315,4
813316,4
813317,4
813318,1
813319,4
813320,4
813321,4
813322,4
813323,4
813324,4
813325,4
813326,4
813327,1
813328,4
813329,4
813330,1
813331,4
813332,4
813333,4
813334,4
813335,4
813336,4
813337,4
813338,4
813339,5
813340,4
813341,4
813342,4
813343,1
813344,4
813345,1
813346,4
813347,4
813348,4
813349,3
813350,4
813351,4
813352,4
813353,4
813354,4
813355,4
813356,4
813357,4
813358,4
813359,4
813360,4
813361,4
813362,4
813363,4
813364,1
813365,4
813366,5
813367,5
813368,5
813369,4
813370,4
813371,5
813372,4
813373,4
813374,4
813375,4
813376,4
813377,4
813378,4
813379,4
813380,1
813381,4
813382,5
813383,4
813384,4
813385,4
813386,4
813387,4
813388,4
813389,4
813390,4
813391,4
813392,4
813393,4
813394,5
813395,4
813396,4
813397,4
813398,4
813399,4
813400,4
813401,4
813402,4
813403,4
813404,4
813405,4
813406,4
813407,1
813408,4
813409,4
813410,4
813411,4
813412,4
813413,1
813414,4
813415,4
813416,1
813417,4
813418,4
813419,4
813420,4
813421,5
813422,4
813423,4
813424,4
813425,4
813426,4
813427,4
813428,4
813429,4
813430,4
813431,4
813432,4
813433,4
813434,4
813435,4
813436,5
813437,4
813438,1
813439,4
813440,4
813441,4
813442,5
813443,4
813444,4
813445,5
813446,4
813447,4
813448,4
813449,5
813450,4
813451,5
813452,4
813453,4
813454,1
813455,4
813456,4
813457,4
813458,1
813459,1
813460,4
813461,4
813462,4
813463,5
813464,4
813465,4
813466,4
813467,4
813468,4
813469,4
813470,4
813471,4
813472,5
813473,4
813474,4
813475,4
813476,5
813477,4
813478,4
813479,5
813480,4
813481,4
813482,1
813483,5
813484,4
813485,4
813486,4
813487,4
813488,4
813489,4
813490,4
813491,5
813492,4
813493,1
813494,4
813495,4
813496,4
813497,4
813498,4
813499,4
813500,4
813501,4
813502,4
813503,4
813504,4
813505,1
813506,4
813507,4
813508,4
813509,3
813510,4
813511,1
813512,4
813513,4
813514,4
813515,4
813516,4
813517,4
813518,4
813519,4
813520,4
813521,4
813522,4
813523,4
813524,4
813525,4
813526,1
813527,1
813528,4
813529,4
813530,4
813531,4
813532,4
813533,4
813534,4
813535,4
813536,4
813537,1
813538,4
813539,4
813540,4
813541,4
813542,4
813543,4
813544,4
813545,4
813546,4
813547,4
813548,4
813549,4
813550,4
813551,4
813552,4
813553,4
813554,4
813555,4
813556,3
813557,4
813558,1
813559,4
813560,4
813561,4
813562,4
813563,4
813564,4
813565,4
813566,4
813567,4
813568,4
813569,4
813570,4
813571,5
813572,4
813573,4
813574,4
813575,4
813576,4
813577,4
813578,4
813579,1
813580,4
813581,4
813582,4
813583,4
813584,1
813585,4
813586,4
813587,4
813588,4
813589,4
813590,4
813591,4
813592,4
813593,4
813594,1
813595,4
813596,4
813597,1
813598,1
813599,4
813600,4
813601,5
813602,4
813603,1
813604,4
813605,4
813606,4
813607,4
813608,4
813609,4
813610,4
813611,4
813612,4
813613,3
813614,4
813615,4
813616,1
813617,4
813618,4
813619,4
813620,4
813621,4
813622,4
813623,4
813624,4
813625,4
813626,4
813627,1
813628,4
813629,1
813630,1
813631,4
813632,1
813633,4
813634,4
813635,4
813636,4
813637,4
813638,4
813639,4
813640,1
813641,4
813642,4
813643,1
813644,4
813645,1
813646,4
813647,4
813648,4
813649,1
813650,4
813651,4
813652,4
813653,4
813654,4
813655,4
813656,4
813657,4
813658,4
813659,4
813660,4
813661,4
813662,4
813663,4
813664,4
813665,4
813666,4
813667,4
813668,4
813669,4
813670,4
813671,4
813672,4
813673,4
813674,4
813675,4
813676,4
813677,1
813678,5
813679,4
813680,4
813681,1
813682,4
813683,4
813684,4
813685,4
813686,5
813687,4
813688,4
813689,4
813690,4
813691,4
813692,4
813693,4
813694,4
813695,4
813696,4
813697,4
813698,4
813699,1
813700,5
813701,4
813702,4
813703,4
813704,4
813705,4
813706,4
813707,4
813708,5
813709,4
813710,4
813711,4
813712,4
813713,4
813714,4
813715,4
813716,4
813717,4
813718,5
813719,4
813720,4
813721,4
813722,4
813723,4
813724,4
813725,4
813726,5
813727,4
813728,4
813729,4
813730,4
813731,4
813732,4
813733,4
813734,4
813735,4
813736,4
813737,4
813738,4
813739,4
813740,4
813741,1
813742,4
813743,4
813744,4
813745,4
813746,4
813747,1
813748,4
813749,4
813750,4
813751,1
813752,4
813753,4
813754,4
813755,4
813756,4
813757,4
813758,4
813759,1
813760,4
813761,4
813762,4
813763,4
813764,4
813765,4
813766,4
813767,4
813768,4
813769,4
813770,4
813771,4
813772,4
813773,1
813774,4
813775,4
813776,4
813777,3
813778,4
813779,4
813780,4
813781,1
813782,4
813783,4
813784,1
813785,4
813786,1
813787,4
813788,1
813789,4
813790,4
813791,4
813792,4
813793,4
813794,4
813795,4
813796,1
813797,4
813798,4
813799,4
813800,4
813801,4
813802,4
813803,4
813804,4
813805,4
813806,5
813807,4
813808,4
813809,4
813810,4
813811,4
813812,4
813813,1
813814,4
813815,4
813816,4
813817,4
813818,4
813819,4
813820,4
813821,4
813822,4
813823,4
813824,4
813825,4
813826,4
813827,4
813828,4
813829,4
813830,4
813831,4
813832,4
813833,4
813834,1
813835,4
813836,4
813837,4
813838,1
813839,4
813840,1
813841,1
813842,4
813843,4
813844,4
813845,4
813846,4
813847,1
813848,4
813849,4
813850,4
813851,4
813852,4
813853,4
813854,4
813855,4
813856,4
813857,4
813858,4
813859,4
813860,4
813861,1
813862,4
813863,4
813864,4
813865,5
813866,4
813867,4
813868,4
813869,4
813870,4
813871,1
813872,4
813873,4
813874,4
813875,4
813876,4
813877,4
813878,4
813879,4
813880,4
813881,4
813882,4
813883,4
813884,4
813885,4
813886,1
813887,4
813888,4
813889,4
813890,4
813891,4
813892,4
813893,4
813894,4
813895,4
813896,4
813897,4
813898,4
813899,5
813900,4
813901,1
813902,3
813903,3
813904,4
813905,4
813906,4
813907,4
813908,4
813909,4
813910,4
813911,4
813912,4
813913,4
813914,3
813915,5
813916,4
813917,4
813918,3
813919,1
813920,4
813921,4
813922,4
813923,5
813924,4
813925,4
813926,5
813927,4
813928,4
813929,3
813930,5
813931,5
813932,4
813933,4
813934,3
813935,4
813936,4
813937,4
813938,4
813939,4
813940,4
813941,4
813942,5
813943,5
813944,5
813945,1
813946,1
813947,5
813948,4
813949,4
813950,4
813951,5
813952,5
813953,4
813954,4
813955,1
813956,5
813957,4
813958,1
813959,4
813960,1
813961,4
813962,4
813963,4
813964,4
813965,1
813966,4
813967,1
813968,4
813969,4
813970,4
813971,5
813972,1
813973,4
813974,4
813975,4
813976,4
813977,4
813978,1
813979,4
813980,4
813981,1
813982,4
813983,4
813984,4
813985,4
813986,4
813987,4
813988,4
813989,4
813990,5
813991,4
813992,4
813993,4
813994,4
813995,4
813996,4
813997,4
813998,5
813999,4
814000,4
814001,4
814002,4
814003,4
814004,4
814005,4
814006,4
814007,4
814008,4
814009,1
814010,4
814011,4
814012,4
814013,4
814014,4
814015,1
814016,4
814017,4
814018,1
814019,4
814020,4
814021,4
814022,4
814023,4
814024,4
814025,4
814026,4
814027,4
814028,4
814029,4
814030,4
814031,4
814032,4
814033,4
814034,4
814035,4
814036,4
814037,4
814038,4
814039,4
814040,4
814041,5
814042,4
814043,4
814044,4
814045,4
814046,4
814047,4
814048,4
814049,4
814050,1
814051,4
814052,4
814053,4
814054,4
814055,4
814056,4
814057,4
814058,4
814059,4
814060,1
814061,4
814062,4
814063,5
814064,4
814065,4
814066,4
814067,4
814068,4
814069,4
814070,4
814071,4
814072,1
814073,1
814074,4
814075,3
814076,3
814077,3
814078,1
814079,4
814080,1
814081,4
814082,4
814083,4
814084,4
814085,4
814086,1
814087,4
814088,4
814089,4
814090,4
814091,4
814092,4
814093,4
814094,4
814095,4
814096,4
814097,4
814098,4
814099,4
814100,4
814101,4
814102,4
814103,4
814104,4
814105,4
814106,4
814107,4
814108,4
814109,4
814110,4
814111,5
814112,4
814113,4
814114,4
814115,4
814116,4
814117,1
814118,4
814119,4
814120,1
814121,4
814122,4
814123,4
814124,4
814125,4
814126,4
814127,4
814128,1
814129,4
814130,4
814131,4
814132,4
814133,4
814134,4
814135,4
814136,1
814137,4
814138,4
814139,4
814140,4
814141,4
814142,4
814143,1
814144,4
814145,4
814146,4
814147,4
814148,4
814149,1
814150,1
814151,4
814152,4
814153,1
814154,4
814155,4
814156,1
814157,4
814158,4
814159,4
814160,4
814161,4
814162,4
814163,4
814164,1
814165,4
814166,4
814167,4
814168,4
814169,4
814170,4
814171,4
814172,4
814173,4
814174,4
814175,4
814176,1
814177,4
814178,1
814179,3
814180,1
814181,4
814182,4
814183,4
814184,4
814185,4
814186,4
814187,4
814188,4
814189,4
814190,4
814191,4
814192,4
814193,4
814194,4
814195,1
814196,1
814197,4
814198,5
814199,4
814200,1
814201,4
814202,1
814203,4
814204,4
814205,4
814206,4
814207,4
814208,4
814209,4
814210,4
814211,4
814212,4
814213,4
814214,4
814215,4
814216,4
814217,4
814218,4
814219,4
814220,4
814221,4
814222,4
814223,4
814224,4
814225,4
814226,4
814227,4
814228,4
814229,4
814230,4
814231,4
814232,4
814233,4
814234,4
814235,4
814236,4
814237,4
814238,1
814239,4
814240,4
814241,1
814242,4
814243,4
814244,4
814245,4
814246,4
814247,4
814248,4
814249,1
814250,1
814251,4
814252,4
814253,4
814254,4
814255,4
814256,4
814257,4
814258,4
814259,4
814260,4
814261,1
814262,4
814263,4
814264,4
814265,4
814266,4
814267,4
814268,4
814269,4
814270,4
814271,5
814272,4
814273,1
814274,4
814275,4
814276,4
814277,4
814278,4
814279,5
814280,4
814281,4
814282,4
814283,4
814284,4
814285,4
814286,4
814287,4
814288,4
814289,4
814290,4
814291,4
814292,4
814293,4
814294,4
814295,4
814296,4
814297,4
814298,4
814299,4
814300,4
814301,4
814302,4
814303,4
814304,4
814305,4
814306,5
814307,4
814308,4
814309,4
814310,4
814311,4
814312,1
814313,4
814314,5
814315,1
814316,4
814317,4
814318,4
814319,4
814320,4
814321,1
814322,1
814323,4
814324,4
814325,4
814326,4
814327,4
814328,4
814329,4
814330,4
814331,4
814332,4
814333,4
814334,4
814335,1
814336,4
814337,1
814338,4
814339,4
814340,4
814341,4
814342,4
814343,4
814344,4
814345,4
814346,4
814347,4
814348,4
814349,4
814350,1
814351,4
814352,4
814353,4
814354,1
814355,4
814356,4
814357,4
814358,4
814359,4
814360,4
814361,4
814362,4
814363,4
814364,5
814365,4
814366,5
814367,4
814368,4
814369,4
814370,4
814371,4
814372,4
814373,4
814374,4
814375,5
814376,4
814377,4
814378,4
814379,4
814380,5
814381,1
814382,4
814383,5
814384,4
814385,4
814386,4
814387,5
814388,1
814389,4
814390,4
814391,4
814392,4
814393,4
814394,4
814395,4
814396,1
814397,4
814398,4
814399,4
814400,4
814401,4
814402,4
814403,4
814404,4
814405,4
814406,4
814407,4
814408,4
814409,4
814410,4
814411,4
814412,4
814413,4
814414,1
814415,1
814416,1
814417,1
814418,4
814419,4
814420,4
814421,5
814422,4
814423,4
814424,4
814425,4
814426,4
814427,4
814428,4
814429,4
814430,4
814431,4
814432,4
814433,4
814434,4
814435,4
814436,4
814437,4
814438,4
814439,4
814440,4
814441,4
814442,4
814443,4
814444,4
814445,5
814446,1
814447,1
814448,4
814449,4
814450,4
814451,4
814452,4
814453,4
814454,4
814455,4
814456,4
814457,4
814458,4
814459,4
814460,4
814461,4
814462,4
814463,4
814464,4
814465,1
814466,4
814467,4
814468,4
814469,5
814470,4
814471,4
814472,4
814473,4
814474,4
814475,4
814476,4
814477,5
814478,4
814479,4
814480,4
814481,4
814482,4
814483,4
814484,4
814485,4
814486,4
814487,4
814488,5
814489,4
814490,4
814491,4
814492,4
814493,4
814494,4
814495,4
814496,4
814497,1
814498,4
814499,1
814500,4
814501,4
814502,4
814503,4
814504,4
814505,4
814506,4
814507,5
814508,4
814509,4
814510,4
814511,5
814512,4
814513,4
814514,5
814515,4
814516,4
814517,4
814518,4
814519,4
814520,5
814521,1
814522,4
814523,4
814524,1
814525,4
814526,4
814527,4
814528,4
814529,4
814530,4
814531,4
814532,4
814533,4
814534,4
814535,5
814536,4
814537,1
814538,4
814539,4
814540,4
814541,4
814542,4
814543,4
814544,4
814545,4
814546,4
814547,4
814548,1
814549,4
814550,4
814551,4
814552,5
