850553,4
850554,4
850555,4
850556,1
850557,4
850558,4
850559,5
850560,4
850561,4
850562,5
850563,4
850564,4
850565,4
850566,1
850567,4
850568,4
850569,4
850570,5
850571,4
850572,4
850573,4
850574,4
850575,4
850576,4
850577,1
850578,4
850579,4
850580,4
850581,1
850582,1
850583,4
850584,4
850585,4
850586,4
850587,4
850588,4
850589,4
850590,4
850591,4
850592,4
850593,4
850594,4
850595,4
850596,4
850597,4
850598,4
850599,4
850600,4
850601,4
850602,4
850603,4
850604,4
850605,4
850606,4
850607,4
850608,4
850609,1
850610,4
850611,4
850612,4
850613,4
850614,4
850615,1
850616,4
850617,4
850618,4
850619,1
850620,4
850621,4
850622,4
850623,4
850624,1
850625,4
850626,4
850627,1
850628,4
850629,4
850630,4
850631,3
850632,3
850633,3
850634,3
850635,1
850636,4
850637,4
850638,3
850639,3
850640,4
850641,3
850642,1
850643,4
850644,4
850645,4
850646,3
850647,4
850648,4
850649,4
850650,1
850651,4
850652,4
850653,1
850654,4
850655,4
850656,1
850657,4
850658,4
850659,4
850660,4
850661,4
850662,4
850663,4
850664,4
850665,4
850666,4
850667,5
850668,4
850669,4
850670,5
850671,4
850672,4
850673,4
850674,4
850675,4
850676,4
850677,4
850678,4
850679,3
850680,4
850681,1
850682,4
850683,4
850684,5
850685,5
850686,4
850687,4
850688,4
850689,3
850690,1
850691,4
850692,3
850693,1
850694,4
850695,1
850696,4
850697,5
850698,4
850699,4
850700,4
850701,1
850702,4
850703,5
850704,4
850705,4
850706,4
850707,4
850708,4
850709,4
850710,4
850711,4
850712,4
850713,4
850714,4
850715,4
850716,5
850717,4
850718,4
850719,1
850720,4
850721,5
850722,1
850723,4
850724,4
850725,4
850726,4
850727,4
850728,4
850729,4
850730,4
850731,1
850732,4
850733,4
850734,4
850735,4
850736,1
850737,1
850738,4
850739,4
850740,4
850741,4
850742,5
850743,4
850744,4
850745,4
850746,5
850747,1
850748,5
850749,4
850750,4
850751,4
850752,4
850753,4
850754,5
850755,1
850756,4
850757,5
850758,4
850759,4
850760,1
850761,4
850762,1
850763,5
850764,4
850765,4
850766,4
850767,4
850768,4
850769,5
850770,4
850771,4
850772,1
850773,4
850774,4
850775,4
850776,4
850777,4
850778,4
850779,4
850780,4
850781,4
850782,4
850783,4
850784,4
850785,4
850786,4
850787,4
850788,4
850789,4
850790,4
850791,4
850792,4
850793,4
850794,4
850795,1
850796,4
850797,4
850798,4
850799,4
850800,5
850801,4
850802,4
850803,4
850804,4
850805,4
850806,1
850807,4
850808,4
850809,4
850810,4
850811,4
850812,4
850813,3
850814,4
850815,4
850816,1
850817,4
850818,4
850819,4
850820,4
850821,4
850822,4
850823,4
850824,4
850825,4
850826,4
850827,5
850828,4
850829,4
850830,4
850831,1
850832,4
850833,4
850834,4
850835,4
850836,1
850837,4
850838,4
850839,5
850840,4
850841,4
850842,4
850843,4
850844,4
850845,4
850846,4
850847,4
850848,4
850849,4
850850,1
850851,4
850852,4
850853,1
850854,5
850855,5
850856,4
850857,4
850858,4
850859,4
850860,4
850861,4
850862,5
850863,4
850864,4
850865,1
850866,4
850867,4
850868,4
850869,4
850870,4
850871,1
850872,4
850873,4
850874,4
850875,4
850876,1
850877,4
850878,4
850879,4
850880,4
850881,1
850882,1
850883,5
850884,5
850885,1
850886,4
850887,4
850888,1
850889,4
850890,4
850891,4
850892,4
850893,4
850894,5
850895,4
850896,1
850897,4
850898,4
850899,1
850900,4
850901,4
850902,4
850903,4
850904,4
850905,4
850906,1
850907,4
850908,5
850909,4
850910,1
850911,4
850912,4
850913,4
850914,4
850915,4
850916,4
850917,4
850918,4
850919,4
850920,4
850921,4
850922,4
850923,4
850924,4
850925,4
850926,4
850927,4
850928,4
850929,4
850930,4
850931,4
850932,4
850933,4
850934,1
850935,5
850936,4
850937,4
850938,3
850939,4
850940,4
850941,1
850942,4
850943,4
850944,4
850945,4
850946,4
850947,4
850948,4
850949,4
850950,4
850951,4
850952,4
850953,4
850954,4
850955,4
850956,4
850957,4
850958,4
850959,4
850960,4
850961,4
850962,1
850963,4
850964,4
850965,4
850966,5
850967,4
850968,4
850969,5
850970,4
850971,4
850972,4
850973,1
850974,5
850975,4
850976,5
850977,1
850978,4
850979,4
850980,4
850981,5
850982,4
850983,4
850984,4
850985,5
850986,4
850987,4
850988,4
850989,4
850990,4
850991,4
850992,4
850993,4
850994,4
850995,5
850996,1
850997,4
850998,4
850999,4
851000,4
851001,4
851002,4
851003,4
851004,4
851005,1
851006,4
851007,4
851008,4
851009,4
851010,4
851011,4
851012,4
851013,4
851014,4
851015,4
851016,4
851017,4
851018,4
851019,4
851020,3
851021,4
851022,4
851023,4
851024,1
851025,4
851026,4
851027,4
851028,4
851029,4
851030,4
851031,4
851032,4
851033,4
851034,4
851035,5
851036,4
851037,4
851038,5
851039,4
851040,4
851041,4
851042,4
851043,4
851044,4
851045,4
851046,4
851047,4
851048,4
851049,4
851050,4
851051,4
851052,5
851053,4
851054,4
851055,1
851056,5
851057,4
851058,1
851059,4
851060,4
851061,4
851062,5
851063,4
851064,4
851065,4
851066,4
851067,4
851068,4
851069,4
851070,4
851071,5
851072,5
851073,1
851074,4
851075,4
851076,4
851077,1
851078,1
851079,4
851080,1
851081,4
851082,4
851083,4
851084,4
851085,4
851086,4
851087,5
851088,4
851089,4
851090,4
851091,4
851092,4
851093,4
851094,4
851095,1
851096,4
851097,5
851098,4
851099,4
851100,4
851101,4
851102,4
851103,4
851104,4
851105,4
851106,4
851107,4
851108,4
851109,4
851110,4
851111,1
851112,4
851113,4
851114,4
851115,4
851116,4
851117,4
851118,4
851119,4
851120,4
851121,4
851122,4
851123,4
851124,4
851125,4
851126,4
851127,4
851128,4
851129,4
851130,4
851131,4
851132,4
851133,4
851134,4
851135,4
851136,4
851137,4
851138,4
851139,1
851140,4
851141,1
851142,4
851143,4
851144,4
851145,4
851146,4
851147,4
851148,4
851149,1
851150,4
851151,3
851152,4
851153,4
851154,4
851155,4
851156,4
851157,4
851158,4
851159,4
851160,4
851161,4
851162,4
851163,4
851164,4
851165,4
851166,4
851167,4
851168,4
851169,4
851170,5
851171,1
851172,1
851173,4
851174,4
851175,5
851176,1
851177,4
851178,4
851179,1
851180,5
851181,4
851182,4
851183,4
851184,4
851185,5
851186,1
851187,4
851188,4
851189,4
851190,4
851191,4
851192,5
851193,4
851194,4
851195,4
851196,5
851197,1
851198,4
851199,4
851200,4
851201,4
851202,4
851203,4
851204,4
851205,4
851206,4
851207,4
851208,4
851209,4
851210,1
851211,1
851212,5
851213,4
851214,4
851215,4
851216,4
851217,4
851218,4
851219,4
851220,4
851221,4
851222,1
851223,4
851224,4
851225,4
851226,5
851227,4
851228,4
851229,1
851230,1
851231,4
851232,4
851233,4
851234,4
851235,4
851236,4
851237,4
851238,4
851239,4
851240,4
851241,4
851242,4
851243,4
851244,1
851245,4
851246,1
851247,1
851248,4
851249,4
851250,4
851251,4
851252,4
851253,5
851254,1
851255,5
851256,4
851257,5
851258,4
851259,5
851260,4
851261,1
851262,5
851263,1
851264,1
851265,4
851266,4
851267,4
851268,4
851269,4
851270,1
851271,4
851272,4
851273,1
851274,4
851275,4
851276,4
851277,4
851278,4
851279,4
851280,4
851281,4
851282,4
851283,4
851284,4
851285,4
851286,1
851287,4
851288,4
851289,1
851290,1
851291,1
851292,4
851293,4
851294,4
851295,4
851296,4
851297,4
851298,1
851299,1
851300,5
851301,4
851302,1
851303,4
851304,4
851305,5
851306,4
851307,1
851308,1
851309,4
851310,4
851311,4
851312,4
851313,4
851314,4
851315,4
851316,4
851317,1
851318,4
851319,4
851320,4
851321,4
851322,4
851323,4
851324,4
851325,4
851326,4
851327,4
851328,4
851329,4
851330,4
851331,4
851332,4
851333,4
851334,4
851335,4
851336,4
851337,4
851338,4
851339,4
851340,4
851341,4
851342,4
851343,4
851344,1
851345,4
851346,4
851347,4
851348,1
851349,4
851350,4
851351,4
851352,4
851353,4
851354,4
851355,4
851356,4
851357,4
851358,4
851359,4
851360,4
851361,4
851362,4
851363,4
851364,4
851365,4
851366,4
851367,4
851368,1
851369,4
851370,1
851371,4
851372,4
851373,4
851374,4
851375,4
851376,4
851377,4
851378,5
851379,4
851380,4
851381,4
851382,4
851383,4
851384,5
851385,4
851386,4
851387,4
851388,4
851389,4
851390,4
851391,4
851392,4
851393,4
851394,4
851395,3
851396,4
851397,4
851398,3
851399,4
851400,4
851401,4
851402,4
851403,1
851404,4
851405,4
851406,1
851407,1
851408,4
851409,1
851410,5
851411,4
851412,4
851413,4
851414,4
851415,5
851416,4
851417,4
851418,4
851419,4
851420,4
851421,3
851422,1
851423,4
851424,4
851425,4
851426,4
851427,4
851428,4
851429,4
851430,4
851431,4
851432,3
851433,4
851434,4
851435,4
851436,1
851437,4
851438,1
851439,4
851440,3
851441,4
851442,4
851443,4
851444,4
851445,1
851446,4
851447,3
851448,3
851449,4
851450,4
851451,1
851452,5
851453,4
851454,4
851455,4
851456,3
851457,4
851458,3
851459,4
851460,4
851461,4
851462,4
851463,4
851464,4
851465,4
851466,4
851467,4
851468,3
851469,4
851470,4
851471,1
851472,4
851473,4
851474,3
851475,4
851476,4
851477,4
851478,4
851479,4
851480,1
851481,3
851482,4
851483,4
851484,1
851485,1
851486,1
851487,4
851488,4
851489,1
851490,4
851491,4
851492,4
851493,4
851494,4
851495,4
851496,4
851497,4
851498,4
851499,4
851500,4
851501,4
851502,4
851503,4
851504,4
851505,4
851506,4
851507,4
851508,1
851509,4
851510,1
851511,4
851512,4
851513,4
851514,4
851515,4
851516,4
851517,3
851518,4
851519,4
851520,3
851521,4
851522,4
851523,4
851524,4
851525,3
851526,3
851527,3
851528,4
851529,4
851530,4
851531,4
851532,5
851533,4
851534,4
851535,4
851536,4
851537,4
851538,3
851539,4
851540,3
851541,1
851542,1
851543,4
851544,4
851545,4
851546,3
851547,3
851548,3
851549,5
851550,4
851551,4
851552,3
851553,4
851554,3
851555,3
851556,1
851557,4
851558,4
851559,5
851560,4
851561,4
851562,1
851563,1
851564,4
851565,4
851566,3
851567,4
851568,4
851569,4
851570,5
851571,3
851572,4
851573,4
851574,1
851575,1
851576,4
851577,4
851578,1
851579,3
851580,4
851581,1
851582,4
851583,3
851584,4
851585,4
851586,4
851587,4
851588,4
851589,4
851590,4
851591,4
851592,5
851593,4
851594,4
851595,4
851596,1
851597,4
851598,4
851599,4
851600,4
851601,4
851602,1
851603,5
851604,4
851605,4
851606,4
851607,5
851608,1
851609,4
851610,4
851611,1
851612,4
851613,4
851614,1
851615,4
851616,4
851617,4
851618,4
851619,4
851620,4
851621,4
851622,4
851623,1
851624,4
851625,4
851626,4
851627,4
851628,4
851629,1
851630,4
851631,4
851632,4
851633,4
851634,4
851635,4
851636,4
851637,4
851638,1
851639,4
851640,4
851641,4
851642,4
851643,4
851644,4
851645,4
851646,4
851647,4
851648,4
851649,4
851650,4
851651,4
851652,4
851653,4
851654,4
851655,4
851656,1
851657,4
851658,4
851659,1
851660,4
851661,4
851662,4
851663,4
851664,1
851665,4
851666,4
851667,4
851668,4
851669,1
851670,4
851671,4
851672,4
851673,4
851674,4
851675,4
851676,4
851677,1
851678,5
851679,4
851680,4
851681,4
851682,4
851683,4
851684,1
851685,4
851686,4
851687,4
851688,4
851689,4
851690,4
851691,4
851692,4
851693,1
851694,4
851695,4
851696,1
851697,4
851698,1
851699,4
851700,4
851701,4
851702,4
851703,4
851704,4
851705,4
851706,4
851707,4
851708,4
851709,4
851710,4
851711,4
851712,4
851713,4
851714,4
851715,4
851716,4
851717,4
851718,4
851719,4
851720,4
851721,4
851722,4
851723,4
851724,4
851725,4
851726,1
851727,5
851728,4
851729,4
851730,4
851731,5
851732,4
851733,4
851734,4
851735,4
851736,4
851737,4
851738,4
851739,1
851740,4
851741,4
851742,4
851743,5
851744,4
851745,4
851746,4
851747,5
851748,1
851749,4
851750,4
851751,4
851752,4
851753,4
851754,4
851755,4
851756,4
851757,4
851758,4
851759,4
851760,4
851761,4
851762,4
851763,4
851764,4
851765,4
851766,4
851767,4
851768,4
851769,4
851770,4
851771,4
851772,4
851773,4
851774,4
851775,4
851776,4
851777,4
851778,4
851779,4
851780,4
851781,4
851782,1
851783,4
851784,4
851785,4
851786,4
851787,4
851788,1
851789,1
851790,4
851791,4
851792,1
851793,4
851794,4
851795,1
851796,4
851797,4
851798,4
851799,4
851800,4
851801,4
851802,1
851803,4
851804,4
851805,4
851806,4
851807,4
851808,4
851809,4
851810,4
851811,4
851812,4
851813,4
851814,4
851815,4
851816,4
851817,4
851818,4
851819,4
851820,4
851821,4
851822,4
851823,4
851824,4
851825,4
851826,4
851827,4
851828,4
851829,4
851830,4
851831,4
851832,4
851833,4
851834,4
851835,4
851836,4
851837,1
851838,1
851839,5
851840,4
851841,4
851842,4
851843,4
851844,4
851845,4
851846,4
851847,4
851848,4
851849,4
851850,4
851851,4
851852,5
851853,1
851854,4
851855,4
851856,4
851857,4
851858,4
851859,4
851860,4
851861,4
851862,4
851863,4
851864,4
851865,4
851866,4
851867,1
851868,1
851869,1
851870,4
851871,4
851872,1
851873,3
851874,3
851875,1
851876,3
851877,3
851878,3
851879,1
851880,3
851881,4
851882,5
851883,1
851884,4
851885,4
851886,4
851887,5
851888,1
851889,4
851890,4
851891,4
851892,4
851893,5
851894,4
851895,4
851896,4
851897,4
851898,4
851899,4
851900,4
851901,4
851902,1
851903,4
851904,4
851905,4
851906,4
851907,4
851908,1
851909,5
851910,4
851911,4
851912,4
851913,5
851914,5
851915,5
851916,4
851917,4
851918,4
851919,5
851920,4
851921,4
851922,4
851923,4
851924,4
851925,4
851926,4
851927,4
851928,5
851929,4
851930,4
851931,4
851932,1
851933,5
851934,4
851935,4
851936,4
851937,4
851938,4
851939,4
851940,4
851941,4
851942,4
851943,4
851944,5
851945,4
851946,4
851947,4
851948,4
851949,4
851950,4
851951,4
851952,4
851953,1
851954,4
851955,4
851956,4
851957,4
851958,5
851959,4
851960,4
851961,4
851962,5
851963,4
851964,4
851965,5
851966,1
851967,5
851968,4
851969,4
851970,5
851971,4
851972,4
851973,4
851974,4
851975,4
851976,4
851977,4
851978,4
851979,5
851980,5
851981,5
851982,4
851983,4
851984,4
851985,4
851986,4
851987,4
851988,4
851989,1
851990,4
851991,1
851992,4
851993,4
851994,4
851995,4
851996,4
851997,4
851998,4
851999,4
852000,4
852001,4
852002,4
852003,4
852004,4
852005,3
852006,4
852007,1
852008,4
852009,4
852010,4
852011,4
852012,4
852013,1
852014,4
852015,4
852016,4
852017,4
852018,4
852019,4
852020,4
852021,4
852022,4
852023,4
852024,4
852025,1
852026,4
852027,4
852028,4
852029,1
852030,4
852031,4
852032,4
852033,4
852034,1
852035,4
852036,1
852037,4
852038,4
852039,4
852040,4
852041,1
852042,4
852043,4
852044,4
852045,4
852046,4
852047,4
852048,4
852049,1
852050,4
852051,4
852052,4
852053,4
852054,1
852055,4
852056,4
852057,5
852058,5
852059,4
852060,5
852061,5
852062,4
852063,4
852064,4
852065,1
852066,4
852067,4
852068,4
852069,5
852070,4
852071,4
852072,4
852073,4
852074,4
852075,4
852076,5
852077,1
852078,4
852079,4
852080,5
852081,4
852082,4
852083,4
852084,4
852085,5
852086,4
852087,4
852088,4
852089,4
852090,5
852091,4
852092,4
852093,1
852094,5
852095,4
852096,5
852097,5
852098,4
852099,4
852100,4
852101,4
852102,4
852103,5
852104,5
852105,5
852106,4
852107,4
852108,4
852109,4
852110,4
852111,4
852112,4
852113,4
852114,1
852115,4
852116,4
852117,4
852118,1
852119,4
852120,4
852121,1
852122,4
852123,4
852124,4
852125,4
852126,4
852127,4
852128,4
852129,4
852130,4
852131,4
852132,4
852133,4
852134,4
852135,4
852136,4
852137,4
852138,4
852139,4
852140,4
852141,4
852142,4
852143,4
852144,4
852145,4
852146,1
852147,4
852148,4
852149,1
852150,4
852151,4
852152,4
852153,4
852154,4
852155,4
852156,4
852157,4
852158,1
852159,4
852160,4
852161,4
852162,4
852163,4
852164,1
852165,4
852166,4
852167,4
852168,4
852169,4
852170,1
852171,4
852172,4
852173,4
852174,4
852175,4
852176,4
852177,1
852178,4
852179,4
852180,4
852181,4
852182,4
852183,4
852184,4
852185,1
852186,4
852187,4
852188,4
852189,4
852190,4
852191,4
852192,4
852193,1
852194,1
852195,4
852196,4
852197,4
852198,4
852199,4
852200,4
852201,1
852202,4
852203,4
852204,4
852205,4
852206,4
852207,4
852208,1
852209,5
852210,4
852211,4
852212,4
852213,4
852214,4
852215,4
852216,4
852217,4
852218,4
852219,4
852220,4
852221,4
852222,1
852223,4
852224,4
852225,1
852226,4
852227,4
852228,3
852229,4
852230,4
852231,4
852232,4
852233,4
852234,4
852235,4
852236,4
852237,4
852238,4
852239,4
852240,5
852241,4
852242,1
852243,4
852244,4
852245,4
852246,4
852247,1
852248,4
852249,4
852250,4
852251,4
852252,5
852253,4
852254,4
852255,4
852256,4
852257,1
852258,4
852259,4
852260,4
852261,4
852262,4
852263,4
852264,4
852265,4
852266,1
852267,4
852268,4
852269,1
852270,4
852271,4
852272,4
852273,4
852274,4
852275,4
852276,4
852277,4
852278,4
852279,4
852280,4
852281,4
852282,4
852283,4
852284,4
852285,4
852286,4
852287,4
852288,4
852289,3
852290,4
852291,1
852292,4
852293,4
852294,4
852295,4
852296,4
852297,4
852298,4
852299,5
852300,4
852301,4
852302,4
852303,4
852304,1
852305,5
852306,4
852307,4
852308,4
852309,4
852310,4
852311,4
852312,4
852313,4
852314,4
852315,1
852316,1
852317,4
852318,4
852319,4
852320,4
852321,1
852322,4
852323,1
852324,4
852325,5
852326,4
852327,4
852328,4
852329,4
852330,5
852331,4
852332,4
852333,1
852334,4
852335,1
852336,5
852337,5
852338,4
852339,4
852340,4
852341,4
852342,4
852343,4
852344,5
852345,1
852346,4
852347,4
852348,4
852349,4
852350,4
852351,4
852352,5
852353,4
852354,5
852355,4
852356,4
852357,4
852358,4
852359,4
852360,4
852361,4
852362,4
852363,1
852364,4
852365,4
852366,1
852367,4
852368,4
852369,4
852370,4
852371,1
852372,4
852373,4
852374,4
852375,1
852376,4
852377,4
852378,4
852379,4
852380,4
852381,4
852382,4
852383,4
852384,4
852385,4
852386,4
852387,4
852388,4
852389,4
852390,4
852391,4
852392,4
852393,4
852394,1
852395,4
852396,5
852397,4
852398,4
852399,4
852400,4
852401,4
852402,4
852403,5
852404,4
852405,4
852406,4
852407,1
852408,4
852409,1
852410,4
852411,4
852412,4
852413,1
852414,4
852415,4
852416,4
852417,4
852418,4
852419,4
852420,4
852421,4
852422,4
852423,4
852424,1
852425,4
852426,4
852427,4
852428,4
852429,1
852430,4
852431,4
852432,4
852433,4
852434,4
852435,1
852436,5
852437,4
852438,5
852439,4
852440,4
852441,4
852442,1
852443,4
852444,4
852445,4
852446,1
852447,1
852448,4
852449,4
852450,4
852451,4
852452,4
852453,4
852454,4
852455,4
852456,4
852457,4
852458,4
852459,1
852460,1
852461,4
852462,4
852463,1
852464,4
852465,4
852466,4
852467,4
852468,4
852469,4
852470,4
852471,4
852472,4
852473,4
852474,4
852475,4
852476,4
852477,5
852478,3
852479,4
852480,4
852481,4
852482,4
852483,4
852484,4
852485,4
852486,1
852487,4
852488,4
852489,4
852490,4
852491,4
852492,4
852493,1
852494,4
852495,4
852496,4
852497,1
852498,4
852499,4
852500,4
852501,4
852502,4
852503,4
852504,4
852505,4
852506,4
852507,4
852508,4
852509,4
852510,4
852511,4
852512,4
852513,4
852514,4
852515,4
852516,4
852517,5
852518,4
852519,1
852520,4
852521,4
852522,4
852523,4
852524,1
852525,4
852526,4
852527,4
852528,1
852529,1
852530,4
852531,4
852532,4
852533,4
852534,4
852535,4
852536,1
852537,4
852538,4
852539,4
852540,4
852541,4
852542,1
852543,4
852544,4
852545,4
852546,4
852547,4
852548,4
852549,4
852550,4
852551,4
852552,4
852553,4
852554,4
852555,4
852556,4
852557,4
852558,1
852559,4
852560,4
852561,4
852562,4
852563,5
852564,4
852565,4
852566,4
852567,5
852568,4
852569,4
852570,1
852571,1
852572,4
852573,4
852574,4
852575,4
852576,4
852577,4
852578,4
852579,4
852580,5
852581,4
852582,5
852583,4
852584,4
852585,4
852586,5
852587,4
852588,1
852589,4
852590,4
852591,4
852592,4
852593,5
852594,5
852595,4
852596,4
852597,4
852598,4
852599,4
852600,4
852601,4
852602,4
852603,4
852604,4
852605,4
852606,4
852607,4
852608,4
852609,4
852610,4
852611,4
852612,4
852613,3
852614,4
852615,4
852616,4
852617,1
852618,4
852619,4
852620,4
852621,4
852622,1
852623,1
852624,4
852625,4
852626,4
852627,4
852628,4
852629,4
852630,4
852631,4
852632,1
852633,1
852634,4
852635,4
852636,4
852637,4
852638,4
852639,4
852640,4
852641,4
852642,4
852643,4
852644,1
852645,4
852646,4
852647,4
852648,4
852649,4
852650,4
852651,1
852652,4
852653,4
852654,4
852655,4
852656,4
852657,4
852658,4
852659,1
852660,4
852661,4
852662,4
852663,4
852664,4
852665,4
852666,4
852667,4
852668,4
852669,4
852670,1
852671,1
852672,4
852673,4
852674,4
852675,4
852676,4
852677,4
852678,4
852679,4
852680,4
852681,4
852682,1
852683,4
852684,4
852685,4
852686,4
852687,4
852688,4
852689,4
852690,4
852691,4
852692,4
852693,4
852694,4
852695,4
852696,1
852697,4
852698,4
852699,4
852700,4
852701,4
852702,3
852703,4
852704,4
852705,4
852706,4
852707,5
852708,4
852709,4
852710,4
852711,1
852712,1
852713,4
852714,4
852715,4
852716,4
852717,4
852718,4
852719,4
852720,4
852721,4
852722,1
852723,4
852724,4
852725,5
852726,4
852727,4
852728,4
852729,5
852730,5
852731,4
852732,4
852733,5
852734,4
852735,4
852736,4
852737,4
852738,4
852739,4
852740,4
852741,4
852742,4
852743,4
852744,1
852745,4
852746,4
852747,4
852748,4
852749,4
852750,5
852751,4
852752,4
852753,1
852754,4
852755,4
852756,4
852757,4
852758,1
852759,4
852760,4
852761,4
852762,4
852763,4
852764,4
852765,4
852766,1
852767,1
852768,4
852769,4
852770,4
852771,1
852772,4
852773,4
852774,4
852775,4
852776,4
852777,4
852778,4
852779,4
852780,4
852781,4
852782,4
852783,1
852784,4
852785,4
852786,4
852787,1
852788,4
852789,5
852790,4
852791,4
852792,5
852793,4
852794,4
852795,4
852796,4
852797,4
852798,4
852799,4
852800,4
852801,4
852802,4
852803,4
852804,4
852805,4
852806,4
852807,4
852808,4
852809,4
852810,4
852811,4
852812,1
852813,4
852814,4
852815,4
852816,1
852817,4
852818,1
852819,4
852820,4
852821,4
852822,4
852823,5
852824,4
852825,3
852826,4
852827,4
852828,4
852829,4
852830,4
852831,4
852832,5
852833,5
852834,5
852835,1
852836,5
852837,5
852838,4
852839,4
852840,4
852841,4
852842,5
852843,1
852844,4
852845,4
852846,5
852847,4
852848,4
852849,4
852850,5
852851,4
852852,5
852853,4
852854,4
852855,5
852856,4
852857,4
852858,4
852859,4
852860,4
852861,4
852862,4
852863,4
852864,4
852865,4
852866,4
852867,4
852868,4
852869,4
852870,5
852871,4
852872,4
852873,4
852874,4
852875,4
852876,1
852877,4
852878,4
852879,5
852880,4
852881,4
852882,5
852883,4
852884,4
852885,4
852886,4
852887,1
852888,4
852889,4
852890,4
852891,4
852892,4
852893,4
852894,4
852895,1
852896,4
852897,4
852898,4
852899,5
852900,4
852901,4
852902,5
852903,4
852904,4
852905,5
852906,4
852907,4
852908,1
852909,1
852910,4
852911,4
852912,4
852913,4
852914,4
852915,4
852916,4
852917,4
852918,4
852919,1
852920,4
852921,1
852922,4
852923,4
852924,4
852925,4
852926,4
852927,4
852928,4
852929,4
852930,4
852931,4
852932,4
852933,4
852934,4
852935,4
852936,4
852937,4
852938,4
852939,4
852940,4
852941,1
852942,4
852943,4
852944,4
852945,4
852946,4
852947,4
852948,4
852949,4
852950,1
852951,4
852952,1
852953,4
852954,4
852955,4
852956,4
852957,4
852958,4
852959,4
852960,4
852961,4
852962,4
852963,4
852964,4
852965,4
852966,4
852967,4
852968,4
852969,4
852970,4
852971,4
852972,5
852973,4
852974,4
852975,4
852976,4
852977,4
852978,4
852979,4
852980,4
852981,5
852982,4
852983,4
852984,4
852985,5
852986,4
852987,4
852988,4
852989,1
852990,4
852991,4
852992,4
852993,1
852994,5
852995,5
852996,4
852997,5
852998,4
852999,4
853000,4
853001,4
853002,1
853003,4
853004,5
853005,4
853006,4
853007,4
853008,4
853009,4
853010,4
853011,4
853012,1
853013,4
853014,4
853015,4
853016,4
853017,5
853018,4
853019,4
853020,4
853021,5
853022,1
853023,4
853024,5
853025,1
853026,5
853027,4
853028,4
853029,4
853030,4
853031,4
853032,4
853033,4
853034,4
853035,4
853036,4
853037,4
853038,1
853039,4
853040,4
853041,5
853042,4
853043,4
853044,4
853045,4
853046,4
853047,4
853048,4
853049,4
853050,4
853051,4
853052,4
853053,4
853054,5
853055,4
853056,4
853057,4
853058,1
853059,4
853060,4
853061,4
853062,4
853063,4
853064,1
853065,1
853066,4
853067,4
853068,4
853069,1
853070,4
853071,4
853072,1
853073,4
853074,1
853075,4
853076,4
853077,1
853078,4
853079,4
853080,4
853081,1
853082,1
853083,4
853084,4
853085,4
853086,4
853087,4
853088,4
853089,4
853090,4
853091,4
853092,4
853093,4
853094,4
853095,4
853096,4
853097,4
853098,1
853099,4
853100,3
853101,4
853102,1
853103,1
853104,4
853105,4
853106,5
853107,4
853108,4
853109,4
853110,4
853111,1
853112,1
853113,4
853114,4
853115,4
853116,5
853117,4
853118,4
853119,5
853120,4
853121,4
853122,4
853123,4
853124,4
853125,4
853126,4
853127,4
853128,4
853129,1
853130,5
853131,1
853132,4
853133,4
853134,4
853135,4
853136,1
853137,4
853138,4
853139,4
853140,4
853141,4
853142,4
853143,4
853144,4
853145,1
853146,4
853147,4
853148,1
853149,4
853150,3
853151,1
853152,3
853153,4
853154,4
853155,4
853156,5
853157,5
853158,5
853159,5
853160,5
853161,4
853162,1
853163,1
853164,5
853165,4
853166,4
853167,4
853168,4
853169,1
853170,1
853171,4
853172,4
853173,4
853174,4
853175,4
853176,4
853177,4
853178,4
853179,4
853180,1
853181,4
853182,4
853183,4
853184,4
853185,4
853186,4
853187,4
853188,4
853189,4
853190,4
853191,1
853192,4
853193,4
853194,4
853195,1
853196,4
853197,4
853198,4
853199,4
853200,4
853201,4
853202,4
853203,4
853204,4
853205,4
853206,4
853207,4
853208,1
853209,4
853210,1
853211,5
853212,4
853213,4
853214,1
853215,5
853216,4
853217,4
853218,4
853219,4
853220,4
853221,4
853222,4
853223,4
853224,4
853225,4
853226,5
853227,5
853228,4
853229,4
853230,5
853231,4
853232,5
853233,4
853234,1
853235,1
853236,4
853237,4
853238,1
853239,4
853240,5
853241,5
853242,4
853243,4
853244,5
853245,5
853246,4
853247,4
853248,1
853249,4
853250,5
853251,4
853252,4
853253,5
853254,5
853255,4
853256,4
853257,4
853258,5
853259,4
853260,4
853261,5
853262,4
853263,4
853264,1
853265,4
853266,4
853267,4
853268,4
853269,4
853270,4
853271,4
853272,4
853273,4
853274,4
853275,4
853276,1
853277,4
853278,4
853279,4
853280,4
853281,4
853282,4
853283,4
853284,4
853285,4
853286,4
853287,1
853288,4
853289,4
853290,4
853291,4
853292,4
853293,4
853294,1
853295,4
853296,4
853297,4
853298,4
853299,4
853300,4
853301,4
853302,4
853303,4
853304,1
853305,4
853306,4
853307,4
853308,4
853309,4
853310,4
853311,4
853312,4
853313,4
853314,4
853315,5
853316,4
853317,4
853318,5
853319,4
853320,1
853321,1
853322,5
853323,4
853324,4
853325,4
853326,4
853327,4
853328,4
853329,4
853330,5
853331,4
853332,4
853333,4
853334,4
853335,5
853336,4
853337,4
853338,4
853339,4
853340,4
853341,4
853342,4
853343,4
853344,1
853345,4
853346,4
853347,4
853348,4
853349,5
853350,4
853351,4
853352,4
853353,4
853354,4
853355,4
853356,4
853357,4
853358,4
853359,4
853360,4
853361,4
853362,1
853363,4
853364,4
853365,4
853366,4
853367,4
853368,4
853369,1
853370,4
853371,1
853372,4
853373,4
853374,4
853375,4
853376,4
853377,4
853378,4
853379,4
853380,4
853381,4
853382,1
853383,4
853384,4
853385,4
853386,4
853387,4
853388,4
853389,1
853390,4
853391,4
853392,1
853393,4
853394,4
853395,4
853396,5
853397,4
853398,3
853399,4
853400,4
853401,4
853402,4
853403,4
853404,4
853405,4
853406,4
853407,4
853408,4
853409,4
853410,4
853411,4
853412,4
853413,4
853414,4
853415,4
853416,1
853417,1
853418,4
853419,4
853420,4
853421,1
853422,1
853423,4
853424,5
853425,4
853426,4
853427,4
853428,4
853429,4
853430,4
853431,4
853432,4
853433,4
853434,4
853435,5
853436,4
853437,5
853438,4
853439,4
853440,4
853441,4
853442,4
853443,4
853444,4
853445,1
853446,4
853447,4
853448,4
853449,1
853450,4
853451,1
853452,4
853453,1
853454,5
853455,4
853456,1
853457,4
853458,4
853459,4
853460,4
853461,1
853462,4
853463,4
853464,4
853465,4
853466,4
853467,4
853468,4
853469,4
853470,4
853471,4
853472,4
853473,4
853474,4
853475,4
853476,4
853477,4
853478,4
853479,1
853480,4
853481,4
853482,4
853483,4
853484,4
853485,1
853486,4
853487,4
853488,1
853489,4
853490,4
853491,4
853492,4
853493,4
853494,1
853495,5
853496,4
853497,4
853498,4
853499,4
853500,4
853501,1
853502,3
853503,4
853504,1
853505,4
853506,4
853507,4
853508,4
853509,4
853510,4
853511,4
853512,4
853513,4
853514,4
853515,4
853516,4
853517,5
853518,4
853519,4
853520,4
853521,4
853522,4
853523,4
853524,4
853525,4
853526,5
853527,4
853528,4
853529,4
853530,4
853531,4
853532,4
853533,4
853534,4
853535,4
853536,4
853537,4
853538,4
853539,4
853540,4
853541,4
853542,4
853543,4
853544,4
853545,4
853546,4
853547,4
853548,4
853549,4
853550,1
853551,3
853552,5
853553,3
853554,4
853555,3
853556,3
853557,1
853558,3
853559,4
853560,4
853561,3
853562,3
853563,3
853564,3
853565,3
853566,3
853567,3
853568,3
853569,3
853570,3
853571,3
853572,4
853573,4
853574,4
853575,5
853576,5
853577,1
853578,3
853579,3
853580,3
853581,4
853582,4
853583,3
853584,4
853585,5
853586,1
853587,3
853588,4
853589,4
853590,4
853591,3
853592,3
853593,1
853594,4
853595,1
853596,3
853597,4
853598,4
853599,3
853600,3
853601,3
853602,3
853603,3
853604,3
853605,4
853606,3
853607,3
853608,4
853609,3
853610,3
853611,3
853612,3
853613,3
853614,3
853615,4
853616,3
853617,4
853618,3
853619,4
853620,3
853621,3
853622,4
853623,3
853624,3
853625,3
853626,3
853627,3
853628,3
853629,3
853630,3
853631,3
853632,3
853633,1
853634,4
853635,4
853636,3
853637,4
853638,3
853639,4
853640,3
853641,1
853642,4
853643,4
853644,4
853645,4
853646,4
853647,4
853648,4
853649,4
853650,4
853651,4
853652,1
853653,4
853654,1
853655,1
853656,4
853657,4
853658,4
853659,4
853660,1
853661,1
853662,4
853663,1
853664,4
853665,4
853666,5
853667,5
853668,4
853669,1
853670,4
853671,5
853672,4
853673,4
853674,4
853675,1
853676,4
853677,4
853678,4
853679,5
853680,4
853681,4
853682,1
853683,4
853684,4
853685,4
853686,4
853687,4
853688,4
853689,4
853690,4
853691,4
853692,4
853693,4
853694,4
853695,4
853696,4
853697,4
853698,4
853699,1
853700,4
853701,5
853702,1
853703,1
853704,4
853705,5
853706,4
853707,4
853708,4
853709,5
853710,1
853711,4
853712,4
853713,4
853714,4
853715,4
853716,4
853717,4
853718,4
853719,4
853720,4
853721,4
853722,4
853723,4
853724,4
853725,5
853726,4
853727,4
853728,1
853729,4
853730,5
853731,4
853732,1
853733,4
853734,4
853735,1
853736,4
853737,4
853738,5
853739,1
853740,4
853741,4
853742,5
853743,4
853744,4
853745,4
853746,4
853747,4
853748,4
853749,4
853750,4
853751,4
853752,4
853753,4
853754,4
853755,4
853756,4
853757,4
853758,4
853759,4
853760,1
853761,4
853762,4
853763,1
853764,4
853765,3
853766,4
853767,4
853768,4
853769,4
853770,4
853771,4
853772,4
853773,4
853774,4
853775,4
853776,4
853777,5
853778,4
853779,4
853780,4
853781,4
853782,1
853783,4
853784,4
853785,1
853786,5
853787,4
853788,4
853789,4
853790,4
853791,4
853792,4
853793,5
853794,4
853795,4
853796,4
853797,4
853798,4
853799,4
853800,4
853801,4
853802,4
853803,4
853804,4
853805,5
853806,5
853807,4
853808,4
853809,4
853810,4
853811,4
853812,4
853813,4
853814,4
853815,4
853816,4
853817,4
853818,5
853819,1
853820,4
853821,4
853822,4
853823,4
853824,4
853825,4
853826,4
853827,4
853828,1
853829,4
853830,4
853831,4
853832,4
853833,1
853834,4
853835,4
853836,1
853837,4
853838,4
853839,4
853840,5
853841,3
853842,1
853843,4
853844,4
853845,4
853846,4
853847,4
853848,1
853849,4
853850,4
853851,4
853852,4
853853,4
853854,1
853855,4
853856,4
853857,4
853858,4
853859,4
853860,4
853861,4
853862,4
853863,5
853864,4
853865,4
853866,4
853867,1
853868,4
853869,4
853870,4
853871,4
853872,3
853873,4
853874,4
853875,4
853876,4
853877,4
853878,4
853879,3
853880,1
853881,4
853882,4
853883,4
853884,4
853885,4
853886,1
853887,4
853888,4
853889,4
853890,4
853891,4
853892,4
853893,4
853894,4
853895,4
853896,4
853897,4
853898,4
853899,4
853900,4
853901,4
853902,4
853903,4
853904,4
853905,1
853906,4
853907,4
853908,4
853909,4
853910,4
853911,4
853912,1
853913,4
853914,4
853915,4
853916,1
853917,4
853918,4
853919,4
853920,1
853921,4
853922,4
853923,4
853924,4
853925,4
853926,4
853927,1
853928,4
853929,4
853930,4
853931,4
853932,1
853933,4
853934,4
853935,4
853936,4
853937,1
853938,4
853939,4
853940,4
853941,4
853942,5
853943,4
853944,4
853945,4
853946,4
853947,4
853948,4
853949,4
853950,4
853951,4
853952,4
853953,4
853954,4
853955,1
853956,4
853957,4
853958,4
853959,4
853960,4
853961,1
853962,1
853963,4
853964,5
853965,1
853966,4
853967,4
853968,4
853969,1
853970,4
853971,4
853972,5
853973,4
853974,1
853975,5
853976,4
853977,5
853978,4
853979,5
853980,4
853981,4
853982,1
853983,4
853984,4
853985,4
853986,4
853987,4
853988,4
853989,1
853990,4
853991,4
853992,4
853993,4
853994,5
853995,4
853996,4
853997,1
853998,4
853999,4
854000,1
854001,4
854002,4
854003,4
854004,4
854005,4
854006,4
854007,4
854008,4
854009,4
854010,5
854011,4
854012,4
854013,4
854014,5
854015,4
854016,4
854017,4
854018,4
854019,4
854020,4
854021,4
854022,1
854023,4
854024,1
854025,1
854026,4
854027,4
854028,3
854029,4
854030,4
854031,1
854032,4
854033,4
854034,4
854035,4
854036,4
854037,4
854038,4
854039,4
854040,4
854041,4
854042,3
854043,4
854044,4
854045,4
854046,4
854047,3
854048,4
854049,3
854050,4
854051,1
854052,3
854053,1
854054,1
854055,5
854056,1
854057,4
854058,4
854059,4
854060,4
854061,4
854062,4
854063,4
854064,4
854065,4
854066,4
854067,4
854068,4
854069,5
854070,4
854071,4
854072,5
854073,4
854074,4
854075,5
854076,4
854077,1
854078,5
854079,4
854080,4
854081,4
854082,5
854083,4
854084,1
854085,1
854086,4
854087,4
854088,4
854089,4
854090,4
854091,4
854092,4
854093,3
854094,4
854095,4
854096,1
854097,3
854098,4
854099,4
854100,4
854101,4
854102,4
854103,4
854104,5
854105,4
854106,4
854107,4
854108,1
854109,4
854110,4
854111,4
854112,4
854113,3
854114,1
854115,4
854116,4
854117,4
854118,4
854119,4
854120,4
854121,4
854122,4
854123,4
854124,4
854125,4
854126,4
854127,5
854128,4
854129,4
854130,4
854131,4
854132,4
854133,4
854134,1
854135,4
854136,4
854137,4
854138,4
854139,4
854140,4
854141,4
854142,4
854143,1
854144,4
854145,4
854146,4
854147,1
854148,1
854149,4
854150,1
854151,4
854152,4
854153,4
854154,1
854155,4
854156,4
854157,4
854158,4
854159,4
854160,4
854161,4
854162,4
854163,4
854164,5
854165,4
854166,4
854167,4
854168,4
854169,4
854170,1
854171,4
854172,4
854173,1
854174,4
854175,4
854176,5
854177,5
854178,4
854179,5
854180,1
854181,4
854182,4
854183,4
854184,4
854185,4
854186,4
854187,4
854188,1
854189,4
854190,1
854191,4
854192,5
854193,4
854194,5
854195,4
854196,4
854197,4
854198,4
854199,4
854200,1
854201,4
854202,4
854203,4
854204,4
854205,4
854206,4
854207,4
854208,4
854209,4
854210,1
854211,5
854212,4
854213,4
854214,4
854215,3
854216,4
854217,4
854218,4
854219,5
854220,5
854221,4
854222,4
854223,4
854224,4
854225,1
854226,4
854227,1
854228,5
854229,4
854230,4
854231,4
854232,4
854233,4
854234,4
854235,4
854236,4
854237,4
854238,4
854239,5
854240,5
854241,1
854242,4
854243,3
854244,4
854245,4
854246,4
854247,4
854248,4
854249,4
854250,5
854251,4
854252,1
854253,1
854254,4
854255,4
854256,4
854257,4
854258,4
854259,4
854260,5
854261,4
854262,4
854263,4
854264,4
854265,4
854266,3
854267,4
854268,4
854269,4
854270,1
854271,4
854272,4
854273,4
854274,3
854275,3
854276,4
854277,4
854278,4
854279,4
854280,4
854281,4
854282,4
854283,1
854284,4
854285,4
854286,5
854287,4
854288,4
854289,4
854290,4
854291,5
854292,4
854293,4
854294,1
854295,1
854296,3
854297,4
854298,4
854299,4
854300,1
854301,1
854302,4
854303,1
854304,4
854305,4
854306,4
854307,4
854308,1
854309,4
854310,4
854311,4
854312,4
854313,4
854314,4
854315,4
854316,4
854317,1
854318,4
854319,4
854320,4
854321,4
854322,4
854323,4
854324,4
854325,1
854326,4
854327,4
854328,4
854329,4
854330,4
854331,4
854332,4
854333,4
854334,4
854335,4
854336,4
854337,4
854338,4
854339,4
854340,4
854341,4
854342,4
854343,1
854344,4
854345,4
854346,4
854347,4
854348,4
854349,4
854350,4
854351,4
854352,4
854353,4
854354,4
854355,4
854356,1
854357,5
854358,4
854359,4
854360,4
854361,4
854362,4
854363,4
854364,4
854365,4
854366,4
854367,4
854368,4
854369,4
854370,4
854371,4
854372,4
854373,4
854374,4
854375,4
854376,1
854377,1
854378,4
854379,4
854380,1
854381,4
854382,4
854383,5
854384,1
854385,4
854386,4
854387,1
854388,4
854389,1
854390,4
854391,4
854392,4
854393,4
854394,4
854395,1
854396,4
854397,1
854398,4
854399,4
854400,1
854401,4
854402,4
854403,4
854404,4
854405,4
854406,4
854407,4
854408,4
854409,4
854410,1
854411,4
854412,4
854413,1
854414,4
854415,4
854416,4
854417,4
854418,1
854419,4
854420,4
854421,1
854422,4
854423,1
854424,4
854425,4
854426,4
854427,4
854428,4
854429,4
854430,4
854431,4
854432,4
854433,4
854434,4
854435,1
854436,4
854437,5
854438,4
854439,4
854440,4
854441,4
854442,4
854443,4
854444,4
854445,4
854446,4
854447,3
854448,4
854449,1
854450,4
854451,4
854452,4
854453,1
854454,1
854455,4
854456,4
854457,4
854458,4
854459,1
854460,4
854461,4
854462,4
854463,4
854464,4
854465,4
854466,4
854467,1
854468,4
854469,4
854470,4
854471,4
854472,4
854473,4
854474,4
854475,3
854476,1
854477,4
854478,1
854479,1
854480,4
854481,4
854482,1
854483,4
854484,1
854485,4
854486,4
854487,4
854488,4
854489,4
854490,4
854491,4
854492,4
854493,4
854494,4
854495,4
854496,4
854497,4
854498,4
854499,4
854500,4
854501,1
854502,4
854503,4
854504,1
854505,1
854506,4
854507,4
854508,4
854509,4
854510,4
854511,4
854512,4
854513,4
854514,4
854515,4
854516,4
854517,4
854518,4
854519,4
854520,4
854521,1
854522,4
854523,4
854524,1
854525,4
854526,4
854527,1
854528,4
854529,4
854530,4
854531,5
854532,4
854533,4
854534,1
854535,4
854536,4
854537,4
854538,4
854539,4
854540,1
854541,4
854542,4
854543,4
854544,1
854545,4
854546,4
854547,4
854548,1
854549,4
854550,4
854551,4
854552,4
854553,4
854554,4
854555,4
854556,4
854557,1
854558,4
854559,4
854560,4
854561,4
854562,4
854563,4
854564,4
854565,4
854566,4
854567,5
854568,1
854569,4
854570,5
854571,4
854572,4
854573,4
854574,4
854575,4
854576,4
854577,4
854578,4
854579,4
854580,4
854581,3
854582,1
854583,4
854584,4
854585,4
854586,4
854587,4
854588,4
854589,4
854590,4
854591,4
854592,4
854593,1
854594,4
854595,4
854596,4
854597,3
854598,1
854599,4
854600,4
854601,4
854602,5
854603,4
854604,4
854605,4
854606,4
854607,4
854608,4
854609,1
854610,4
854611,4
854612,4
854613,5
854614,4
854615,4
854616,4
854617,4
854618,1
854619,4
854620,4
854621,4
854622,4
854623,1
854624,4
854625,4
854626,4
854627,4
854628,4
854629,1
854630,4
854631,4
854632,4
854633,4
854634,4
854635,4
854636,4
854637,3
854638,4
854639,4
854640,4
854641,4
854642,4
854643,4
854644,4
854645,4
854646,5
854647,4
854648,4
854649,4
854650,4
854651,4
854652,4
854653,4
854654,4
854655,4
854656,4
854657,4
854658,4
854659,4
854660,4
854661,4
854662,4
854663,4
854664,4
854665,4
854666,4
854667,4
854668,4
854669,4
854670,4
854671,4
854672,4
854673,4
854674,4
854675,1
854676,4
854677,4
854678,4
854679,4
854680,4
854681,4
854682,1
854683,4
854684,4
854685,1
854686,4
854687,4
854688,4
854689,4
854690,4
854691,4
854692,4
854693,1
854694,4
854695,4
854696,4
854697,4
854698,4
854699,4
854700,4
854701,4
854702,4
854703,4
854704,4
854705,4
854706,5
854707,4
854708,4
854709,4
854710,4
854711,5
854712,4
854713,1
854714,1
854715,4
854716,4
854717,4
854718,4
854719,4
854720,4
854721,1
854722,4
854723,4
854724,4
854725,1
854726,5
854727,4
854728,4
854729,4
854730,4
854731,4
854732,4
854733,4
854734,4
854735,4
854736,4
854737,4
854738,4
854739,4
854740,4
854741,4
854742,5
854743,5
854744,4
854745,4
854746,5
854747,4
854748,5
854749,4
854750,4
854751,4
854752,5
854753,5
854754,4
854755,4
854756,4
854757,4
854758,4
854759,1
854760,4
854761,4
854762,4
854763,4
854764,4
854765,4
854766,4
854767,4
854768,4
854769,4
854770,4
854771,4
854772,4
854773,4
854774,4
854775,4
854776,4
854777,4
854778,4
854779,4
854780,4
854781,4
854782,4
854783,4
854784,4
854785,1
854786,5
854787,1
854788,1
854789,4
854790,4
854791,4
854792,4
854793,4
854794,4
854795,4
854796,4
854797,1
854798,4
854799,4
854800,4
854801,1
854802,4
854803,4
854804,4
854805,4
854806,4
854807,4
854808,4
854809,4
854810,4
854811,4
854812,4
854813,5
854814,4
854815,5
854816,4
854817,5
854818,1
854819,4
854820,4
854821,4
854822,4
854823,4
854824,1
854825,1
854826,4
854827,4
854828,4
854829,4
854830,4
854831,1
854832,4
854833,4
854834,1
854835,4
854836,4
854837,4
854838,4
854839,4
854840,4
854841,4
854842,4
854843,4
854844,4
854845,4
854846,4
854847,4
854848,4
854849,4
854850,1
854851,4
854852,5
854853,4
854854,4
854855,3
854856,4
854857,4
854858,4
854859,4
854860,1
854861,3
854862,1
854863,4
854864,4
854865,4
854866,3
854867,4
854868,4
854869,4
854870,5
854871,4
854872,4
854873,4
854874,3
854875,4
854876,3
854877,4
854878,4
854879,4
854880,4
854881,5
854882,4
854883,4
854884,4
854885,4
854886,4
854887,4
854888,4
854889,4
854890,4
854891,4
854892,4
854893,4
854894,4
854895,1
854896,4
854897,4
854898,4
854899,3
854900,5
854901,3
854902,3
854903,4
854904,4
854905,4
854906,4
854907,4
854908,4
854909,1
854910,4
854911,3
854912,4
854913,4
854914,3
854915,4
854916,4
854917,3
854918,5
854919,4
854920,4
854921,5
854922,4
854923,4
854924,4
854925,1
854926,4
854927,3
854928,4
854929,4
854930,4
854931,3
854932,4
854933,4
854934,4
854935,4
854936,4
854937,4
854938,3
854939,4
854940,1
854941,3
854942,1
854943,4
854944,4
854945,4
854946,4
854947,4
854948,3
854949,4
854950,4
854951,4
854952,5
854953,4
854954,4
854955,5
854956,4
854957,4
854958,4
854959,3
854960,4
854961,4
854962,4
854963,4
854964,4
854965,1
854966,4
854967,5
854968,4
854969,4
854970,4
854971,3
854972,4
854973,5
854974,4
854975,1
854976,4
854977,4
854978,4
854979,4
854980,1
854981,4
854982,4
854983,4
854984,4
854985,4
854986,4
854987,4
854988,4
854989,4
854990,4
854991,4
854992,1
854993,4
854994,1
854995,1
854996,4
854997,4
854998,1
854999,4
855000,4
855001,4
855002,4
855003,4
855004,4
855005,4
855006,4
855007,4
855008,1
855009,4
855010,4
855011,4
855012,4
855013,4
855014,4
855015,4
855016,4
855017,4
855018,4
855019,4
855020,1
855021,4
855022,4
855023,1
855024,4
855025,4
855026,1
855027,4
855028,4
855029,4
855030,4
855031,4
855032,4
855033,4
855034,4
855035,1
855036,4
855037,4
855038,4
855039,4
855040,4
855041,4
855042,4
855043,4
855044,4
855045,4
855046,4
855047,4
855048,4
855049,4
855050,4
855051,4
855052,4
855053,4
855054,4
855055,4
855056,4
855057,4
855058,4
855059,4
855060,4
855061,4
855062,1
855063,4
855064,4
855065,4
855066,1
855067,4
855068,4
855069,4
855070,4
855071,4
855072,4
855073,4
855074,4
855075,4
855076,4
855077,4
855078,4
855079,1
855080,4
855081,4
855082,4
855083,4
855084,4
855085,4
855086,4
855087,4
855088,1
855089,1
855090,4
855091,1
855092,4
855093,1
855094,4
855095,4
855096,4
855097,4
855098,4
855099,4
855100,4
855101,4
855102,4
855103,4
855104,4
855105,4
855106,4
855107,4
855108,4
855109,4
855110,1
855111,4
855112,4
855113,4
855114,1
855115,4
855116,1
855117,4
855118,4
855119,4
855120,4
855121,4
855122,4
855123,4
855124,4
855125,4
855126,5
855127,4
855128,4
855129,4
855130,5
855131,5
855132,4
855133,4
855134,4
855135,4
855136,4
855137,4
855138,4
855139,4
855140,4
855141,4
855142,1
855143,4
855144,4
855145,4
855146,4
855147,4
855148,1
855149,4
855150,4
855151,4
855152,4
855153,4
855154,4
855155,1
855156,4
855157,4
855158,4
855159,4
855160,4
855161,4
855162,4
855163,1
855164,4
855165,4
855166,4
855167,4
855168,4
855169,1
855170,4
855171,4
855172,4
855173,1
855174,4
855175,4
855176,1
855177,4
855178,4
855179,4
855180,4
855181,4
855182,4
855183,4
855184,4
855185,4
855186,4
855187,4
855188,4
855189,4
855190,4
855191,4
855192,4
855193,4
855194,4
855195,4
855196,4
855197,4
855198,4
855199,4
855200,4
855201,4
855202,4
855203,4
855204,1
855205,1
855206,4
855207,4
855208,4
855209,4
855210,4
855211,4
855212,1
855213,4
855214,4
855215,4
855216,4
855217,4
855218,4
855219,4
855220,4
855221,4
855222,4
855223,1
855224,4
855225,4
855226,4
855227,4
855228,4
855229,1
855230,5
855231,4
855232,4
855233,4
855234,4
855235,4
855236,4
855237,1
855238,4
855239,4
855240,4
855241,4
855242,4
855243,4
855244,4
855245,4
855246,5
855247,5
855248,4
855249,4
855250,4
855251,5
855252,5
855253,4
855254,4
855255,4
855256,5
855257,4
855258,4
855259,4
855260,4
855261,4
855262,4
855263,4
855264,5
855265,5
855266,4
855267,4
855268,5
855269,5
855270,4
855271,4
855272,4
855273,4
855274,1
855275,4
855276,1
855277,1
855278,4
855279,4
855280,4
855281,4
855282,4
855283,4
855284,5
855285,4
855286,4
855287,4
855288,4
855289,4
855290,4
855291,4
855292,4
855293,5
855294,5
855295,4
855296,4
855297,4
855298,1
855299,4
855300,4
855301,4
855302,4
855303,4
855304,4
855305,4
855306,4
855307,4
855308,4
855309,4
855310,1
855311,4
855312,4
855313,4
855314,4
855315,4
855316,4
855317,4
855318,5
855319,4
855320,4
855321,1
855322,4
855323,4
855324,4
855325,1
855326,4
855327,4
855328,4
855329,4
855330,4
855331,4
855332,1
855333,4
855334,1
855335,4
855336,4
855337,4
855338,4
855339,4
855340,1
855341,4
855342,4
855343,4
855344,1
855345,4
855346,4
855347,4
855348,4
855349,4
855350,4
855351,4
855352,4
855353,1
855354,1
855355,4
855356,4
855357,4
855358,4
855359,4
855360,4
855361,4
855362,1
855363,4
855364,1
855365,1
855366,4
855367,4
855368,4
855369,4
855370,1
855371,4
855372,4
855373,4
855374,5
855375,4
855376,4
855377,4
855378,4
855379,4
855380,4
855381,4
855382,1
855383,4
855384,4
855385,1
855386,4
855387,4
855388,4
855389,4
855390,4
855391,4
855392,3
855393,4
855394,4
855395,4
855396,4
855397,3
855398,4
855399,4
855400,4
855401,4
855402,4
855403,4
855404,4
855405,4
855406,4
855407,1
855408,4
855409,4
855410,3
855411,4
855412,1
855413,4
855414,5
855415,4
855416,5
855417,4
855418,4
855419,4
855420,4
855421,4
855422,4
855423,4
855424,4
855425,4
855426,4
855427,4
855428,4
855429,4
855430,4
855431,4
855432,4
855433,4
855434,4
855435,4
855436,4
855437,4
855438,1
855439,1
855440,4
855441,4
855442,4
855443,5
855444,4
855445,4
855446,4
855447,1
855448,1
855449,4
855450,4
855451,4
855452,4
855453,4
855454,4
855455,4
855456,5
855457,4
855458,4
855459,4
855460,4
855461,4
855462,4
855463,4
855464,4
855465,4
855466,1
855467,1
855468,3
855469,1
855470,4
855471,4
855472,4
855473,4
855474,4
855475,4
855476,4
855477,4
855478,4
855479,4
855480,4
855481,4
855482,4
855483,4
855484,4
855485,4
855486,4
855487,1
855488,4
855489,4
855490,1
855491,4
855492,5
855493,4
855494,4
855495,4
855496,4
855497,1
855498,4
855499,4
855500,4
855501,1
855502,4
855503,4
855504,1
855505,4
855506,4
855507,5
855508,4
855509,4
855510,4
855511,4
855512,4
855513,4
855514,4
855515,4
855516,4
855517,4
855518,1
855519,1
855520,1
855521,4
855522,4
855523,4
855524,4
855525,1
855526,4
855527,4
855528,4
855529,4
855530,4
855531,4
855532,4
855533,4
855534,4
855535,4
855536,4
855537,4
855538,4
855539,1
855540,4
855541,4
855542,1
855543,4
855544,4
855545,4
855546,1
855547,4
855548,4
855549,4
855550,4
855551,4
855552,4
855553,4
855554,4
855555,4
855556,4
855557,4
855558,1
855559,4
855560,4
855561,1
855562,4
855563,4
855564,4
855565,4
855566,4
855567,4
855568,1
855569,4
855570,4
855571,1
855572,4
855573,4
855574,4
855575,5
855576,4
855577,4
855578,4
855579,4
855580,5
855581,4
855582,4
855583,4
855584,1
855585,5
855586,5
855587,5
855588,4
855589,4
855590,4
855591,4
855592,4
855593,5
855594,4
855595,4
855596,4
855597,4
855598,4
855599,1
855600,4
855601,5
855602,4
855603,4
855604,4
855605,4
855606,4
855607,4
855608,4
855609,4
855610,4
855611,4
855612,5
855613,4
855614,4
855615,4
855616,4
855617,4
855618,4
855619,1
855620,4
855621,4
855622,4
855623,4
855624,5
855625,4
855626,5
855627,4
855628,4
855629,4
855630,4
855631,5
855632,4
855633,4
855634,4
855635,4
855636,4
855637,4
855638,4
855639,4
855640,4
855641,4
855642,1
855643,1
855644,5
855645,4
855646,4
855647,4
855648,4
855649,4
855650,4
855651,4
855652,4
855653,4
855654,4
855655,4
855656,4
855657,4
855658,5
855659,4
855660,4
855661,4
855662,4
855663,4
855664,4
855665,4
855666,4
855667,4
855668,4
855669,5
855670,4
855671,4
855672,1
855673,1
855674,1
855675,4
855676,4
855677,4
855678,4
855679,4
855680,4
855681,5
855682,4
855683,4
855684,4
855685,4
855686,4
855687,4
855688,4
855689,4
855690,4
855691,4
855692,4
855693,1
855694,4
855695,4
855696,4
855697,4
855698,4
855699,4
855700,5
855701,4
855702,4
855703,1
855704,4
855705,4
855706,4
855707,4
855708,5
855709,4
855710,4
855711,4
855712,4
855713,4
855714,4
855715,4
855716,4
855717,4
855718,4
855719,1
855720,5
855721,4
855722,4
855723,4
855724,1
855725,5
855726,4
855727,4
855728,4
855729,5
855730,4
855731,4
855732,5
855733,4
855734,4
855735,4
855736,5
855737,5
855738,4
855739,4
855740,5
855741,4
855742,4
855743,4
855744,4
855745,4
855746,4
855747,4
855748,1
855749,4
855750,4
855751,4
855752,4
855753,4
855754,1
855755,4
855756,4
855757,4
855758,1
855759,4
855760,4
855761,4
855762,4
855763,4
855764,4
855765,4
855766,1
855767,4
855768,5
855769,1
855770,4
855771,4
855772,4
855773,4
855774,1
855775,4
855776,4
855777,4
855778,4
855779,4
855780,4
855781,4
855782,4
855783,4
855784,4
855785,4
855786,4
855787,4
855788,4
855789,4
855790,1
855791,4
855792,4
855793,1
855794,4
855795,4
855796,4
855797,4
855798,4
855799,4
855800,4
855801,4
855802,4
855803,4
855804,4
855805,4
855806,4
855807,5
855808,4
855809,4
855810,4
855811,4
855812,4
855813,4
855814,1
855815,4
855816,4
855817,4
855818,4
855819,4
855820,4
855821,4
855822,4
855823,4
855824,4
855825,4
855826,4
855827,4
855828,4
855829,4
855830,4
855831,4
855832,4
855833,4
855834,4
855835,4
855836,4
855837,4
855838,5
855839,4
855840,4
855841,4
855842,5
855843,1
855844,4
855845,4
855846,4
855847,4
855848,4
855849,4
855850,4
855851,1
855852,1
855853,4
855854,4
855855,4
855856,4
855857,4
855858,4
855859,4
855860,4
855861,4
855862,4
855863,5
855864,1
855865,4
855866,4
855867,4
855868,4
855869,4
855870,4
855871,3
855872,5
855873,4
855874,4
855875,4
855876,4
855877,4
855878,4
855879,4
855880,1
855881,4
855882,4
855883,4
855884,4
855885,4
855886,4
855887,4
855888,4
855889,4
855890,4
855891,4
855892,4
855893,5
855894,1
855895,4
855896,4
855897,4
855898,1
855899,4
855900,4
855901,4
855902,4
855903,4
855904,4
855905,4
855906,4
855907,1
855908,4
855909,4
855910,3
855911,4
855912,4
855913,5
855914,4
855915,4
855916,4
855917,4
855918,4
855919,4
855920,4
855921,4
855922,4
855923,4
855924,4
855925,4
855926,4
855927,4
855928,4
855929,4
855930,4
855931,5
855932,4
855933,4
855934,4
855935,5
855936,4
855937,4
855938,4
855939,4
855940,4
855941,4
855942,1
855943,4
855944,4
855945,4
855946,4
855947,4
855948,4
855949,4
855950,4
855951,4
855952,4
855953,4
855954,3
855955,4
855956,4
855957,4
855958,4
855959,3
855960,3
855961,3
855962,4
855963,4
855964,3
855965,3
855966,4
855967,4
855968,4
855969,3
855970,4
855971,3
855972,3
855973,3
855974,4
855975,4
855976,1
855977,4
855978,3
855979,1
855980,3
855981,4
855982,4
855983,3
855984,1
855985,3
855986,3
855987,3
855988,3
855989,4
855990,4
855991,1
855992,4
855993,1
855994,4
855995,4
855996,4
855997,4
855998,1
855999,4
856000,1
856001,4
856002,4
856003,4
856004,4
856005,4
856006,5
856007,5
856008,4
856009,4
856010,1
856011,4
856012,1
856013,4
856014,4
856015,4
856016,4
856017,4
856018,4
856019,4
856020,4
856021,4
856022,4
856023,3
856024,4
856025,4
856026,4
856027,4
856028,4
856029,4
856030,4
856031,4
856032,4
856033,4
856034,4
856035,5
856036,3
856037,1
856038,4
856039,4
856040,4
856041,4
856042,4
856043,3
856044,4
856045,4
856046,4
856047,1
856048,4
856049,4
856050,4
856051,4
856052,4
856053,4
856054,4
856055,4
856056,4
856057,4
856058,4
856059,1
856060,4
856061,4
856062,4
856063,4
856064,1
856065,4
856066,4
856067,3
856068,4
856069,4
856070,4
856071,4
856072,4
856073,4
856074,4
856075,4
856076,4
856077,4
856078,4
856079,4
856080,4
856081,4
856082,4
856083,4
856084,4
856085,5
856086,4
856087,4
856088,4
856089,4
856090,4
856091,4
856092,4
856093,3
856094,4
856095,4
856096,4
856097,4
856098,4
856099,4
856100,4
856101,4
856102,1
856103,1
856104,4
856105,1
856106,4
856107,4
856108,4
856109,4
856110,4
856111,4
856112,4
856113,4
856114,1
856115,4
856116,1
856117,1
856118,4
856119,4
856120,4
856121,4
856122,4
856123,1
856124,4
856125,4
856126,4
856127,4
856128,1
856129,4
856130,4
856131,1
856132,4
856133,4
856134,4
856135,4
856136,4
856137,4
856138,4
856139,4
856140,1
856141,4
856142,1
856143,4
856144,1
856145,4
856146,4
856147,4
856148,4
856149,4
856150,1
856151,1
856152,4
856153,4
856154,4
856155,4
856156,4
856157,1
856158,4
856159,4
856160,4
856161,1
856162,4
856163,4
856164,4
856165,4
856166,4
856167,3
856168,4
856169,4
856170,4
856171,4
856172,4
856173,4
856174,4
856175,4
856176,4
856177,1
856178,3
856179,4
856180,4
856181,4
856182,4
856183,4
856184,1
856185,4
856186,3
856187,4
856188,4
856189,4
856190,3
856191,4
856192,1
856193,4
856194,4
856195,3
856196,4
856197,3
856198,4
856199,4
856200,4
856201,4
856202,4
856203,4
856204,4
856205,1
856206,1
856207,4
856208,1
856209,4
856210,4
856211,4
856212,1
856213,4
856214,5
856215,4
856216,4
856217,4
856218,4
856219,4
856220,4
856221,4
856222,4
856223,4
856224,4
856225,4
856226,4
856227,5
856228,4
856229,4
856230,1
856231,5
856232,1
856233,4
856234,4
856235,5
856236,4
856237,1
856238,4
856239,1
856240,4
856241,4
856242,1
856243,4
856244,4
856245,4
856246,4
856247,1
856248,4
856249,4
856250,4
856251,4
856252,4
856253,5
856254,1
856255,4
856256,3
856257,1
856258,1
856259,4
856260,1
856261,4
856262,4
856263,4
856264,4
856265,4
856266,4
856267,4
856268,4
856269,1
856270,4
856271,4
856272,4
856273,4
856274,4
856275,4
856276,4
856277,1
856278,4
856279,4
856280,4
856281,4
856282,1
856283,4
856284,4
856285,4
856286,4
856287,4
856288,4
856289,4
856290,4
856291,4
856292,4
856293,4
856294,4
856295,5
856296,4
856297,4
856298,4
856299,4
856300,4
856301,4
856302,4
856303,4
856304,4
856305,4
856306,1
856307,1
856308,4
856309,1
856310,4
856311,4
856312,4
856313,4
856314,4
856315,4
856316,4
856317,4
856318,4
856319,4
856320,4
856321,1
856322,4
856323,4
856324,4
856325,4
856326,4
856327,4
856328,4
856329,4
856330,4
856331,4
856332,4
856333,4
856334,1
856335,4
856336,4
856337,4
856338,4
856339,4
856340,4
856341,4
856342,4
856343,1
856344,1
856345,4
856346,4
856347,4
856348,4
856349,4
856350,4
856351,1
856352,5
856353,4
856354,4
856355,5
856356,4
856357,1
856358,4
856359,4
856360,4
856361,4
856362,4
856363,4
856364,4
856365,4
856366,4
856367,4
856368,5
856369,4
856370,4
856371,4
856372,4
856373,4
856374,4
856375,4
856376,4
856377,4
856378,4
856379,4
856380,4
856381,4
856382,4
856383,4
856384,4
856385,4
856386,4
856387,4
856388,4
856389,4
856390,4
856391,4
856392,4
856393,5
856394,4
856395,4
856396,4
856397,4
856398,4
856399,4
856400,4
856401,4
856402,4
856403,4
856404,4
856405,3
856406,4
856407,4
856408,4
856409,5
856410,4
856411,4
856412,4
856413,4
856414,4
856415,4
856416,4
856417,4
856418,5
856419,4
856420,4
856421,4
856422,4
856423,4
856424,4
856425,4
856426,4
856427,4
856428,4
856429,4
856430,4
856431,5
856432,1
856433,4
856434,4
856435,4
856436,4
856437,4
856438,4
856439,4
856440,4
856441,4
856442,4
856443,4
856444,4
856445,4
856446,4
856447,4
856448,4
856449,4
856450,4
856451,4
856452,4
856453,4
856454,4
856455,4
856456,5
856457,4
856458,4
856459,5
856460,4
856461,4
856462,4
856463,4
856464,4
856465,3
856466,4
856467,4
856468,1
856469,4
856470,4
856471,4
856472,4
856473,4
856474,4
856475,4
856476,3
856477,4
856478,4
856479,4
856480,4
856481,5
856482,4
856483,4
856484,4
856485,4
856486,4
856487,4
856488,4
856489,4
856490,4
856491,4
856492,4
856493,5
856494,4
856495,4
856496,4
856497,4
856498,5
856499,3
856500,4
856501,4
856502,4
856503,4
856504,5
856505,4
856506,4
856507,4
856508,4
856509,1
856510,4
856511,4
856512,3
856513,4
856514,4
856515,4
856516,4
856517,1
856518,4
856519,4
856520,4
856521,4
856522,4
856523,1
856524,4
856525,4
856526,1
856527,4
856528,3
856529,4
856530,4
856531,5
856532,1
856533,4
856534,4
856535,4
856536,4
856537,4
856538,4
856539,4
856540,4
856541,4
856542,1
856543,4
856544,4
856545,4
856546,4
856547,4
856548,4
856549,4
856550,1
856551,1
856552,4
