880553,4
880554,4
880555,4
880556,4
880557,4
880558,4
880559,4
880560,1
880561,4
880562,5
880563,4
880564,4
880565,4
880566,4
880567,5
880568,5
880569,4
880570,4
880571,5
880572,4
880573,4
880574,4
880575,4
880576,4
880577,4
880578,4
880579,1
880580,1
880581,1
880582,4
880583,4
880584,4
880585,4
880586,5
880587,4
880588,4
880589,4
880590,4
880591,4
880592,4
880593,1
880594,5
880595,5
880596,4
880597,4
880598,4
880599,4
880600,4
880601,4
880602,4
880603,4
880604,1
880605,1
880606,4
880607,4
880608,4
880609,4
880610,4
880611,4
880612,4
880613,4
880614,4
880615,4
880616,5
880617,5
880618,4
880619,5
880620,1
880621,1
880622,4
880623,4
880624,4
880625,1
880626,4
880627,4
880628,5
880629,1
880630,4
880631,5
880632,5
880633,4
880634,4
880635,4
880636,4
880637,5
880638,4
880639,5
880640,1
880641,4
880642,4
880643,4
880644,4
880645,4
880646,4
880647,4
880648,5
880649,4
880650,5
880651,4
880652,4
880653,4
880654,5
880655,4
880656,4
880657,4
880658,4
880659,4
880660,5
880661,4
880662,4
880663,4
880664,5
880665,4
880666,4
880667,4
880668,4
880669,5
880670,4
880671,4
880672,4
880673,4
880674,4
880675,5
880676,4
880677,5
880678,4
880679,4
880680,4
880681,5
880682,4
880683,5
880684,5
880685,4
880686,4
880687,4
880688,4
880689,5
880690,4
880691,5
880692,4
880693,4
880694,5
880695,1
880696,4
880697,4
880698,1
880699,4
880700,4
880701,4
880702,4
880703,4
880704,4
880705,1
880706,4
880707,4
880708,4
880709,4
880710,4
880711,4
880712,4
880713,4
880714,4
880715,1
880716,4
880717,4
880718,4
880719,4
880720,4
880721,4
880722,5
880723,5
880724,4
880725,4
880726,4
880727,4
880728,5
880729,4
880730,5
880731,4
880732,1
880733,1
880734,1
880735,4
880736,4
880737,4
880738,5
880739,4
880740,4
880741,4
880742,4
880743,4
880744,4
880745,4
880746,4
880747,5
880748,4
880749,4
880750,4
880751,4
880752,1
880753,4
880754,4
880755,4
880756,4
880757,4
880758,4
880759,4
880760,1
880761,4
880762,4
880763,4
880764,4
880765,4
880766,4
880767,4
880768,4
880769,4
880770,4
880771,4
880772,4
880773,4
880774,4
880775,4
880776,1
880777,4
880778,4
880779,4
880780,5
880781,4
880782,4
880783,4
880784,4
880785,4
880786,4
880787,5
880788,1
880789,4
880790,4
880791,4
880792,1
880793,4
880794,4
880795,4
880796,4
880797,4
880798,4
880799,4
880800,5
880801,4
880802,4
880803,4
880804,4
880805,4
880806,4
880807,4
880808,4
880809,1
880810,4
880811,4
880812,5
880813,1
880814,5
880815,4
880816,4
880817,4
880818,5
880819,4
880820,5
880821,1
880822,4
880823,4
880824,1
880825,4
880826,4
880827,4
880828,4
880829,4
880830,4
880831,4
880832,4
880833,4
880834,4
880835,4
880836,5
880837,4
880838,4
880839,4
880840,4
880841,4
880842,4
880843,1
880844,4
880845,5
880846,1
880847,4
880848,4
880849,4
880850,4
880851,4
880852,4
880853,1
880854,4
880855,4
880856,3
880857,5
880858,1
880859,5
880860,4
880861,4
880862,5
880863,5
880864,4
880865,4
880866,1
880867,4
880868,1
880869,4
880870,4
880871,4
880872,4
880873,4
880874,4
880875,4
880876,4
880877,4
880878,4
880879,4
880880,4
880881,4
880882,4
880883,4
880884,4
880885,4
880886,4
880887,4
880888,1
880889,4
880890,4
880891,4
880892,4
880893,4
880894,4
880895,4
880896,4
880897,4
880898,4
880899,4
880900,1
880901,5
880902,4
880903,5
880904,4
880905,4
880906,4
880907,4
880908,4
880909,4
880910,5
880911,4
880912,4
880913,5
880914,5
880915,4
880916,4
880917,4
880918,4
880919,5
880920,4
880921,4
880922,1
880923,4
880924,5
880925,5
880926,5
880927,4
880928,4
880929,4
880930,4
880931,4
880932,4
880933,4
880934,4
880935,4
880936,4
880937,4
880938,4
880939,4
880940,4
880941,4
880942,4
880943,4
880944,5
880945,4
880946,4
880947,4
880948,5
880949,4
880950,4
880951,4
880952,4
880953,5
880954,5
880955,4
880956,5
880957,5
880958,4
880959,5
880960,4
880961,1
880962,5
880963,4
880964,1
880965,5
880966,1
880967,4
880968,3
880969,4
880970,3
880971,4
880972,1
880973,4
880974,5
880975,3
880976,3
880977,4
880978,4
880979,1
880980,1
880981,3
880982,4
880983,4
880984,4
880985,4
880986,4
880987,4
880988,4
880989,4
880990,4
880991,1
880992,4
880993,4
880994,4
880995,4
880996,4
880997,1
880998,1
880999,4
881000,4
881001,5
881002,1
881003,4
881004,4
881005,4
881006,5
881007,4
881008,4
881009,4
881010,4
881011,4
881012,4
881013,4
881014,4
881015,4
881016,4
881017,4
881018,4
881019,4
881020,4
881021,4
881022,4
881023,4
881024,4
881025,4
881026,4
881027,4
881028,4
881029,4
881030,1
881031,4
881032,4
881033,4
881034,4
881035,4
881036,4
881037,4
881038,4
881039,4
881040,5
881041,1
881042,4
881043,4
881044,4
881045,4
881046,4
881047,4
881048,4
881049,5
881050,4
881051,4
881052,4
881053,4
881054,4
881055,4
881056,4
881057,4
881058,4
881059,4
881060,4
881061,4
881062,1
881063,4
881064,4
881065,4
881066,4
881067,4
881068,4
881069,4
881070,4
881071,4
881072,4
881073,1
881074,4
881075,4
881076,4
881077,4
881078,4
881079,4
881080,4
881081,4
881082,4
881083,4
881084,4
881085,4
881086,4
881087,4
881088,4
881089,4
881090,4
881091,4
881092,4
881093,4
881094,4
881095,4
881096,4
881097,5
881098,4
881099,4
881100,4
881101,4
881102,4
881103,1
881104,4
881105,4
881106,1
881107,4
881108,1
881109,4
881110,5
881111,4
881112,5
881113,4
881114,5
881115,4
881116,4
881117,5
881118,4
881119,4
881120,4
881121,4
881122,4
881123,5
881124,5
881125,4
881126,4
881127,4
881128,5
881129,4
881130,1
881131,5
881132,4
881133,4
881134,5
881135,1
881136,1
881137,4
881138,4
881139,1
881140,5
881141,5
881142,1
881143,1
881144,4
881145,4
881146,4
881147,1
881148,4
881149,4
881150,4
881151,4
881152,4
881153,4
881154,4
881155,4
881156,4
881157,5
881158,4
881159,1
881160,5
881161,4
881162,1
881163,4
881164,4
881165,4
881166,1
881167,4
881168,4
881169,1
881170,4
881171,4
881172,4
881173,4
881174,4
881175,4
881176,4
881177,4
881178,1
881179,1
881180,4
881181,4
881182,5
881183,4
881184,4
881185,4
881186,1
881187,4
881188,4
881189,4
881190,4
881191,4
881192,4
881193,4
881194,4
881195,4
881196,5
881197,4
881198,5
881199,4
881200,4
881201,5
881202,4
881203,4
881204,1
881205,5
881206,4
881207,5
881208,4
881209,4
881210,4
881211,4
881212,4
881213,4
881214,4
881215,1
881216,4
881217,4
881218,4
881219,4
881220,4
881221,4
881222,4
881223,4
881224,4
881225,4
881226,1
881227,4
881228,4
881229,4
881230,4
881231,5
881232,4
881233,4
881234,4
881235,4
881236,4
881237,4
881238,4
881239,4
881240,4
881241,4
881242,4
881243,5
881244,5
881245,4
881246,4
881247,5
881248,5
881249,5
881250,1
881251,4
881252,4
881253,4
881254,5
881255,5
881256,4
881257,4
881258,4
881259,4
881260,5
881261,4
881262,4
881263,1
881264,4
881265,5
881266,4
881267,4
881268,4
881269,4
881270,1
881271,4
881272,1
881273,4
881274,4
881275,4
881276,4
881277,4
881278,4
881279,4
881280,1
881281,4
881282,4
881283,1
881284,4
881285,5
881286,4
881287,5
881288,1
881289,4
881290,4
881291,4
881292,4
881293,5
881294,4
881295,4
881296,4
881297,4
881298,4
881299,4
881300,4
881301,4
881302,4
881303,1
881304,4
881305,4
881306,4
881307,4
881308,4
881309,4
881310,4
881311,4
881312,4
881313,4
881314,4
881315,4
881316,4
881317,4
881318,1
881319,4
881320,4
881321,5
881322,4
881323,4
881324,1
881325,4
881326,1
881327,4
881328,5
881329,5
881330,4
881331,1
881332,4
881333,4
881334,4
881335,4
881336,4
881337,4
881338,4
881339,4
881340,4
881341,4
881342,4
881343,4
881344,4
881345,4
881346,1
881347,4
881348,4
881349,4
881350,4
881351,4
881352,1
881353,4
881354,4
881355,4
881356,4
881357,4
881358,4
881359,4
881360,4
881361,4
881362,4
881363,4
881364,4
881365,4
881366,4
881367,4
881368,5
881369,4
881370,4
881371,4
881372,4
881373,4
881374,4
881375,4
881376,4
881377,4
881378,4
881379,4
881380,4
881381,4
881382,1
881383,4
881384,4
881385,4
881386,5
881387,1
881388,4
881389,4
881390,1
881391,4
881392,4
881393,4
881394,4
881395,4
881396,4
881397,1
881398,4
881399,4
881400,4
881401,4
881402,4
881403,1
881404,4
881405,4
881406,4
881407,4
881408,4
881409,4
881410,4
881411,1
881412,1
881413,4
881414,4
881415,4
881416,4
881417,4
881418,4
881419,4
881420,4
881421,4
881422,1
881423,1
881424,4
881425,4
881426,4
881427,4
881428,1
881429,4
881430,4
881431,4
881432,4
881433,4
881434,4
881435,4
881436,4
881437,4
881438,1
881439,4
881440,4
881441,4
881442,4
881443,4
881444,4
881445,4
881446,4
881447,4
881448,4
881449,4
881450,4
881451,4
881452,4
881453,4
881454,4
881455,4
881456,1
881457,1
881458,5
881459,4
881460,1
881461,4
881462,4
881463,4
881464,4
881465,4
881466,4
881467,4
881468,4
881469,4
881470,4
881471,1
881472,4
881473,4
881474,1
881475,4
881476,4
881477,4
881478,4
881479,4
881480,4
881481,4
881482,4
881483,4
881484,4
881485,4
881486,4
881487,4
881488,4
881489,4
881490,4
881491,4
881492,4
881493,1
881494,4
881495,4
881496,4
881497,4
881498,4
881499,4
881500,4
881501,4
881502,1
881503,4
881504,4
881505,1
881506,4
881507,4
881508,4
881509,4
881510,4
881511,4
881512,4
881513,4
881514,4
881515,4
881516,4
881517,4
881518,4
881519,1
881520,4
881521,1
881522,4
881523,4
881524,5
881525,4
881526,4
881527,4
881528,3
881529,4
881530,4
881531,4
881532,4
881533,4
881534,4
881535,4
881536,4
881537,4
881538,4
881539,4
881540,4
881541,4
881542,4
881543,4
881544,4
881545,4
881546,4
881547,4
881548,4
881549,1
881550,4
881551,4
881552,4
881553,4
881554,1
881555,4
881556,4
881557,4
881558,4
881559,4
881560,4
881561,1
881562,4
881563,4
881564,4
881565,4
881566,4
881567,4
881568,1
881569,4
881570,4
881571,4
881572,4
881573,4
881574,4
881575,5
881576,4
881577,4
881578,4
881579,4
881580,1
881581,4
881582,4
881583,4
881584,4
881585,4
881586,1
881587,4
881588,4
881589,4
881590,4
881591,4
881592,4
881593,1
881594,1
881595,4
881596,4
881597,4
881598,4
881599,4
881600,4
881601,4
881602,4
881603,4
881604,4
881605,4
881606,4
881607,5
881608,4
881609,4
881610,1
881611,1
881612,4
881613,4
881614,4
881615,4
881616,4
881617,4
881618,4
881619,4
881620,1
881621,4
881622,4
881623,1
881624,1
881625,4
881626,4
881627,4
881628,4
881629,4
881630,4
881631,4
881632,4
881633,4
881634,4
881635,4
881636,1
881637,4
881638,4
881639,1
881640,4
881641,4
881642,4
881643,1
881644,4
881645,4
881646,4
881647,4
881648,4
881649,4
881650,5
881651,4
881652,1
881653,4
881654,4
881655,5
881656,4
881657,1
881658,4
881659,4
881660,4
881661,4
881662,4
881663,4
881664,4
881665,5
881666,4
881667,1
881668,4
881669,1
881670,4
881671,4
881672,4
881673,4
881674,4
881675,4
881676,4
881677,4
881678,4
881679,1
881680,1
881681,4
881682,4
881683,1
881684,5
881685,4
881686,1
881687,4
881688,4
881689,4
881690,4
881691,1
881692,4
881693,5
881694,5
881695,4
881696,4
881697,4
881698,4
881699,4
881700,4
881701,5
881702,4
881703,4
881704,4
881705,4
881706,4
881707,5
881708,4
881709,5
881710,4
881711,4
881712,4
881713,4
881714,4
881715,4
881716,4
881717,4
881718,1
881719,4
881720,4
881721,4
881722,4
881723,1
881724,5
881725,4
881726,4
881727,4
881728,1
881729,4
881730,4
881731,4
881732,4
881733,4
881734,4
881735,1
881736,4
881737,4
881738,4
881739,4
881740,4
881741,4
881742,4
881743,4
881744,4
881745,4
881746,4
881747,4
881748,4
881749,4
881750,4
881751,1
881752,4
881753,5
881754,5
881755,4
881756,4
881757,4
881758,4
881759,5
881760,4
881761,1
881762,4
881763,4
881764,4
881765,4
881766,4
881767,1
881768,1
881769,4
881770,4
881771,4
881772,4
881773,4
881774,4
881775,4
881776,4
881777,4
881778,5
881779,4
881780,4
881781,4
881782,4
881783,1
881784,4
881785,4
881786,4
881787,4
881788,5
881789,1
881790,5
881791,1
881792,4
881793,4
881794,4
881795,1
881796,4
881797,4
881798,4
881799,4
881800,1
881801,4
881802,4
881803,4
881804,4
881805,5
881806,4
881807,4
881808,4
881809,4
881810,1
881811,4
881812,5
881813,5
881814,4
881815,4
881816,4
881817,4
881818,4
881819,4
881820,1
881821,4
881822,4
881823,1
881824,5
881825,4
881826,4
881827,4
881828,1
881829,1
881830,4
881831,4
881832,1
881833,4
881834,4
881835,1
881836,3
881837,4
881838,4
881839,4
881840,4
881841,4
881842,4
881843,1
881844,1
881845,4
881846,4
881847,4
881848,4
881849,1
881850,4
881851,4
881852,4
881853,5
881854,5
881855,4
881856,4
881857,4
881858,5
881859,4
881860,1
881861,5
881862,5
881863,4
881864,4
881865,5
881866,4
881867,4
881868,4
881869,4
881870,1
881871,4
881872,4
881873,1
881874,4
881875,4
881876,4
881877,5
881878,4
881879,5
881880,4
881881,1
881882,4
881883,4
881884,4
881885,1
881886,4
881887,4
881888,4
881889,4
881890,4
881891,4
881892,4
881893,4
881894,4
881895,4
881896,4
881897,4
881898,4
881899,4
881900,4
881901,4
881902,4
881903,4
881904,4
881905,4
881906,4
881907,4
881908,4
881909,4
881910,1
881911,4
881912,4
881913,4
881914,4
881915,4
881916,4
881917,4
881918,4
881919,1
881920,1
881921,4
881922,1
881923,4
881924,4
881925,4
881926,4
881927,4
881928,4
881929,1
881930,4
881931,4
881932,4
881933,1
881934,1
881935,4
881936,4
881937,4
881938,4
881939,4
881940,4
881941,4
881942,4
881943,4
881944,4
881945,4
881946,4
881947,5
881948,4
881949,4
881950,4
881951,4
881952,1
881953,5
881954,5
881955,4
881956,1
881957,4
881958,4
881959,4
881960,4
881961,4
881962,4
881963,4
881964,4
881965,5
881966,4
881967,4
881968,4
881969,4
881970,4
881971,4
881972,4
881973,4
881974,1
881975,1
881976,4
881977,4
881978,4
881979,4
881980,1
881981,5
881982,5
881983,4
881984,4
881985,4
881986,3
881987,1
881988,4
881989,4
881990,1
881991,4
881992,1
881993,1
881994,4
881995,4
881996,4
881997,1
881998,1
881999,4
882000,4
882001,4
882002,4
882003,1
882004,4
882005,4
882006,4
882007,4
882008,4
882009,4
882010,4
882011,1
882012,4
882013,4
882014,4
882015,4
882016,1
882017,4
882018,1
882019,4
882020,1
882021,4
882022,4
882023,1
882024,4
882025,4
882026,4
882027,4
882028,4
882029,4
882030,4
882031,4
882032,4
882033,4
882034,4
882035,4
882036,4
882037,4
882038,4
882039,4
882040,4
882041,4
882042,4
882043,5
882044,1
882045,4
882046,1
882047,4
882048,4
882049,4
882050,4
882051,4
882052,4
882053,4
882054,5
882055,4
882056,4
882057,4
882058,4
882059,4
882060,4
882061,4
882062,4
882063,4
882064,5
882065,4
882066,4
882067,4
882068,1
882069,4
882070,4
882071,4
882072,4
882073,4
882074,4
882075,4
882076,4
882077,4
882078,4
882079,4
882080,4
882081,4
882082,5
882083,4
882084,4
882085,4
882086,4
882087,4
882088,4
882089,4
882090,4
882091,4
882092,4
882093,1
882094,4
882095,5
882096,1
882097,4
882098,4
882099,4
882100,1
882101,4
882102,4
882103,4
882104,4
882105,4
882106,1
882107,4
882108,4
882109,4
882110,4
882111,4
882112,4
882113,4
882114,4
882115,5
882116,4
882117,4
882118,4
882119,4
882120,4
882121,4
882122,1
882123,4
882124,4
882125,4
882126,4
882127,4
882128,4
882129,1
882130,4
882131,4
882132,4
882133,4
882134,4
882135,4
882136,4
882137,4
882138,4
882139,4
882140,4
882141,4
882142,4
882143,1
882144,4
882145,4
882146,4
882147,4
882148,4
882149,1
882150,4
882151,4
882152,4
882153,4
882154,1
882155,4
882156,4
882157,4
882158,4
882159,4
882160,1
882161,4
882162,4
882163,4
882164,4
882165,4
882166,4
882167,5
882168,4
882169,4
882170,4
882171,4
882172,4
882173,4
882174,4
882175,4
882176,4
882177,1
882178,4
882179,4
882180,4
882181,5
882182,4
882183,4
882184,4
882185,4
882186,4
882187,4
882188,4
882189,1
882190,4
882191,4
882192,4
882193,4
882194,4
882195,4
882196,5
882197,4
882198,5
882199,4
882200,4
882201,5
882202,4
882203,4
882204,1
882205,4
882206,4
882207,4
882208,4
882209,5
882210,4
882211,5
882212,5
882213,4
882214,4
882215,4
882216,4
882217,4
882218,4
882219,4
882220,4
882221,1
882222,4
882223,4
882224,4
882225,4
882226,4
882227,4
882228,4
882229,4
882230,4
882231,4
882232,4
882233,4
882234,4
882235,4
882236,4
882237,4
882238,4
882239,4
882240,4
882241,1
882242,4
882243,4
882244,4
882245,4
882246,5
882247,4
882248,4
882249,4
882250,1
882251,4
882252,4
882253,4
882254,4
882255,4
882256,4
882257,4
882258,4
882259,4
882260,4
882261,4
882262,4
882263,4
882264,1
882265,5
882266,4
882267,5
882268,4
882269,4
882270,1
882271,4
882272,5
882273,5
882274,5
882275,4
882276,5
882277,1
882278,5
882279,4
882280,4
882281,4
882282,4
882283,4
882284,4
882285,5
882286,4
882287,4
882288,4
882289,4
882290,4
882291,5
882292,4
882293,4
882294,4
882295,5
882296,5
882297,4
882298,4
882299,4
882300,1
882301,4
882302,1
882303,4
882304,4
882305,1
882306,4
882307,1
882308,1
882309,4
882310,4
882311,4
882312,4
882313,1
882314,4
882315,4
882316,1
882317,4
882318,4
882319,1
882320,4
882321,4
882322,4
882323,4
882324,4
882325,4
882326,5
882327,4
882328,4
882329,4
882330,4
882331,1
882332,1
882333,1
882334,4
882335,4
882336,4
882337,4
882338,4
882339,1
882340,4
882341,4
882342,4
882343,4
882344,4
882345,4
882346,4
882347,4
882348,4
882349,4
882350,4
882351,4
882352,4
882353,4
882354,4
882355,4
882356,4
882357,4
882358,4
882359,4
882360,4
882361,5
882362,4
882363,4
882364,1
882365,1
882366,5
882367,4
882368,4
882369,1
882370,4
882371,4
882372,4
882373,1
882374,1
882375,3
882376,4
882377,5
882378,4
882379,4
882380,4
882381,4
882382,4
882383,4
882384,5
882385,1
882386,4
882387,4
882388,1
882389,4
882390,4
882391,4
882392,4
882393,4
882394,4
882395,4
882396,4
882397,4
882398,4
882399,5
882400,4
882401,4
882402,4
882403,4
882404,4
882405,4
882406,4
882407,4
882408,5
882409,4
882410,4
882411,4
882412,4
882413,4
882414,4
882415,4
882416,4
882417,4
882418,4
882419,4
882420,4
882421,4
882422,4
882423,1
882424,4
882425,4
882426,4
882427,4
882428,5
882429,1
882430,4
882431,4
882432,4
882433,4
882434,4
882435,4
882436,4
882437,4
882438,4
882439,4
882440,4
882441,4
882442,4
882443,1
882444,4
882445,1
882446,4
882447,4
882448,4
882449,4
882450,1
882451,4
882452,4
882453,1
882454,4
882455,4
882456,4
882457,4
882458,4
882459,4
882460,4
882461,4
882462,4
882463,4
882464,4
882465,4
882466,4
882467,1
882468,4
882469,4
882470,4
882471,4
882472,4
882473,4
882474,4
882475,4
882476,4
882477,4
882478,4
882479,4
882480,4
882481,4
882482,4
882483,4
882484,4
882485,4
882486,4
882487,4
882488,4
882489,4
882490,4
882491,4
882492,4
882493,1
882494,4
882495,1
882496,4
882497,4
882498,4
882499,4
882500,1
882501,4
882502,4
882503,4
882504,4
882505,4
882506,4
882507,4
882508,4
882509,5
882510,4
882511,4
882512,4
882513,4
882514,4
882515,4
882516,4
882517,4
882518,4
882519,1
882520,4
882521,4
882522,4
882523,4
882524,4
882525,4
882526,4
882527,4
882528,4
882529,4
882530,4
882531,4
882532,4
882533,4
882534,4
882535,4
882536,4
882537,1
882538,4
882539,4
882540,4
882541,4
882542,4
882543,4
882544,4
882545,4
882546,4
882547,4
882548,4
882549,1
882550,4
882551,4
882552,4
882553,1
882554,4
882555,4
882556,4
882557,4
882558,4
882559,4
882560,4
882561,4
882562,4
882563,4
882564,5
882565,1
882566,4
882567,4
882568,4
882569,4
882570,5
882571,1
882572,4
882573,4
882574,4
882575,1
882576,4
882577,5
882578,5
882579,5
882580,4
882581,4
882582,5
882583,4
882584,4
882585,4
882586,4
882587,1
882588,4
882589,4
882590,4
882591,4
882592,4
882593,1
882594,4
882595,1
882596,4
882597,1
882598,4
882599,4
882600,4
882601,1
882602,4
882603,4
882604,4
882605,4
882606,1
882607,4
882608,4
882609,4
882610,4
882611,4
882612,4
882613,4
882614,4
882615,4
882616,4
882617,4
882618,4
882619,4
882620,4
882621,4
882622,4
882623,4
882624,4
882625,4
882626,4
882627,5
882628,4
882629,5
882630,5
882631,5
882632,4
882633,4
882634,4
882635,4
882636,4
882637,4
882638,4
882639,4
882640,4
882641,4
882642,4
882643,4
882644,4
882645,4
882646,1
882647,4
882648,1
882649,4
882650,4
882651,4
882652,4
882653,1
882654,4
882655,5
882656,1
882657,4
882658,5
882659,4
882660,4
882661,4
882662,4
882663,4
882664,4
882665,4
882666,4
882667,5
882668,4
882669,4
882670,4
882671,5
882672,4
882673,1
882674,4
882675,4
882676,1
882677,4
882678,1
882679,4
882680,4
882681,4
882682,4
882683,4
882684,4
882685,4
882686,4
882687,1
882688,4
882689,4
882690,4
882691,4
882692,4
882693,4
882694,4
882695,5
882696,4
882697,4
882698,3
882699,4
882700,4
882701,4
882702,4
882703,4
882704,1
882705,4
882706,4
882707,4
882708,4
882709,5
882710,4
882711,4
882712,4
882713,1
882714,4
882715,4
882716,4
882717,4
882718,4
882719,4
882720,5
882721,4
882722,5
882723,4
882724,4
882725,4
882726,4
882727,1
882728,4
882729,1
882730,4
882731,1
882732,1
882733,4
882734,4
882735,1
882736,4
882737,1
882738,4
882739,4
882740,4
882741,4
882742,4
882743,4
882744,4
882745,4
882746,4
882747,1
882748,4
882749,4
882750,1
882751,4
882752,4
882753,4
882754,4
882755,4
882756,4
882757,1
882758,4
882759,4
882760,4
882761,4
882762,4
882763,4
882764,4
882765,4
882766,4
882767,4
882768,4
882769,4
882770,4
882771,4
882772,4
882773,4
882774,4
882775,4
882776,1
882777,4
882778,4
882779,1
882780,4
882781,4
882782,1
882783,4
882784,4
882785,4
882786,4
882787,4
882788,1
882789,4
882790,4
882791,1
882792,4
882793,4
882794,4
882795,4
882796,4
882797,1
882798,4
882799,4
882800,4
882801,4
882802,4
882803,5
882804,4
882805,4
882806,4
882807,4
882808,4
882809,4
882810,4
882811,4
882812,4
882813,4
882814,4
882815,4
882816,4
882817,4
882818,3
882819,4
882820,4
882821,4
882822,4
882823,4
882824,4
882825,4
882826,4
882827,4
882828,4
882829,4
882830,4
882831,5
882832,4
882833,4
882834,4
882835,4
882836,4
882837,4
882838,4
882839,1
882840,4
882841,4
882842,4
882843,4
882844,4
882845,4
882846,3
882847,4
882848,4
882849,4
882850,4
882851,4
882852,4
882853,4
882854,4
882855,4
882856,1
882857,3
882858,4
882859,4
882860,4
882861,4
882862,4
882863,4
882864,4
882865,4
882866,4
882867,4
882868,4
882869,4
882870,4
882871,4
882872,4
882873,4
882874,1
882875,4
882876,4
882877,4
882878,3
882879,4
882880,4
882881,4
882882,4
882883,4
882884,4
882885,4
882886,4
882887,4
882888,1
882889,4
882890,4
882891,4
882892,4
882893,4
882894,4
882895,4
882896,4
882897,3
882898,4
882899,4
882900,4
882901,4
882902,5
882903,4
882904,4
882905,4
882906,4
882907,4
882908,4
882909,4
882910,4
882911,4
882912,4
882913,5
882914,5
882915,5
882916,4
882917,4
882918,4
882919,4
882920,4
882921,1
882922,4
882923,4
882924,5
882925,4
882926,5
882927,1
882928,4
882929,1
882930,4
882931,4
882932,1
882933,4
882934,4
882935,4
882936,4
882937,4
882938,5
882939,4
882940,4
882941,4
882942,1
882943,5
882944,4
882945,4
882946,4
882947,4
882948,4
882949,4
882950,4
882951,4
882952,4
882953,4
882954,1
882955,4
882956,4
882957,4
882958,1
882959,4
882960,4
882961,4
882962,4
882963,4
882964,1
882965,1
882966,4
882967,1
882968,4
882969,1
882970,4
882971,4
882972,4
882973,4
882974,1
882975,4
882976,4
882977,1
882978,4
882979,4
882980,4
882981,4
882982,4
882983,4
882984,4
882985,1
882986,4
882987,4
882988,1
882989,1
882990,1
882991,4
882992,4
882993,4
882994,4
882995,4
882996,4
882997,4
882998,1
882999,4
883000,4
883001,1
883002,4
883003,4
883004,4
883005,4
883006,4
883007,4
883008,4
883009,4
883010,4
883011,4
883012,4
883013,4
883014,4
883015,4
883016,4
883017,4
883018,4
883019,4
883020,4
883021,4
883022,4
883023,1
883024,3
883025,4
883026,4
883027,4
883028,4
883029,4
883030,4
883031,4
883032,4
883033,1
883034,4
883035,4
883036,4
883037,4
883038,4
883039,4
883040,4
883041,4
883042,4
883043,4
883044,1
883045,4
883046,4
883047,4
883048,4
883049,4
883050,4
883051,4
883052,4
883053,4
883054,4
883055,4
883056,4
883057,4
883058,4
883059,4
883060,4
883061,1
883062,4
883063,4
883064,4
883065,4
883066,4
883067,4
883068,4
883069,4
883070,4
883071,4
883072,4
883073,4
883074,4
883075,4
883076,4
883077,4
883078,4
883079,4
883080,4
883081,4
883082,4
883083,4
883084,4
883085,4
883086,1
883087,4
883088,4
883089,4
883090,4
883091,4
883092,4
883093,4
883094,5
883095,4
883096,4
883097,4
883098,4
883099,5
883100,4
883101,1
883102,4
883103,4
883104,4
883105,4
883106,4
883107,4
883108,4
883109,4
883110,4
883111,5
883112,4
883113,4
883114,4
883115,4
883116,4
883117,4
883118,4
883119,4
883120,4
883121,4
883122,4
883123,4
883124,4
883125,1
883126,4
883127,4
883128,4
883129,4
883130,1
883131,4
883132,5
883133,4
883134,4
883135,4
883136,5
883137,4
883138,4
883139,4
883140,4
883141,1
883142,4
883143,4
883144,4
883145,4
883146,4
883147,4
883148,4
883149,1
883150,4
883151,4
883152,5
883153,4
883154,4
883155,4
883156,4
883157,4
883158,4
883159,1
883160,4
883161,1
883162,4
883163,1
883164,1
883165,4
883166,4
883167,1
883168,4
883169,4
883170,4
883171,4
883172,1
883173,4
883174,4
883175,4
883176,1
883177,4
883178,4
883179,1
883180,4
883181,4
883182,1
883183,4
883184,4
883185,4
883186,4
883187,4
883188,4
883189,4
883190,4
883191,4
883192,4
883193,4
883194,4
883195,4
883196,4
883197,4
883198,4
883199,4
883200,1
883201,5
883202,1
883203,4
883204,4
883205,4
883206,4
883207,4
883208,4
883209,4
883210,4
883211,4
883212,4
883213,4
883214,4
883215,4
883216,4
883217,1
883218,4
883219,1
883220,4
883221,4
883222,4
883223,4
883224,4
883225,4
883226,4
883227,4
883228,4
883229,4
883230,4
883231,1
883232,4
883233,4
883234,4
883235,4
883236,4
883237,4
883238,4
883239,4
883240,4
883241,4
883242,4
883243,1
883244,4
883245,4
883246,4
883247,4
883248,4
883249,4
883250,4
883251,4
883252,5
883253,4
883254,4
883255,4
883256,4
883257,4
883258,4
883259,1
883260,4
883261,4
883262,4
883263,4
883264,4
883265,4
883266,4
883267,1
883268,4
883269,1
883270,4
883271,4
883272,4
883273,4
883274,4
883275,3
883276,4
883277,5
883278,4
883279,4
883280,4
883281,5
883282,4
883283,4
883284,4
883285,4
883286,1
883287,4
883288,4
883289,4
883290,4
883291,1
883292,4
883293,4
883294,4
883295,4
883296,4
883297,4
883298,4
883299,4
883300,1
883301,1
883302,3
883303,4
883304,4
883305,4
883306,1
883307,4
883308,4
883309,4
883310,4
883311,4
883312,1
883313,4
883314,4
883315,4
883316,1
883317,4
883318,4
883319,4
883320,4
883321,4
883322,4
883323,4
883324,4
883325,4
883326,4
883327,4
883328,4
883329,4
883330,4
883331,4
883332,1
883333,4
883334,1
883335,4
883336,1
883337,4
883338,5
883339,4
883340,4
883341,1
883342,4
883343,4
883344,1
883345,4
883346,4
883347,4
883348,5
883349,4
883350,5
883351,4
883352,3
883353,4
883354,4
883355,4
883356,4
883357,1
883358,4
883359,1
883360,4
883361,4
883362,1
883363,1
883364,5
883365,3
883366,4
883367,4
883368,4
883369,4
883370,4
883371,4
883372,4
883373,4
883374,4
883375,3
883376,4
883377,4
883378,3
883379,3
883380,4
883381,4
883382,4
883383,4
883384,4
883385,3
883386,1
883387,3
883388,3
883389,3
883390,3
883391,4
883392,3
883393,1
883394,3
883395,4
883396,3
883397,3
883398,1
883399,1
883400,3
883401,4
883402,4
883403,3
883404,4
883405,3
883406,3
883407,4
883408,3
883409,3
883410,3
883411,1
883412,3
883413,4
883414,3
883415,4
883416,4
883417,4
883418,3
883419,3
883420,1
883421,3
883422,3
883423,3
883424,4
883425,3
883426,3
883427,3
883428,3
883429,3
883430,4
883431,1
883432,3
883433,4
883434,3
883435,4
883436,3
883437,4
883438,3
883439,3
883440,3
883441,4
883442,4
883443,4
883444,3
883445,4
883446,4
883447,4
883448,4
883449,4
883450,4
883451,4
883452,4
883453,4
883454,4
883455,4
883456,4
883457,4
883458,4
883459,4
883460,1
883461,4
883462,3
883463,4
883464,4
883465,3
883466,4
883467,4
883468,4
883469,4
883470,4
883471,5
883472,4
883473,4
883474,1
883475,4
883476,5
883477,4
883478,4
883479,4
883480,4
883481,4
883482,4
883483,3
883484,4
883485,4
883486,4
883487,4
883488,1
883489,4
883490,4
883491,4
883492,3
883493,3
883494,4
883495,4
883496,3
883497,4
883498,4
883499,4
883500,4
883501,4
883502,4
883503,3
883504,1
883505,4
883506,4
883507,4
883508,3
883509,3
883510,4
883511,3
883512,4
883513,4
883514,4
883515,4
883516,1
883517,4
883518,3
883519,4
883520,4
883521,4
883522,4
883523,1
883524,1
883525,4
883526,4
883527,4
883528,4
883529,4
883530,4
883531,4
883532,3
883533,3
883534,4
883535,4
883536,4
883537,1
883538,1
883539,4
883540,4
883541,4
883542,1
883543,5
883544,3
883545,4
883546,4
883547,4
883548,4
883549,4
883550,1
883551,1
883552,4
883553,4
883554,4
883555,4
883556,4
883557,1
883558,4
883559,4
883560,4
883561,4
883562,4
883563,5
883564,1
883565,4
883566,4
883567,4
883568,4
883569,4
883570,4
883571,4
883572,4
883573,4
883574,4
883575,1
883576,4
883577,4
883578,4
883579,4
883580,4
883581,4
883582,4
883583,1
883584,4
883585,4
883586,1
883587,4
883588,4
883589,4
883590,4
883591,4
883592,4
883593,4
883594,4
883595,4
883596,4
883597,4
883598,4
883599,4
883600,4
883601,4
883602,1
883603,4
883604,4
883605,1
883606,4
883607,5
883608,4
883609,4
883610,5
883611,4
883612,4
883613,1
883614,4
883615,4
883616,4
883617,4
883618,4
883619,4
883620,4
883621,4
883622,4
883623,4
883624,4
883625,4
883626,4
883627,4
883628,4
883629,4
883630,1
883631,1
883632,4
883633,4
883634,4
883635,4
883636,1
883637,4
883638,4
883639,4
883640,4
883641,4
883642,4
883643,4
883644,5
883645,4
883646,4
883647,4
883648,4
883649,4
883650,4
883651,4
883652,4
883653,4
883654,4
883655,1
883656,4
883657,4
883658,4
883659,4
883660,4
883661,4
883662,4
883663,4
883664,4
883665,4
883666,4
883667,4
883668,4
883669,4
883670,4
883671,4
883672,5
883673,4
883674,5
883675,4
883676,4
883677,4
883678,4
883679,4
883680,4
883681,4
883682,4
883683,4
883684,4
883685,4
883686,4
883687,4
883688,4
883689,4
883690,4
883691,4
883692,1
883693,1
883694,4
883695,4
883696,4
883697,4
883698,4
883699,4
883700,4
883701,4
883702,4
883703,4
883704,1
883705,4
883706,4
883707,4
883708,4
883709,4
883710,5
883711,5
883712,1
883713,4
883714,4
883715,5
883716,4
883717,4
883718,5
883719,5
883720,4
883721,4
883722,4
883723,4
883724,4
883725,4
883726,4
883727,5
883728,5
883729,4
883730,4
883731,4
883732,4
883733,4
883734,4
883735,5
883736,1
883737,4
883738,4
883739,1
883740,4
883741,5
883742,4
883743,1
883744,4
883745,4
883746,5
883747,4
883748,4
883749,4
883750,4
883751,4
883752,1
883753,4
883754,4
883755,5
883756,4
883757,5
883758,4
883759,4
883760,4
883761,4
883762,4
883763,4
883764,4
883765,4
883766,1
883767,4
883768,4
883769,4
883770,4
883771,5
883772,4
883773,4
883774,1
883775,4
883776,4
883777,4
883778,4
883779,4
883780,1
883781,4
883782,1
883783,4
883784,4
883785,4
883786,4
883787,4
883788,4
883789,5
883790,4
883791,1
883792,4
883793,4
883794,5
883795,4
883796,4
883797,4
883798,4
883799,4
883800,4
883801,4
883802,4
883803,4
883804,4
883805,4
883806,4
883807,4
883808,4
883809,5
883810,4
883811,4
883812,4
883813,4
883814,4
883815,4
883816,4
883817,4
883818,4
883819,4
883820,4
883821,4
883822,4
883823,1
883824,4
883825,4
883826,1
883827,4
883828,4
883829,4
883830,4
883831,1
883832,4
883833,4
883834,1
883835,4
883836,4
883837,3
883838,4
883839,4
883840,4
883841,5
883842,1
883843,4
883844,5
883845,4
883846,4
883847,4
883848,4
883849,4
883850,4
883851,4
883852,4
883853,4
883854,4
883855,4
883856,4
883857,3
883858,4
883859,5
883860,4
883861,3
883862,4
883863,1
883864,4
883865,4
883866,1
883867,4
883868,1
883869,4
883870,4
883871,4
883872,4
883873,1
883874,4
883875,4
883876,3
883877,1
883878,4
883879,4
883880,4
883881,4
883882,4
883883,4
883884,4
883885,4
883886,4
883887,4
883888,3
883889,4
883890,4
883891,3
883892,4
883893,4
883894,4
883895,1
883896,5
883897,4
883898,4
883899,4
883900,4
883901,4
883902,4
883903,4
883904,4
883905,1
883906,4
883907,4
883908,4
883909,4
883910,4
883911,4
883912,4
883913,4
883914,4
883915,5
883916,4
883917,4
883918,4
883919,4
883920,3
883921,4
883922,4
883923,1
883924,4
883925,4
883926,4
883927,5
883928,5
883929,4
883930,4
883931,1
883932,4
883933,5
883934,4
883935,1
883936,4
883937,4
883938,5
883939,5
883940,1
883941,5
883942,5
883943,4
883944,4
883945,4
883946,4
883947,5
883948,4
883949,4
883950,1
883951,4
883952,1
883953,4
883954,4
883955,4
883956,5
883957,4
883958,4
883959,4
883960,5
883961,4
883962,5
883963,5
883964,1
883965,5
883966,1
883967,5
883968,5
883969,4
883970,5
883971,5
883972,4
883973,4
883974,4
883975,4
883976,4
883977,4
883978,4
883979,4
883980,5
883981,5
883982,4
883983,4
883984,4
883985,5
883986,4
883987,4
883988,4
883989,1
883990,4
883991,1
883992,4
883993,5
883994,4
883995,5
883996,4
883997,1
883998,1
883999,4
884000,1
884001,4
884002,4
884003,4
884004,4
884005,1
884006,4
884007,4
884008,3
884009,4
884010,4
884011,4
884012,4
884013,4
884014,4
884015,5
884016,4
884017,4
884018,4
884019,4
884020,4
884021,4
884022,1
884023,4
884024,4
884025,1
884026,4
884027,4
884028,4
884029,4
884030,4
884031,5
884032,1
884033,4
884034,4
884035,4
884036,4
884037,4
884038,4
884039,5
884040,4
884041,4
884042,4
884043,4
884044,4
884045,5
884046,4
884047,4
884048,4
884049,1
884050,1
884051,5
884052,1
884053,4
884054,4
884055,4
884056,5
884057,5
884058,5
884059,5
884060,5
884061,5
884062,1
884063,5
884064,5
884065,5
884066,4
884067,4
884068,5
884069,4
884070,3
884071,3
884072,3
884073,4
884074,4
884075,1
884076,4
884077,4
884078,4
884079,1
884080,1
884081,4
884082,3
884083,3
884084,4
884085,3
884086,4
884087,5
884088,5
884089,1
884090,4
884091,3
884092,4
884093,5
884094,4
884095,4
884096,4
884097,5
884098,4
884099,4
884100,3
884101,4
884102,4
884103,4
884104,4
884105,3
884106,4
884107,4
884108,4
884109,4
884110,1
884111,3
884112,3
884113,4
884114,3
884115,4
884116,4
884117,4
884118,3
884119,1
884120,3
884121,4
884122,3
884123,5
884124,3
884125,3
884126,3
884127,4
884128,3
884129,4
884130,4
884131,3
884132,1
884133,5
884134,3
884135,5
884136,3
884137,1
884138,4
884139,4
884140,4
884141,5
884142,4
884143,4
884144,4
884145,4
884146,4
884147,3
884148,4
884149,5
884150,4
884151,4
884152,3
884153,4
884154,4
884155,4
884156,4
884157,3
884158,5
884159,3
884160,1
884161,4
884162,4
884163,3
884164,3
884165,5
884166,4
884167,3
884168,1
884169,1
884170,5
884171,1
884172,4
884173,1
884174,3
884175,5
884176,5
884177,3
884178,4
884179,1
884180,4
884181,4
884182,4
884183,4
884184,4
884185,4
884186,4
884187,4
884188,4
884189,4
884190,4
884191,4
884192,4
884193,1
884194,4
884195,4
884196,4
884197,4
884198,4
884199,4
884200,4
884201,4
884202,4
884203,4
884204,4
884205,4
884206,4
884207,4
884208,4
884209,4
884210,4
884211,4
884212,4
884213,4
884214,4
884215,4
884216,4
884217,4
884218,4
884219,4
884220,4
884221,4
884222,4
884223,4
884224,1
884225,4
884226,1
884227,1
884228,1
884229,4
884230,4
884231,1
884232,4
884233,4
884234,5
884235,4
884236,5
884237,4
884238,4
884239,4
884240,5
884241,4
884242,4
884243,5
884244,5
884245,4
884246,5
884247,5
884248,4
884249,4
884250,4
884251,4
884252,4
884253,4
884254,1
884255,4
884256,4
884257,4
884258,4
884259,4
884260,4
884261,5
884262,4
884263,5
884264,4
884265,4
884266,4
884267,4
884268,4
884269,4
884270,1
884271,4
884272,4
884273,4
884274,4
884275,4
884276,4
884277,4
884278,4
884279,1
884280,4
884281,4
884282,4
884283,4
884284,4
884285,4
884286,4
884287,4
884288,4
884289,4
884290,4
884291,4
884292,4
884293,1
884294,1
884295,4
884296,5
884297,4
884298,4
884299,4
884300,4
884301,1
884302,4
884303,4
884304,4
884305,4
884306,4
884307,4
884308,4
884309,4
884310,4
884311,5
884312,4
884313,1
884314,4
884315,4
884316,4
884317,4
884318,4
884319,3
884320,4
884321,4
884322,4
884323,4
884324,4
884325,1
884326,4
884327,4
884328,4
884329,4
884330,4
884331,4
884332,3
884333,4
884334,4
884335,4
884336,4
884337,4
884338,4
884339,4
884340,1
884341,4
884342,4
884343,4
884344,4
884345,4
884346,5
884347,4
884348,4
884349,4
884350,1
884351,5
884352,4
884353,4
884354,4
884355,4
884356,5
884357,3
884358,4
884359,4
884360,1
884361,4
884362,5
884363,4
884364,4
884365,4
884366,4
884367,1
884368,1
884369,4
884370,4
884371,4
884372,4
884373,5
884374,4
884375,4
884376,5
884377,4
884378,4
884379,4
884380,5
884381,4
884382,4
884383,4
884384,5
884385,5
884386,4
884387,4
884388,5
884389,4
884390,1
884391,4
884392,4
884393,5
884394,4
884395,4
884396,4
884397,4
884398,1
884399,4
884400,1
884401,4
884402,4
884403,1
884404,4
884405,1
884406,1
884407,4
884408,4
884409,4
884410,1
884411,4
884412,4
884413,4
884414,4
884415,4
884416,4
884417,4
884418,4
884419,1
884420,4
884421,5
884422,5
884423,5
884424,5
884425,4
884426,4
884427,4
884428,4
884429,5
884430,4
884431,5
884432,4
884433,5
884434,5
884435,4
884436,4
884437,4
884438,4
884439,5
884440,1
884441,4
884442,4
884443,4
884444,4
884445,4
884446,4
884447,4
884448,4
884449,4
884450,4
884451,4
884452,5
884453,4
884454,4
884455,4
884456,4
884457,4
884458,4
884459,4
884460,4
884461,4
884462,4
884463,4
884464,4
884465,4
884466,4
884467,5
884468,5
884469,5
884470,4
884471,4
884472,4
884473,4
884474,4
884475,4
884476,4
884477,1
884478,5
884479,4
884480,4
884481,4
884482,4
884483,5
884484,4
884485,4
884486,4
884487,1
884488,4
884489,4
884490,4
884491,4
884492,4
884493,4
884494,4
884495,4
884496,5
884497,4
884498,5
884499,4
884500,4
884501,4
884502,4
884503,4
884504,5
884505,4
884506,5
884507,4
884508,1
884509,4
884510,4
884511,1
884512,1
884513,4
884514,5
884515,5
884516,5
884517,4
884518,4
884519,1
884520,4
884521,4
884522,4
884523,4
884524,4
884525,4
884526,4
884527,4
884528,4
884529,5
884530,4
884531,4
884532,4
884533,4
884534,4
884535,4
884536,4
884537,4
884538,4
884539,1
884540,4
884541,4
884542,5
884543,1
884544,4
884545,4
884546,4
884547,4
884548,4
884549,4
884550,4
884551,4
884552,4
884553,4
884554,1
884555,4
884556,4
884557,4
884558,4
884559,4
884560,4
884561,5
884562,4
884563,4
884564,4
884565,1
884566,5
884567,4
884568,4
884569,5
884570,4
884571,5
884572,4
884573,4
884574,4
884575,4
884576,5
884577,4
884578,4
884579,4
884580,4
884581,4
884582,4
884583,1
884584,4
884585,1
884586,1
884587,4
884588,5
884589,4
884590,1
884591,4
884592,4
884593,4
884594,4
884595,4
884596,4
884597,4
884598,4
884599,4
884600,4
884601,4
884602,4
884603,5
884604,4
884605,4
884606,4
884607,4
884608,4
884609,4
884610,1
884611,4
884612,5
884613,4
884614,4
884615,4
884616,4
884617,4
884618,4
884619,1
884620,4
884621,4
884622,4
884623,4
884624,4
884625,4
884626,4
884627,1
884628,5
884629,4
884630,5
884631,4
884632,4
884633,5
884634,4
884635,4
884636,1
884637,4
884638,4
884639,1
884640,4
884641,4
884642,1
884643,4
884644,4
884645,4
884646,4
884647,4
884648,1
884649,4
884650,4
884651,4
884652,4
884653,4
884654,4
884655,4
884656,4
884657,4
884658,4
884659,4
884660,1
884661,4
884662,4
884663,4
884664,4
884665,4
884666,4
884667,4
884668,4
884669,4
884670,4
884671,4
884672,4
884673,4
884674,4
884675,4
884676,4
884677,4
884678,4
884679,4
884680,4
884681,4
884682,4
884683,4
884684,1
884685,4
884686,1
884687,4
884688,4
884689,4
884690,4
884691,4
884692,4
884693,4
884694,4
884695,1
884696,4
884697,4
884698,5
884699,4
884700,4
884701,1
884702,4
884703,5
884704,4
884705,4
884706,4
884707,4
884708,4
884709,4
884710,4
884711,4
884712,4
884713,4
884714,4
884715,4
884716,4
884717,4
884718,4
884719,4
884720,4
884721,4
884722,4
884723,4
884724,4
884725,4
884726,4
884727,4
884728,1
884729,4
884730,4
884731,1
884732,4
884733,4
884734,4
884735,1
884736,4
884737,4
884738,4
884739,4
884740,1
884741,4
884742,4
884743,4
884744,4
884745,4
884746,4
884747,4
884748,4
884749,1
884750,4
884751,4
884752,5
884753,4
884754,4
884755,4
884756,1
884757,1
884758,4
884759,4
884760,4
884761,4
884762,4
884763,4
884764,1
884765,4
884766,4
884767,4
884768,4
884769,4
884770,4
884771,4
884772,4
884773,4
884774,4
884775,1
884776,4
884777,4
884778,1
884779,4
884780,4
884781,1
884782,4
884783,4
884784,4
884785,4
884786,4
884787,4
884788,4
884789,4
884790,4
884791,4
884792,4
884793,4
884794,4
884795,4
884796,4
884797,4
884798,5
884799,3
884800,4
884801,5
884802,4
884803,4
884804,1
884805,4
884806,4
884807,5
884808,4
884809,1
884810,5
884811,4
884812,4
884813,5
884814,4
884815,4
884816,4
884817,4
884818,5
884819,4
884820,1
884821,4
884822,1
884823,4
884824,4
884825,5
884826,4
884827,4
884828,4
884829,5
884830,1
884831,4
884832,1
884833,4
884834,4
884835,1
884836,4
884837,4
884838,4
884839,4
884840,4
884841,4
884842,4
884843,4
884844,5
884845,4
884846,4
884847,4
884848,5
884849,4
884850,4
884851,4
884852,4
884853,4
884854,4
884855,4
884856,4
884857,4
884858,4
884859,4
884860,4
884861,4
884862,5
884863,4
884864,4
884865,4
884866,4
884867,4
884868,4
884869,4
884870,4
884871,4
884872,1
884873,4
884874,4
884875,4
884876,4
884877,5
884878,4
884879,4
884880,4
884881,4
884882,4
884883,4
884884,1
884885,4
884886,4
884887,4
884888,4
884889,4
884890,4
884891,4
884892,1
884893,1
884894,4
884895,4
884896,4
884897,4
884898,5
884899,4
884900,4
884901,4
884902,4
884903,4
884904,4
884905,4
884906,4
884907,5
884908,4
884909,4
884910,5
884911,4
884912,4
884913,4
884914,1
884915,1
884916,4
884917,4
884918,5
884919,4
884920,5
884921,4
884922,4
884923,1
884924,4
884925,4
884926,4
884927,4
884928,4
884929,4
884930,4
884931,4
884932,4
884933,4
884934,5
884935,4
884936,4
884937,4
884938,4
884939,4
884940,4
884941,4
884942,5
884943,5
884944,4
884945,4
884946,4
884947,4
884948,4
884949,4
884950,4
884951,4
884952,4
884953,4
884954,4
884955,4
884956,4
884957,4
884958,4
884959,4
884960,1
884961,4
884962,4
884963,4
884964,4
884965,4
884966,4
884967,4
884968,4
884969,4
884970,4
884971,1
884972,4
884973,1
884974,4
884975,3
884976,4
884977,3
884978,4
884979,4
884980,3
884981,5
884982,4
884983,4
884984,4
884985,4
884986,4
884987,1
884988,4
884989,4
884990,4
884991,4
884992,4
884993,4
884994,4
884995,1
884996,5
884997,5
884998,4
884999,4
885000,5
885001,4
885002,4
885003,4
885004,4
885005,5
885006,4
885007,4
885008,1
885009,1
885010,4
885011,4
885012,4
885013,4
885014,5
885015,4
885016,5
885017,4
885018,4
885019,5
885020,4
885021,1
885022,4
885023,4
885024,4
885025,1
885026,4
885027,5
885028,4
885029,4
885030,1
885031,4
885032,4
885033,4
885034,1
885035,4
885036,4
885037,4
885038,4
885039,1
885040,4
885041,4
885042,1
885043,4
885044,4
885045,4
885046,4
885047,4
885048,4
885049,4
885050,4
885051,4
885052,4
885053,4
885054,4
885055,4
885056,4
885057,4
885058,5
885059,4
885060,1
885061,4
885062,5
885063,1
885064,1
885065,5
885066,5
885067,4
885068,4
885069,4
885070,4
885071,4
885072,4
885073,4
885074,4
885075,4
885076,1
885077,4
885078,4
885079,1
885080,4
885081,1
885082,4
885083,4
885084,4
885085,4
885086,4
885087,4
885088,1
885089,4
885090,1
885091,4
885092,4
885093,4
885094,4
885095,4
885096,4
885097,4
885098,4
885099,4
885100,4
885101,4
885102,4
885103,4
885104,4
885105,4
885106,4
885107,4
885108,4
885109,5
885110,4
885111,4
885112,4
885113,4
885114,4
885115,4
885116,4
885117,4
885118,4
885119,1
885120,5
885121,5
885122,1
885123,5
885124,4
885125,4
885126,4
885127,4
885128,4
885129,4
885130,1
885131,5
885132,4
885133,4
885134,4
885135,4
885136,5
885137,5
885138,1
885139,5
885140,4
885141,4
885142,5
885143,4
885144,4
885145,1
885146,4
885147,4
885148,5
885149,1
885150,4
885151,4
885152,4
885153,5
885154,4
885155,5
885156,1
885157,4
885158,4
885159,4
885160,5
885161,4
885162,5
885163,5
885164,4
885165,4
885166,1
885167,4
885168,5
885169,5
885170,4
885171,5
885172,4
885173,5
885174,5
885175,4
885176,5
885177,4
885178,5
885179,4
885180,4
885181,5
885182,4
885183,1
885184,4
885185,4
885186,5
885187,1
885188,5
885189,4
885190,4
885191,5
885192,4
885193,4
885194,4
885195,4
885196,4
885197,1
885198,1
885199,4
885200,4
885201,4
885202,4
885203,4
885204,4
885205,4
885206,1
885207,1
885208,4
885209,1
885210,4
885211,4
885212,4
885213,4
885214,4
885215,4
885216,4
885217,1
885218,4
885219,4
885220,1
885221,4
885222,4
885223,4
885224,4
885225,5
885226,5
885227,4
885228,4
885229,4
885230,4
885231,4
885232,1
885233,4
885234,5
885235,4
885236,4
885237,4
885238,4
885239,5
885240,5
885241,4
885242,4
885243,1
885244,4
885245,4
885246,4
885247,5
885248,4
885249,4
885250,4
885251,4
885252,4
885253,4
885254,4
885255,4
885256,4
885257,1
885258,4
885259,4
885260,4
885261,4
885262,4
885263,4
885264,4
885265,1
885266,5
885267,4
885268,1
885269,4
885270,1
885271,4
885272,4
885273,1
885274,4
885275,4
885276,4
885277,4
885278,4
885279,4
885280,1
885281,4
885282,4
885283,4
885284,4
885285,5
885286,4
885287,5
885288,4
885289,4
885290,4
885291,4
885292,4
885293,4
885294,4
885295,4
885296,4
885297,4
885298,1
885299,1
885300,4
885301,4
885302,4
885303,5
885304,4
885305,1
885306,4
885307,4
885308,4
885309,4
885310,4
885311,4
885312,5
885313,4
885314,1
885315,4
885316,4
885317,1
885318,1
885319,4
885320,4
885321,1
885322,4
885323,4
885324,4
885325,4
885326,4
885327,4
885328,4
885329,4
885330,1
885331,4
885332,4
885333,4
885334,3
885335,4
885336,4
885337,1
885338,1
885339,4
885340,4
885341,4
885342,4
885343,4
885344,4
885345,4
885346,4
885347,4
885348,4
885349,4
885350,4
885351,4
885352,4
885353,4
885354,4
885355,4
885356,4
885357,4
885358,5
885359,1
885360,4
885361,4
885362,4
885363,4
885364,4
885365,4
885366,4
885367,4
885368,4
885369,4
885370,4
885371,4
885372,4
885373,4
885374,4
885375,4
885376,4
885377,4
885378,4
885379,4
885380,1
885381,4
885382,4
885383,4
885384,4
885385,4
885386,4
885387,4
885388,4
885389,4
885390,1
885391,4
885392,4
885393,4
885394,4
885395,4
885396,4
885397,1
885398,4
885399,4
885400,4
885401,4
885402,1
885403,4
885404,4
885405,1
885406,4
885407,4
885408,5
885409,1
885410,5
885411,5
885412,4
885413,4
885414,5
885415,1
885416,4
885417,4
885418,4
885419,4
885420,5
885421,4
885422,5
885423,5
885424,4
885425,4
885426,1
885427,4
885428,4
885429,1
885430,4
885431,4
885432,4
885433,1
885434,4
885435,4
885436,4
885437,1
885438,4
885439,4
885440,4
885441,5
885442,4
885443,4
885444,4
885445,4
885446,4
885447,5
885448,4
885449,4
885450,5
885451,4
885452,5
885453,4
885454,1
885455,4
885456,4
885457,4
885458,4
885459,4
885460,4
885461,4
885462,5
885463,1
885464,4
885465,5
885466,4
885467,4
885468,4
885469,4
885470,1
885471,5
885472,5
885473,5
885474,5
885475,4
885476,4
885477,4
885478,4
885479,4
885480,1
885481,5
885482,4
885483,4
885484,4
885485,5
885486,4
885487,4
885488,4
885489,1
885490,4
885491,4
885492,4
885493,4
885494,4
885495,4
885496,4
885497,4
885498,4
885499,4
885500,4
885501,4
885502,4
885503,4
885504,4
885505,4
885506,4
885507,5
885508,5
885509,5
885510,4
885511,5
885512,1
885513,4
885514,4
885515,4
885516,4
885517,4
885518,4
885519,4
885520,4
885521,4
885522,4
885523,5
885524,4
885525,4
885526,4
885527,4
885528,4
885529,4
885530,4
885531,4
885532,4
885533,4
885534,4
885535,4
885536,4
885537,4
885538,4
885539,4
885540,1
885541,5
885542,4
885543,1
885544,4
885545,4
885546,4
885547,4
885548,1
885549,4
885550,4
885551,5
885552,4
885553,4
885554,4
885555,4
885556,4
885557,4
885558,5
885559,1
885560,4
885561,4
885562,4
885563,4
885564,4
885565,4
885566,4
885567,4
885568,4
885569,4
885570,4
885571,4
885572,4
885573,4
885574,4
885575,4
885576,4
885577,4
885578,1
885579,4
885580,4
885581,4
885582,4
885583,4
885584,4
885585,4
885586,4
885587,4
885588,4
885589,4
885590,4
885591,4
885592,4
885593,1
885594,4
885595,4
885596,4
885597,4
885598,4
885599,4
885600,4
885601,1
885602,4
885603,4
885604,4
885605,4
885606,3
885607,1
885608,4
885609,3
885610,3
885611,3
885612,3
885613,3
885614,4
885615,3
885616,4
885617,3
885618,3
885619,4
885620,4
885621,4
885622,3
885623,4
885624,3
885625,1
885626,3
885627,4
885628,3
885629,3
885630,3
885631,4
885632,4
885633,3
885634,3
885635,3
885636,3
885637,3
885638,3
885639,3
885640,1
885641,4
885642,3
885643,4
885644,3
885645,4
885646,4
885647,4
885648,4
885649,3
885650,4
885651,3
885652,4
885653,3
885654,3
885655,3
885656,3
885657,1
885658,4
885659,5
885660,4
885661,4
885662,1
885663,4
885664,4
885665,4
885666,1
885667,4
885668,5
885669,4
885670,4
885671,5
885672,4
885673,4
885674,4
885675,4
885676,4
885677,4
885678,4
885679,4
885680,4
885681,5
885682,1
885683,1
885684,4
885685,5
885686,1
885687,5
885688,1
885689,4
885690,1
885691,5
885692,4
885693,4
885694,5
885695,4
885696,1
885697,4
885698,4
885699,4
885700,4
885701,4
885702,4
885703,4
885704,4
885705,1
885706,4
885707,4
885708,5
885709,5
885710,4
885711,4
885712,4
885713,4
885714,4
885715,4
885716,4
885717,4
885718,4
885719,1
885720,4
885721,5
885722,4
885723,4
885724,5
885725,4
885726,4
885727,5
885728,4
885729,5
885730,4
885731,4
885732,4
885733,4
885734,5
885735,4
885736,4
885737,4
885738,5
885739,1
885740,4
885741,4
885742,4
885743,1
885744,4
885745,4
885746,1
885747,4
885748,4
885749,4
885750,4
885751,5
885752,4
885753,1
885754,4
885755,5
885756,1
885757,5
885758,4
885759,4
885760,4
885761,4
885762,1
885763,4
885764,4
885765,4
885766,4
885767,4
885768,4
885769,1
885770,1
885771,1
885772,4
885773,4
885774,5
885775,4
885776,1
885777,4
885778,5
885779,5
885780,4
885781,5
885782,4
885783,4
885784,4
885785,1
885786,1
885787,4
885788,4
885789,5
885790,4
885791,4
885792,5
885793,5
885794,4
885795,4
885796,4
885797,4
885798,4
885799,4
885800,4
885801,5
885802,5
885803,4
885804,5
885805,4
885806,5
885807,5
885808,4
885809,4
885810,4
885811,4
885812,5
885813,4
885814,1
885815,4
885816,4
885817,5
885818,4
885819,4
885820,4
885821,5
885822,4
885823,5
885824,4
885825,4
885826,4
885827,5
885828,5
885829,4
885830,4
885831,1
885832,4
885833,1
885834,5
885835,4
885836,1
885837,5
885838,5
885839,4
885840,5
885841,5
885842,4
885843,5
885844,4
885845,5
885846,4
885847,5
885848,4
885849,4
885850,4
885851,4
885852,4
885853,4
885854,4
885855,5
885856,5
885857,5
885858,5
885859,4
885860,4
885861,4
885862,4
885863,4
885864,4
885865,4
885866,4
885867,4
885868,4
885869,5
885870,5
885871,4
885872,4
885873,4
885874,4
885875,4
885876,4
885877,4
885878,1
885879,4
885880,4
885881,1
885882,4
885883,4
885884,5
885885,5
885886,5
885887,5
885888,4
885889,4
885890,5
885891,4
885892,4
885893,4
885894,1
885895,5
885896,1
885897,4
885898,4
885899,4
885900,4
885901,4
885902,4
885903,4
885904,4
885905,4
885906,4
885907,4
885908,1
885909,4
885910,4
885911,1
885912,4
885913,4
885914,4
885915,4
885916,4
885917,4
885918,4
885919,4
885920,4
885921,4
885922,4
885923,4
885924,4
885925,4
885926,4
885927,4
885928,4
885929,4
885930,4
885931,4
885932,4
885933,4
885934,4
885935,4
885936,4
885937,4
885938,4
885939,4
885940,4
885941,4
885942,4
885943,4
885944,5
885945,4
885946,4
885947,1
885948,5
885949,4
885950,4
885951,4
885952,5
885953,1
885954,4
885955,5
885956,4
885957,4
885958,4
885959,4
885960,4
885961,4
885962,5
885963,5
885964,4
885965,4
885966,4
885967,4
885968,4
885969,4
885970,1
885971,5
885972,4
885973,4
885974,4
885975,4
885976,4
885977,4
885978,4
885979,4
885980,1
885981,4
885982,4
885983,4
885984,3
885985,1
885986,3
885987,4
885988,4
885989,4
885990,4
885991,4
885992,4
885993,3
885994,4
885995,4
885996,3
885997,4
885998,4
885999,5
886000,4
886001,4
886002,4
886003,4
886004,5
886005,4
886006,5
886007,4
886008,5
886009,4
886010,4
886011,4
886012,4
886013,4
886014,1
886015,4
886016,4
886017,4
886018,4
886019,4
886020,1
886021,4
886022,5
886023,4
886024,4
886025,4
886026,4
886027,1
886028,4
886029,4
886030,4
886031,1
886032,4
886033,4
886034,1
886035,1
886036,4
886037,4
886038,1
886039,4
886040,4
886041,4
886042,4
886043,4
886044,4
886045,4
886046,4
886047,4
886048,4
886049,4
886050,4
886051,4
886052,4
886053,4
886054,4
886055,4
886056,4
886057,4
886058,4
886059,4
886060,4
886061,4
886062,4
886063,4
886064,4
886065,4
886066,4
886067,1
886068,5
886069,4
886070,3
886071,4
886072,4
886073,4
886074,4
886075,4
886076,1
886077,1
886078,4
886079,4
886080,1
886081,4
886082,1
886083,1
886084,4
886085,3
886086,4
886087,4
886088,4
886089,4
886090,4
886091,4
886092,1
886093,4
886094,4
886095,4
886096,1
886097,4
886098,4
886099,1
886100,3
886101,4
886102,4
886103,4
886104,4
886105,4
886106,1
886107,4
886108,4
886109,1
886110,4
886111,4
886112,4
886113,4
886114,1
886115,1
886116,4
886117,4
886118,4
886119,4
886120,4
886121,4
886122,4
886123,4
886124,4
886125,4
886126,4
886127,4
886128,4
886129,4
886130,4
886131,4
886132,4
886133,1
886134,4
886135,3
886136,4
886137,3
886138,3
886139,1
886140,3
886141,4
886142,4
886143,3
886144,3
886145,3
886146,3
886147,4
886148,1
886149,4
886150,4
886151,3
886152,3
886153,3
886154,3
886155,4
886156,3
886157,3
886158,3
886159,4
886160,4
886161,4
886162,4
886163,3
886164,4
886165,3
886166,3
886167,4
886168,4
886169,1
886170,4
886171,3
886172,1
886173,4
886174,3
886175,3
886176,5
886177,4
886178,3
886179,5
886180,4
886181,4
886182,3
886183,3
886184,1
886185,4
886186,4
886187,4
886188,3
886189,4
886190,4
886191,5
886192,1
886193,4
886194,4
886195,4
886196,4
886197,4
886198,4
886199,4
886200,4
886201,4
886202,4
886203,4
886204,4
886205,4
886206,4
886207,4
886208,4
886209,1
886210,4
886211,1
886212,4
886213,4
886214,4
886215,4
886216,4
886217,4
886218,1
886219,4
886220,4
886221,4
886222,4
886223,1
886224,4
886225,4
886226,4
886227,4
886228,4
886229,4
886230,4
886231,4
886232,4
886233,4
886234,4
886235,5
886236,4
886237,4
886238,4
886239,4
886240,4
886241,4
886242,4
886243,4
886244,4
886245,5
886246,4
886247,1
886248,4
886249,4
886250,4
886251,4
886252,4
886253,5
886254,4
886255,4
886256,3
886257,4
886258,4
886259,4
886260,1
886261,4
886262,4
886263,4
886264,4
886265,4
886266,1
886267,4
886268,1
886269,4
886270,4
886271,4
886272,4
886273,4
886274,4
886275,4
886276,4
886277,5
886278,4
886279,1
886280,4
886281,5
886282,1
886283,4
886284,4
886285,4
886286,4
886287,4
886288,1
886289,4
886290,4
886291,4
886292,4
886293,4
886294,4
886295,1
886296,4
886297,4
886298,4
886299,1
886300,4
886301,4
886302,4
886303,4
886304,4
886305,4
886306,4
886307,1
886308,4
886309,4
886310,4
886311,4
886312,1
886313,4
886314,4
886315,4
886316,4
886317,4
886318,4
886319,4
886320,4
886321,5
886322,4
886323,4
886324,5
886325,4
886326,4
886327,4
886328,4
886329,4
886330,4
886331,4
886332,4
886333,4
886334,4
886335,4
886336,4
886337,4
886338,4
886339,4
886340,4
886341,4
886342,4
886343,4
886344,4
886345,4
886346,4
886347,4
886348,4
886349,4
886350,4
886351,1
886352,4
886353,4
886354,4
886355,4
886356,4
886357,4
886358,1
886359,4
886360,4
886361,5
886362,4
886363,4
886364,4
886365,4
886366,4
886367,1
886368,4
886369,4
886370,4
886371,4
886372,4
886373,4
886374,4
886375,4
886376,1
886377,4
886378,4
886379,4
886380,4
886381,4
886382,5
886383,4
886384,4
886385,4
886386,4
886387,4
886388,4
886389,4
886390,1
886391,4
886392,4
886393,4
886394,4
886395,4
886396,4
886397,4
886398,5
886399,4
886400,1
886401,4
886402,4
886403,4
886404,4
886405,4
886406,4
886407,4
886408,5
886409,4
886410,4
886411,4
886412,4
886413,4
886414,1
886415,4
886416,4
886417,4
886418,4
886419,4
886420,4
886421,4
886422,1
886423,4
886424,4
886425,1
886426,4
886427,1
886428,1
886429,4
886430,4
886431,4
886432,1
886433,1
886434,1
886435,4
886436,4
886437,4
886438,4
886439,4
886440,1
886441,4
886442,4
886443,4
886444,4
886445,4
886446,4
886447,4
886448,4
886449,4
886450,5
886451,4
886452,4
886453,4
886454,4
886455,4
886456,4
886457,4
886458,1
886459,1
886460,4
886461,4
886462,4
886463,4
886464,1
886465,4
886466,4
886467,4
886468,1
886469,1
886470,1
886471,4
886472,3
886473,4
886474,4
886475,4
886476,4
886477,4
886478,4
886479,4
886480,4
886481,4
886482,4
886483,4
886484,4
886485,4
886486,4
886487,1
886488,4
886489,4
886490,4
886491,4
886492,4
886493,4
886494,4
886495,4
886496,4
886497,1
886498,4
886499,4
886500,1
886501,4
886502,4
886503,4
886504,4
886505,4
886506,4
886507,4
886508,5
886509,5
886510,4
886511,4
886512,4
886513,5
886514,5
886515,4
886516,4
886517,4
886518,5
886519,5
886520,4
886521,5
886522,4
886523,4
886524,4
886525,4
886526,5
886527,4
886528,4
886529,4
886530,4
886531,4
886532,4
886533,5
886534,4
886535,4
886536,4
886537,4
886538,4
886539,4
886540,4
886541,4
886542,5
886543,4
886544,4
886545,5
886546,4
886547,1
886548,5
886549,1
886550,4
886551,4
886552,4
