958553,3
958554,3
958555,5
958556,3
958557,5
958558,3
958559,3
958560,3
958561,4
958562,4
958563,4
958564,4
958565,3
958566,3
958567,3
958568,4
958569,4
958570,3
958571,4
958572,4
958573,3
958574,3
958575,1
958576,1
958577,3
958578,3
958579,3
958580,3
958581,3
958582,3
958583,3
958584,3
958585,3
958586,4
958587,1
958588,4
958589,1
958590,4
958591,3
958592,4
958593,4
958594,4
958595,4
958596,3
958597,3
958598,4
958599,3
958600,4
958601,4
958602,3
958603,3
958604,1
958605,3
958606,3
958607,5
958608,3
958609,4
958610,4
958611,3
958612,3
958613,1
958614,4
958615,1
958616,3
958617,4
958618,4
958619,4
958620,4
958621,4
958622,4
958623,3
958624,3
958625,4
958626,4
958627,3
958628,3
958629,3
958630,4
958631,3
958632,1
958633,3
958634,3
958635,4
958636,3
958637,3
958638,4
958639,3
958640,3
958641,3
958642,3
958643,3
958644,3
958645,4
958646,4
958647,3
958648,1
958649,3
958650,3
958651,3
958652,3
958653,3
958654,3
958655,3
958656,3
958657,3
958658,5
958659,4
958660,3
958661,3
958662,4
958663,4
958664,4
958665,4
958666,4
958667,4
958668,4
958669,4
958670,4
958671,4
958672,4
958673,4
958674,4
958675,4
958676,4
958677,4
958678,4
958679,4
958680,4
958681,4
958682,4
958683,4
958684,4
958685,4
958686,4
958687,4
958688,4
958689,4
958690,4
958691,4
958692,4
958693,4
958694,4
958695,4
958696,4
958697,4
958698,4
958699,4
958700,1
958701,4
958702,1
958703,4
958704,4
958705,4
958706,4
958707,4
958708,4
958709,4
958710,4
958711,4
958712,4
958713,4
958714,4
958715,4
958716,4
958717,4
958718,4
958719,4
958720,5
958721,1
958722,4
958723,4
958724,4
958725,1
958726,4
958727,4
958728,4
958729,4
958730,3
958731,1
958732,4
958733,1
958734,3
958735,3
958736,4
958737,1
958738,4
958739,3
958740,3
958741,3
958742,3
958743,4
958744,4
958745,1
958746,4
958747,4
958748,4
958749,3
958750,1
958751,4
958752,3
958753,4
958754,4
958755,3
958756,3
958757,4
958758,4
958759,4
958760,3
958761,1
958762,3
958763,3
958764,3
958765,3
958766,4
958767,4
958768,3
958769,1
958770,4
958771,3
958772,4
958773,3
958774,5
958775,4
958776,4
958777,3
958778,4
958779,3
958780,3
958781,3
958782,4
958783,4
958784,3
958785,4
958786,3
958787,4
958788,1
958789,4
958790,3
958791,4
958792,3
958793,4
958794,4
958795,3
958796,3
958797,4
958798,4
958799,4
958800,1
958801,1
958802,1
958803,1
958804,4
958805,4
958806,4
958807,4
958808,3
958809,5
958810,1
958811,3
958812,3
958813,4
958814,3
958815,3
958816,4
958817,1
958818,3
958819,3
958820,3
958821,4
958822,3
958823,3
958824,3
958825,1
958826,3
958827,4
958828,4
958829,4
958830,3
958831,4
958832,4
958833,3
958834,3
958835,1
958836,3
958837,4
958838,3
958839,3
958840,3
958841,3
958842,3
958843,3
958844,3
958845,4
958846,4
958847,4
958848,4
958849,3
958850,4
958851,3
958852,1
958853,3
958854,3
958855,3
958856,1
958857,4
958858,1
958859,4
958860,4
958861,3
958862,3
958863,3
958864,3
958865,3
958866,3
958867,4
958868,1
958869,4
958870,4
958871,4
958872,1
958873,4
958874,4
958875,4
958876,4
958877,4
958878,4
958879,4
958880,4
958881,4
958882,4
958883,4
958884,4
958885,4
958886,4
958887,1
958888,4
958889,4
958890,4
958891,4
958892,4
958893,4
958894,4
958895,4
958896,4
958897,4
958898,4
958899,4
958900,4
958901,4
958902,4
958903,4
958904,4
958905,4
958906,4
958907,4
958908,4
958909,4
958910,4
958911,4
958912,4
958913,4
958914,4
958915,4
958916,4
958917,4
958918,4
958919,4
958920,4
958921,4
958922,4
958923,4
958924,4
958925,1
958926,4
958927,4
958928,1
958929,4
958930,4
958931,4
958932,4
958933,1
958934,4
958935,1
958936,4
958937,4
958938,4
958939,4
958940,4
958941,4
958942,4
958943,4
958944,4
958945,1
958946,4
958947,4
958948,1
958949,4
958950,5
958951,4
958952,4
958953,5
958954,4
958955,1
958956,4
958957,4
958958,4
958959,4
958960,4
958961,4
958962,4
958963,4
958964,5
958965,4
958966,1
958967,4
958968,1
958969,4
958970,4
958971,4
958972,4
958973,4
958974,5
958975,5
958976,4
958977,4
958978,5
958979,4
958980,4
958981,4
958982,4
958983,4
958984,4
958985,4
958986,1
958987,4
958988,4
958989,4
958990,5
958991,4
958992,4
958993,4
958994,1
958995,1
958996,1
958997,4
958998,4
958999,4
959000,3
959001,5
959002,4
959003,4
959004,5
959005,4
959006,4
959007,4
959008,1
959009,4
959010,4
959011,5
959012,5
959013,4
959014,4
959015,4
959016,4
959017,5
959018,4
959019,4
959020,4
959021,1
959022,4
959023,4
959024,4
959025,4
959026,4
959027,4
959028,4
959029,4
959030,4
959031,4
959032,4
959033,4
959034,1
959035,4
959036,4
959037,4
959038,4
959039,4
959040,4
959041,4
959042,4
959043,4
959044,4
959045,4
959046,4
959047,4
959048,4
959049,4
959050,4
959051,4
959052,4
959053,4
959054,5
959055,4
959056,1
959057,4
959058,4
959059,1
959060,4
959061,4
959062,4
959063,4
959064,4
959065,4
959066,4
959067,4
959068,4
959069,1
959070,3
959071,4
959072,1
959073,4
959074,4
959075,4
959076,3
959077,1
959078,4
959079,1
959080,4
959081,4
959082,3
959083,3
959084,4
959085,4
959086,4
959087,4
959088,1
959089,4
959090,4
959091,5
959092,4
959093,4
959094,4
959095,4
959096,1
959097,4
959098,5
959099,4
959100,4
959101,4
959102,4
959103,4
959104,4
959105,4
959106,5
959107,4
959108,5
959109,4
959110,4
959111,5
959112,5
959113,4
959114,5
959115,1
959116,4
959117,4
959118,4
959119,4
959120,4
959121,5
959122,5
959123,4
959124,4
959125,5
959126,4
959127,5
959128,4
959129,4
959130,4
959131,4
959132,4
959133,5
959134,1
959135,4
959136,5
959137,4
959138,4
959139,4
959140,1
959141,4
959142,4
959143,4
959144,4
959145,4
959146,4
959147,4
959148,4
959149,1
959150,4
959151,4
959152,4
959153,4
959154,4
959155,4
959156,4
959157,4
959158,4
959159,4
959160,4
959161,1
959162,4
959163,4
959164,4
959165,4
959166,4
959167,1
959168,4
959169,4
959170,5
959171,4
959172,4
959173,4
959174,4
959175,4
959176,4
959177,4
959178,4
959179,4
959180,4
959181,4
959182,4
959183,4
959184,4
959185,4
959186,4
959187,4
959188,5
959189,4
959190,4
959191,4
959192,4
959193,5
959194,4
959195,4
959196,4
959197,4
959198,4
959199,4
959200,4
959201,1
959202,4
959203,4
959204,4
959205,4
959206,1
959207,4
959208,4
959209,1
959210,4
959211,4
959212,4
959213,4
959214,4
959215,4
959216,4
959217,1
959218,4
959219,4
959220,1
959221,4
959222,4
959223,4
959224,4
959225,4
959226,4
959227,4
959228,4
959229,4
959230,4
959231,5
959232,4
959233,4
959234,4
959235,4
959236,4
959237,4
959238,4
959239,1
959240,4
959241,4
959242,4
959243,4
959244,4
959245,4
959246,4
959247,4
959248,4
959249,5
959250,4
959251,5
959252,4
959253,5
959254,4
959255,4
959256,4
959257,4
959258,5
959259,4
959260,4
959261,4
959262,5
959263,5
959264,4
959265,5
959266,4
959267,4
959268,4
959269,1
959270,4
959271,4
959272,4
959273,4
959274,4
959275,4
959276,4
959277,4
959278,4
959279,4
959280,4
959281,1
959282,1
959283,4
959284,4
959285,4
959286,4
959287,4
959288,4
959289,4
959290,4
959291,4
959292,4
959293,4
959294,4
959295,1
959296,4
959297,4
959298,4
959299,4
959300,4
959301,4
959302,3
959303,4
959304,3
959305,4
959306,4
959307,3
959308,4
959309,4
959310,4
959311,5
959312,4
959313,5
959314,4
959315,4
959316,4
959317,4
959318,4
959319,4
959320,1
959321,4
959322,1
959323,4
959324,4
959325,4
959326,4
959327,4
959328,4
959329,1
959330,4
959331,5
959332,4
959333,5
959334,4
959335,1
959336,4
959337,4
959338,4
959339,4
959340,5
959341,4
959342,4
959343,4
959344,4
959345,4
959346,1
959347,4
959348,4
959349,5
959350,5
959351,4
959352,5
959353,4
959354,5
959355,4
959356,4
959357,4
959358,4
959359,4
959360,4
959361,4
959362,1
959363,4
959364,4
959365,1
959366,4
959367,5
959368,4
959369,4
959370,4
959371,4
959372,1
959373,4
959374,1
959375,4
959376,4
959377,4
959378,4
959379,4
959380,4
959381,4
959382,4
959383,4
959384,4
959385,1
959386,4
959387,4
959388,4
959389,4
959390,4
959391,4
959392,4
959393,4
959394,4
959395,4
959396,4
959397,4
959398,4
959399,4
959400,4
959401,4
959402,4
959403,5
959404,4
959405,4
959406,4
959407,4
959408,4
959409,4
959410,4
959411,4
959412,4
959413,4
959414,4
959415,4
959416,4
959417,4
959418,4
959419,1
959420,4
959421,1
959422,4
959423,4
959424,4
959425,4
959426,4
959427,4
959428,1
959429,4
959430,4
959431,4
959432,4
959433,4
959434,4
959435,1
959436,4
959437,4
959438,4
959439,4
959440,4
959441,4
959442,4
959443,4
959444,1
959445,4
959446,4
959447,4
959448,4
959449,4
959450,4
959451,4
959452,4
959453,4
959454,4
959455,4
959456,4
959457,5
959458,1
959459,4
959460,4
959461,5
959462,4
959463,4
959464,4
959465,4
959466,4
959467,4
959468,4
959469,4
959470,4
959471,4
959472,4
959473,4
959474,4
959475,4
959476,4
959477,4
959478,4
959479,4
959480,4
959481,5
959482,1
959483,4
959484,4
959485,5
959486,4
959487,5
959488,4
959489,4
959490,4
959491,4
959492,4
959493,4
959494,4
959495,4
959496,4
959497,4
959498,4
959499,4
959500,4
959501,4
959502,4
959503,4
959504,5
959505,4
959506,5
959507,4
959508,5
959509,4
959510,4
959511,4
959512,4
959513,4
959514,4
959515,4
959516,4
959517,1
959518,5
959519,4
959520,4
959521,1
959522,4
959523,4
959524,4
959525,4
959526,4
959527,4
959528,4
959529,4
959530,4
959531,4
959532,4
959533,4
959534,4
959535,4
959536,4
959537,4
959538,4
959539,4
959540,4
959541,4
959542,4
959543,4
959544,4
959545,4
959546,4
959547,4
959548,1
959549,1
959550,4
959551,1
959552,4
959553,4
959554,4
959555,4
959556,4
959557,1
959558,4
959559,4
959560,4
959561,4
959562,4
959563,4
959564,4
959565,4
959566,4
959567,4
959568,4
959569,4
959570,5
959571,4
959572,4
959573,4
959574,4
959575,4
959576,4
959577,1
959578,4
959579,4
959580,4
959581,4
959582,4
959583,4
959584,4
959585,4
959586,4
959587,4
959588,4
959589,4
959590,4
959591,5
959592,4
959593,4
959594,4
959595,4
959596,4
959597,5
959598,4
959599,1
959600,4
959601,5
959602,4
959603,4
959604,4
959605,4
959606,4
959607,4
959608,4
959609,4
959610,4
959611,3
959612,4
959613,4
959614,4
959615,4
959616,4
959617,4
959618,4
959619,4
959620,4
959621,4
959622,4
959623,4
959624,3
959625,4
959626,4
959627,4
959628,4
959629,3
959630,4
959631,4
959632,4
959633,4
959634,3
959635,3
959636,4
959637,4
959638,4
959639,4
959640,4
959641,4
959642,4
959643,1
959644,4
959645,4
959646,1
959647,4
959648,4
959649,4
959650,4
959651,4
959652,4
959653,1
959654,1
959655,1
959656,4
959657,4
959658,4
959659,4
959660,4
959661,4
959662,4
959663,4
959664,4
959665,4
959666,4
959667,4
959668,4
959669,1
959670,4
959671,4
959672,4
959673,4
959674,4
959675,4
959676,4
959677,1
959678,4
959679,4
959680,4
959681,4
959682,4
959683,5
959684,4
959685,4
959686,4
959687,4
959688,4
959689,1
959690,4
959691,4
959692,4
959693,5
959694,4
959695,4
959696,4
959697,4
959698,4
959699,4
959700,1
959701,4
959702,4
959703,4
959704,4
959705,4
959706,1
959707,5
959708,4
959709,4
959710,4
959711,1
959712,4
959713,4
959714,5
959715,4
959716,4
959717,4
959718,5
959719,4
959720,4
959721,4
959722,5
959723,4
959724,4
959725,1
959726,5
959727,4
959728,4
959729,5
959730,4
959731,4
959732,4
959733,5
959734,4
959735,4
959736,4
959737,4
959738,4
959739,4
959740,4
959741,4
959742,5
959743,4
959744,1
959745,1
959746,4
959747,5
959748,4
959749,1
959750,4
959751,4
959752,4
959753,4
959754,4
959755,5
959756,1
959757,4
959758,5
959759,4
959760,5
959761,4
959762,4
959763,4
959764,4
959765,4
959766,4
959767,5
959768,1
959769,4
959770,1
959771,5
959772,4
959773,1
959774,4
959775,4
959776,4
959777,1
959778,4
959779,4
959780,4
959781,4
959782,4
959783,4
959784,5
959785,4
959786,4
959787,4
959788,5
959789,4
959790,5
959791,1
959792,4
959793,4
959794,4
959795,4
959796,4
959797,5
959798,5
959799,4
959800,1
959801,4
959802,4
959803,4
959804,4
959805,4
959806,4
959807,5
959808,4
959809,4
959810,4
959811,4
959812,4
959813,4
959814,4
959815,4
959816,4
959817,4
959818,4
959819,4
959820,4
959821,4
959822,4
959823,4
959824,1
959825,4
959826,1
959827,4
959828,4
959829,4
959830,4
959831,4
959832,1
959833,4
959834,4
959835,4
959836,4
959837,4
959838,4
959839,4
959840,4
959841,4
959842,5
959843,4
959844,1
959845,1
959846,4
959847,4
959848,4
959849,4
959850,4
959851,4
959852,4
959853,4
959854,4
959855,4
959856,4
959857,1
959858,4
959859,4
959860,4
959861,4
959862,4
959863,4
959864,4
959865,5
959866,4
959867,4
959868,4
959869,4
959870,4
959871,4
959872,4
959873,1
959874,4
959875,4
959876,4
959877,4
959878,4
959879,4
959880,4
959881,4
959882,4
959883,4
959884,4
959885,4
959886,1
959887,4
959888,4
959889,4
959890,4
959891,4
959892,4
959893,4
959894,4
959895,1
959896,4
959897,4
959898,4
959899,4
959900,4
959901,4
959902,4
959903,1
959904,4
959905,4
959906,4
959907,4
959908,4
959909,3
959910,4
959911,4
959912,5
959913,4
959914,4
959915,4
959916,4
959917,4
959918,4
959919,4
959920,4
959921,4
959922,4
959923,4
959924,4
959925,4
959926,4
959927,4
959928,4
959929,4
959930,4
959931,4
959932,4
959933,5
959934,1
959935,4
959936,4
959937,4
959938,5
959939,4
959940,4
959941,4
959942,4
959943,4
959944,5
959945,4
959946,4
959947,1
959948,4
959949,4
959950,4
959951,4
959952,4
959953,5
959954,5
959955,4
959956,5
959957,5
959958,4
959959,4
959960,4
959961,4
959962,5
959963,4
959964,4
959965,1
959966,4
959967,5
959968,4
959969,4
959970,4
959971,4
959972,4
959973,4
959974,4
959975,4
959976,4
959977,1
959978,4
959979,4
959980,4
959981,4
959982,4
959983,4
959984,4
959985,5
959986,4
959987,1
959988,4
959989,1
959990,4
959991,4
959992,4
959993,4
959994,4
959995,1
959996,4
959997,4
959998,4
959999,4
960000,4
960001,4
960002,1
960003,4
960004,4
960005,4
960006,1
960007,4
960008,4
960009,1
960010,4
960011,4
960012,4
960013,4
960014,4
960015,4
960016,4
960017,4
960018,4
960019,4
960020,5
960021,4
960022,1
960023,4
960024,4
960025,4
960026,4
960027,4
960028,1
960029,4
960030,1
960031,4
960032,4
960033,4
960034,4
960035,4
960036,4
960037,1
960038,4
960039,4
960040,4
960041,4
960042,1
960043,5
960044,4
960045,4
960046,4
960047,4
960048,4
960049,4
960050,4
960051,4
960052,4
960053,5
960054,4
960055,4
960056,4
960057,5
960058,5
960059,4
960060,4
960061,4
960062,5
960063,5
960064,5
960065,4
960066,4
960067,4
960068,4
960069,5
960070,4
960071,4
960072,4
960073,5
960074,5
960075,4
960076,4
960077,5
960078,5
960079,4
960080,5
960081,4
960082,4
960083,1
960084,4
960085,4
960086,4
960087,5
960088,1
960089,4
960090,4
960091,1
960092,5
960093,4
960094,4
960095,4
960096,5
960097,4
960098,4
960099,1
960100,4
960101,4
960102,1
960103,5
960104,4
960105,1
960106,4
960107,4
960108,4
960109,4
960110,4
960111,4
960112,4
960113,5
960114,4
960115,5
960116,4
960117,4
960118,4
960119,1
960120,4
960121,4
960122,4
960123,5
960124,1
960125,5
960126,4
960127,1
960128,4
960129,5
960130,5
960131,4
960132,1
960133,4
960134,5
960135,5
960136,5
960137,1
960138,4
960139,5
960140,4
960141,4
960142,4
960143,4
960144,4
960145,1
960146,4
960147,4
960148,4
960149,4
960150,4
960151,4
960152,4
960153,4
960154,4
960155,4
960156,4
960157,4
960158,1
960159,5
960160,4
960161,1
960162,4
960163,4
960164,1
960165,4
960166,1
960167,4
960168,5
960169,4
960170,4
960171,4
960172,4
960173,4
960174,1
960175,4
960176,4
960177,4
960178,4
960179,4
960180,4
960181,5
960182,4
960183,4
960184,4
960185,1
960186,4
960187,4
960188,1
960189,4
960190,4
960191,1
960192,4
960193,1
960194,4
960195,4
960196,4
960197,5
960198,4
960199,4
960200,4
960201,4
960202,4
960203,4
960204,4
960205,1
960206,4
960207,4
960208,4
960209,4
960210,4
960211,4
960212,4
960213,5
960214,4
960215,1
960216,4
960217,4
960218,5
960219,4
960220,4
960221,4
960222,4
960223,4
960224,4
960225,4
960226,4
960227,4
960228,4
960229,4
960230,4
960231,4
960232,4
960233,4
960234,4
960235,4
960236,4
960237,4
960238,5
960239,4
960240,4
960241,4
960242,4
960243,4
960244,4
960245,4
960246,4
960247,4
960248,4
960249,4
960250,4
960251,1
960252,4
960253,4
960254,4
960255,4
960256,4
960257,4
960258,4
960259,4
960260,1
960261,4
960262,4
960263,4
960264,4
960265,4
960266,4
960267,4
960268,1
960269,4
960270,4
960271,4
960272,1
960273,4
960274,5
960275,4
960276,4
960277,1
960278,4
960279,4
960280,4
960281,4
960282,4
960283,4
960284,4
960285,4
960286,4
960287,4
960288,4
960289,4
960290,4
960291,4
960292,4
960293,4
960294,4
960295,4
960296,4
960297,5
960298,5
960299,4
960300,4
960301,1
960302,4
960303,1
960304,4
960305,4
960306,4
960307,4
960308,4
960309,4
960310,4
960311,1
960312,4
960313,4
960314,4
960315,4
960316,1
960317,4
960318,4
960319,4
960320,4
960321,4
960322,4
960323,4
960324,4
960325,4
960326,4
960327,4
960328,4
960329,1
960330,4
960331,4
960332,4
960333,4
960334,4
960335,4
960336,4
960337,4
960338,4
960339,4
960340,4
960341,4
960342,4
960343,4
960344,4
960345,4
960346,1
960347,4
960348,4
960349,4
960350,5
960351,4
960352,4
960353,4
960354,4
960355,4
960356,4
960357,4
960358,4
960359,4
960360,4
960361,4
960362,4
960363,4
960364,1
960365,4
960366,4
960367,1
960368,4
960369,4
960370,4
960371,4
960372,4
960373,4
960374,4
960375,4
960376,1
960377,1
960378,1
960379,4
960380,4
960381,4
960382,4
960383,4
960384,4
960385,4
960386,4
960387,1
960388,4
960389,1
960390,4
960391,4
960392,4
960393,1
960394,4
960395,4
960396,4
960397,4
960398,4
960399,4
960400,4
960401,1
960402,4
960403,5
960404,4
960405,4
960406,4
960407,4
960408,4
960409,4
960410,1
960411,4
960412,4
960413,4
960414,4
960415,4
960416,4
960417,4
960418,4
960419,1
960420,4
960421,4
960422,4
960423,4
960424,4
960425,4
960426,4
960427,4
960428,4
960429,4
960430,1
960431,4
960432,4
960433,1
960434,4
960435,4
960436,4
960437,4
960438,4
960439,1
960440,4
960441,4
960442,4
960443,4
960444,4
960445,1
960446,4
960447,4
960448,4
960449,4
960450,4
960451,4
960452,4
960453,4
960454,1
960455,4
960456,1
960457,4
960458,4
960459,4
960460,4
960461,4
960462,4
960463,4
960464,4
960465,4
960466,4
960467,4
960468,4
960469,4
960470,4
960471,4
960472,1
960473,4
960474,4
960475,4
960476,4
960477,4
960478,4
960479,4
960480,1
960481,4
960482,4
960483,4
960484,4
960485,4
960486,4
960487,4
960488,1
960489,4
960490,4
960491,4
960492,1
960493,4
960494,4
960495,1
960496,4
960497,4
960498,4
960499,1
960500,4
960501,4
960502,4
960503,4
960504,4
960505,1
960506,4
960507,4
960508,4
960509,4
960510,4
960511,4
960512,4
960513,5
960514,4
960515,4
960516,4
960517,4
960518,1
960519,4
960520,1
960521,4
960522,4
960523,4
960524,4
960525,4
960526,4
960527,4
960528,4
960529,4
960530,4
960531,4
960532,1
960533,4
960534,4
960535,4
960536,4
960537,4
960538,4
960539,4
960540,4
960541,4
960542,4
960543,4
960544,4
960545,4
960546,4
960547,4
960548,4
960549,4
960550,4
960551,4
960552,4
960553,4
960554,4
960555,4
960556,1
960557,4
960558,4
960559,4
960560,4
960561,4
960562,4
960563,4
960564,4
960565,4
960566,4
960567,4
960568,5
960569,4
960570,4
960571,4
960572,4
960573,4
960574,4
960575,4
960576,1
960577,4
960578,4
960579,4
960580,4
960581,5
960582,4
960583,4
960584,4
960585,4
960586,4
960587,4
960588,4
960589,3
960590,4
960591,4
960592,1
960593,4
960594,4
960595,4
960596,4
960597,4
960598,4
960599,4
960600,1
960601,4
960602,4
960603,4
960604,4
960605,4
960606,4
960607,4
960608,4
960609,4
960610,4
960611,4
960612,4
960613,4
960614,4
960615,4
960616,4
960617,4
960618,1
960619,5
960620,4
960621,4
960622,4
960623,4
960624,4
960625,4
960626,4
960627,4
960628,4
960629,4
960630,4
960631,4
960632,4
960633,4
960634,4
960635,4
960636,4
960637,4
960638,1
960639,4
960640,4
960641,4
960642,4
960643,4
960644,4
960645,4
960646,4
960647,4
960648,4
960649,1
960650,4
960651,4
960652,4
960653,5
960654,4
960655,4
960656,4
960657,4
960658,4
960659,4
960660,1
960661,4
960662,4
960663,4
960664,5
960665,4
960666,4
960667,4
960668,4
960669,5
960670,4
960671,4
960672,4
960673,4
960674,4
960675,4
960676,4
960677,4
960678,4
960679,4
960680,4
960681,4
960682,4
960683,4
960684,4
960685,4
960686,4
960687,4
960688,4
960689,4
960690,1
960691,4
960692,4
960693,4
960694,4
960695,4
960696,4
960697,4
960698,4
960699,4
960700,4
960701,4
960702,4
960703,4
960704,4
960705,1
960706,4
960707,4
960708,4
960709,1
960710,4
960711,4
960712,4
960713,4
960714,4
960715,5
960716,4
960717,5
960718,4
960719,4
960720,4
960721,4
960722,4
960723,4
960724,4
960725,1
960726,4
960727,4
960728,4
960729,4
960730,4
960731,4
960732,4
960733,4
960734,4
960735,4
960736,1
960737,4
960738,4
960739,4
960740,4
960741,4
960742,4
960743,4
960744,4
960745,4
960746,4
960747,4
960748,4
960749,1
960750,4
960751,1
960752,4
960753,4
960754,4
960755,1
960756,4
960757,1
960758,1
960759,4
960760,4
960761,4
960762,4
960763,4
960764,4
960765,4
960766,4
960767,4
960768,4
960769,4
960770,4
960771,4
960772,5
960773,4
960774,4
960775,4
960776,4
960777,4
960778,4
960779,4
960780,1
960781,4
960782,4
960783,4
960784,4
960785,1
960786,4
960787,4
960788,4
960789,4
960790,4
960791,4
960792,4
960793,4
960794,4
960795,4
960796,4
960797,4
960798,4
960799,4
960800,4
960801,1
960802,4
960803,4
960804,4
960805,4
960806,4
960807,4
960808,4
960809,4
960810,4
960811,4
960812,4
960813,4
960814,4
960815,4
960816,4
960817,1
960818,4
960819,3
960820,4
960821,4
960822,1
960823,3
960824,4
960825,4
960826,4
960827,4
960828,4
960829,4
960830,4
960831,4
960832,4
960833,4
960834,4
960835,4
960836,4
960837,4
960838,4
960839,4
960840,4
960841,4
960842,1
960843,4
960844,4
960845,4
960846,4
960847,4
960848,4
960849,1
960850,4
960851,4
960852,4
960853,4
960854,4
960855,4
960856,4
960857,4
960858,4
960859,4
960860,4
960861,4
960862,4
960863,4
960864,4
960865,4
960866,4
960867,4
960868,4
960869,4
960870,4
960871,5
960872,4
960873,1
960874,4
960875,4
960876,4
960877,4
960878,4
960879,5
960880,4
960881,1
960882,4
960883,4
960884,4
960885,4
960886,4
960887,4
960888,4
960889,4
960890,4
960891,4
960892,4
960893,3
960894,4
960895,4
960896,4
960897,4
960898,1
960899,4
960900,1
960901,4
960902,4
960903,4
960904,4
960905,4
960906,4
960907,4
960908,5
960909,5
960910,4
960911,4
960912,1
960913,4
960914,4
960915,5
960916,4
960917,4
960918,4
960919,4
960920,4
960921,5
960922,4
960923,4
960924,4
960925,4
960926,4
960927,4
960928,5
960929,4
960930,4
960931,4
960932,4
960933,4
960934,4
960935,4
960936,4
960937,4
960938,4
960939,4
960940,4
960941,4
960942,4
960943,4
960944,5
960945,4
960946,4
960947,4
960948,4
960949,4
960950,4
960951,5
960952,5
960953,4
960954,1
960955,4
960956,4
960957,4
960958,4
960959,4
960960,5
960961,5
960962,5
960963,4
960964,5
960965,4
960966,4
960967,4
960968,1
960969,4
960970,1
960971,5
960972,4
960973,4
960974,4
960975,4
960976,4
960977,4
960978,4
960979,4
960980,4
960981,4
960982,4
960983,5
960984,4
960985,1
960986,4
960987,4
960988,4
960989,5
960990,4
960991,4
960992,5
960993,4
960994,5
960995,4
960996,4
960997,5
960998,1
960999,4
961000,4
961001,5
961002,4
961003,4
961004,5
961005,1
961006,5
961007,4
961008,5
961009,4
961010,4
961011,1
961012,4
961013,4
961014,5
961015,4
961016,1
961017,4
961018,4
961019,5
961020,4
961021,5
961022,4
961023,1
961024,1
961025,4
961026,4
961027,4
961028,4
961029,4
961030,4
961031,4
961032,4
961033,1
961034,4
961035,4
961036,4
961037,4
961038,4
961039,1
961040,4
961041,4
961042,4
961043,4
961044,4
961045,4
961046,4
961047,4
961048,4
961049,4
961050,4
961051,4
961052,4
961053,4
961054,4
961055,4
961056,4
961057,4
961058,4
961059,4
961060,4
961061,4
961062,4
961063,4
961064,4
961065,4
961066,4
961067,5
961068,4
961069,4
961070,4
961071,4
961072,4
961073,4
961074,1
961075,1
961076,4
961077,4
961078,4
961079,4
961080,4
961081,4
961082,4
961083,5
961084,4
961085,5
961086,5
961087,4
961088,4
961089,4
961090,5
961091,4
961092,4
961093,4
961094,5
961095,4
961096,1
961097,4
961098,5
961099,1
961100,3
961101,4
961102,4
961103,4
961104,4
961105,4
961106,4
961107,1
961108,4
961109,4
961110,4
961111,4
961112,4
961113,4
961114,4
961115,1
961116,4
961117,5
961118,4
961119,1
961120,4
961121,4
961122,4
961123,4
961124,4
961125,4
961126,4
961127,4
961128,5
961129,4
961130,4
961131,4
961132,4
961133,3
961134,4
961135,1
961136,4
961137,1
961138,4
961139,4
961140,4
961141,1
961142,4
961143,4
961144,4
961145,1
961146,4
961147,4
961148,4
961149,4
961150,4
961151,4
961152,4
961153,4
961154,4
961155,4
961156,1
961157,3
961158,4
961159,4
961160,4
961161,4
961162,4
961163,4
961164,4
961165,4
961166,4
961167,4
961168,4
961169,4
961170,4
961171,4
961172,4
961173,4
961174,4
961175,4
961176,4
961177,4
961178,4
961179,1
961180,5
961181,4
961182,4
961183,4
961184,4
961185,4
961186,4
961187,4
961188,4
961189,4
961190,4
961191,4
961192,4
961193,4
961194,4
961195,4
961196,4
961197,1
961198,4
961199,4
961200,4
961201,4
961202,4
961203,4
961204,1
961205,4
961206,4
961207,4
961208,4
961209,1
961210,4
961211,4
961212,4
961213,4
961214,1
961215,4
961216,1
961217,4
961218,4
961219,3
961220,4
961221,4
961222,3
961223,4
961224,4
961225,4
961226,4
961227,4
961228,1
961229,4
961230,4
961231,4
961232,5
961233,4
961234,4
961235,4
961236,4
961237,4
961238,4
961239,4
961240,4
961241,4
961242,4
961243,4
961244,4
961245,4
961246,4
961247,4
961248,4
961249,4
961250,4
961251,4
961252,4
961253,4
961254,1
961255,1
961256,4
961257,4
961258,1
961259,4
961260,5
961261,1
961262,4
961263,4
961264,4
961265,4
961266,4
961267,4
961268,4
961269,4
961270,4
961271,4
961272,4
961273,4
961274,4
961275,4
961276,4
961277,1
961278,4
961279,4
961280,1
961281,4
961282,1
961283,4
961284,4
961285,1
961286,4
961287,4
961288,4
961289,5
961290,4
961291,4
961292,4
961293,4
961294,4
961295,4
961296,5
961297,4
961298,4
961299,5
961300,4
961301,1
961302,4
961303,4
961304,1
961305,1
961306,4
961307,4
961308,5
961309,4
961310,4
961311,5
961312,4
961313,4
961314,1
961315,4
961316,4
961317,4
961318,4
961319,4
961320,4
961321,4
961322,4
961323,4
961324,4
961325,4
961326,4
961327,4
961328,4
961329,4
961330,4
961331,4
961332,4
961333,1
961334,4
961335,4
961336,4
961337,4
961338,4
961339,4
961340,4
961341,4
961342,4
961343,4
961344,4
961345,1
961346,4
961347,1
961348,4
961349,4
961350,4
961351,1
961352,4
961353,4
961354,4
961355,4
961356,4
961357,1
961358,4
961359,4
961360,4
961361,5
961362,1
961363,5
961364,4
961365,5
961366,4
961367,4
961368,5
961369,4
961370,4
961371,4
961372,1
961373,4
961374,4
961375,4
961376,4
961377,4
961378,4
961379,5
961380,4
961381,4
961382,4
961383,4
961384,4
961385,4
961386,4
961387,4
961388,4
961389,1
961390,4
961391,4
961392,1
961393,4
961394,4
961395,4
961396,4
961397,4
961398,4
961399,1
961400,4
961401,4
961402,4
961403,4
961404,4
961405,4
961406,4
961407,1
961408,4
961409,4
961410,4
961411,4
961412,4
961413,4
961414,4
961415,4
961416,4
961417,4
961418,4
961419,4
961420,4
961421,4
961422,4
961423,4
961424,4
961425,4
961426,4
961427,4
961428,1
961429,4
961430,4
961431,4
961432,4
961433,1
961434,4
961435,4
961436,4
961437,4
961438,4
961439,4
961440,4
961441,4
961442,4
961443,4
961444,1
961445,4
961446,4
961447,1
961448,4
961449,4
961450,4
961451,1
961452,5
961453,4
961454,4
961455,5
961456,1
961457,5
961458,4
961459,4
961460,4
961461,4
961462,4
961463,5
961464,4
961465,4
961466,4
961467,4
961468,4
961469,4
961470,1
961471,4
961472,4
961473,4
961474,4
961475,4
961476,4
961477,4
961478,5
961479,4
961480,4
961481,4
961482,4
961483,5
961484,4
961485,4
961486,4
961487,4
961488,4
961489,5
961490,5
961491,4
961492,4
961493,4
961494,4
961495,4
961496,4
961497,1
961498,4
961499,4
961500,4
961501,4
961502,4
961503,4
961504,4
961505,4
961506,4
961507,4
961508,1
961509,4
961510,1
961511,4
961512,4
961513,4
961514,4
961515,4
961516,4
961517,4
961518,4
961519,4
961520,4
961521,4
961522,4
961523,4
961524,1
961525,4
961526,4
961527,4
961528,4
961529,4
961530,1
961531,4
961532,4
961533,4
961534,4
961535,4
961536,1
961537,4
961538,4
961539,4
961540,4
961541,4
961542,4
961543,1
961544,4
961545,4
961546,4
961547,4
961548,4
961549,4
961550,4
961551,4
961552,4
961553,4
961554,4
961555,4
961556,4
961557,4
961558,4
961559,4
961560,4
961561,4
961562,4
961563,4
961564,4
961565,4
961566,4
961567,5
961568,1
961569,4
961570,4
961571,5
961572,4
961573,4
961574,4
961575,5
961576,1
961577,4
961578,4
961579,4
961580,4
961581,4
961582,4
961583,4
961584,5
961585,4
961586,4
961587,4
961588,5
961589,4
961590,4
961591,4
961592,1
961593,4
961594,4
961595,4
961596,4
961597,1
961598,4
961599,4
961600,4
961601,4
961602,4
961603,1
961604,1
961605,1
961606,4
961607,4
961608,4
961609,4
961610,4
961611,4
961612,3
961613,4
961614,4
961615,4
961616,4
961617,4
961618,4
961619,4
961620,3
961621,3
961622,4
961623,4
961624,4
961625,4
961626,4
961627,4
961628,4
961629,4
961630,4
961631,1
961632,4
961633,4
961634,4
961635,4
961636,4
961637,4
961638,4
961639,4
961640,1
961641,4
961642,4
961643,4
961644,4
961645,1
961646,4
961647,4
961648,4
961649,4
961650,4
961651,4
961652,1
961653,4
961654,4
961655,4
961656,4
961657,4
961658,4
961659,4
961660,4
961661,4
961662,4
961663,4
961664,4
961665,1
961666,4
961667,4
961668,4
961669,4
961670,4
961671,3
961672,4
961673,4
961674,4
961675,3
961676,4
961677,4
961678,4
961679,4
961680,3
961681,4
961682,4
961683,4
961684,4
961685,4
961686,3
961687,3
961688,4
961689,4
961690,1
961691,4
961692,4
961693,3
961694,4
961695,4
961696,4
961697,4
961698,4
961699,4
961700,4
961701,4
961702,4
961703,1
961704,5
961705,4
961706,4
961707,5
961708,1
961709,4
961710,3
961711,3
961712,3
961713,4
961714,4
961715,3
961716,4
961717,3
961718,3
961719,4
961720,4
961721,3
961722,3
961723,3
961724,4
961725,4
961726,3
961727,3
961728,3
961729,1
961730,4
961731,4
961732,3
961733,4
961734,3
961735,3
961736,4
961737,4
961738,4
961739,3
961740,3
961741,3
961742,4
961743,3
961744,3
961745,4
961746,1
961747,4
961748,4
961749,3
961750,3
961751,3
961752,3
961753,4
961754,3
961755,4
961756,4
961757,4
961758,1
961759,4
961760,4
961761,4
961762,1
961763,1
961764,4
961765,4
961766,4
961767,4
961768,4
961769,4
961770,4
961771,4
961772,4
961773,4
961774,4
961775,4
961776,4
961777,4
961778,4
961779,4
961780,1
961781,4
961782,4
961783,4
961784,4
961785,4
961786,4
961787,4
961788,1
961789,1
961790,4
961791,4
961792,5
961793,5
961794,1
961795,1
961796,1
961797,4
961798,4
961799,4
961800,5
961801,4
961802,5
961803,4
961804,4
961805,4
961806,5
961807,4
961808,4
961809,4
961810,4
961811,5
961812,4
961813,4
961814,4
961815,1
961816,4
961817,4
961818,4
961819,5
961820,4
961821,1
961822,4
961823,4
961824,4
961825,4
961826,4
961827,4
961828,4
961829,4
961830,4
961831,4
961832,4
961833,4
961834,4
961835,4
961836,4
961837,4
961838,4
961839,4
961840,1
961841,5
961842,1
961843,4
961844,4
961845,4
961846,1
961847,4
961848,1
961849,4
961850,4
961851,4
961852,4
961853,4
961854,4
961855,4
961856,4
961857,4
961858,4
961859,4
961860,4
961861,4
961862,4
961863,4
961864,4
961865,4
961866,4
961867,4
961868,1
961869,4
961870,4
961871,4
961872,4
961873,4
961874,4
961875,1
961876,4
961877,4
961878,4
961879,4
961880,4
961881,4
961882,4
961883,4
961884,1
961885,4
961886,4
961887,4
961888,4
961889,4
961890,4
961891,4
961892,4
961893,4
961894,4
961895,4
961896,4
961897,4
961898,4
961899,4
961900,4
961901,1
961902,5
961903,4
961904,4
961905,4
961906,4
961907,1
961908,1
961909,4
961910,5
961911,4
961912,4
961913,5
961914,4
961915,4
961916,4
961917,4
961918,4
961919,4
961920,4
961921,4
961922,4
961923,4
961924,5
961925,4
961926,4
961927,4
961928,4
961929,4
961930,5
961931,5
961932,1
961933,4
961934,4
961935,4
961936,4
961937,4
961938,1
961939,4
961940,4
961941,5
961942,4
961943,4
961944,4
961945,4
961946,4
961947,4
961948,5
961949,4
961950,4
961951,4
961952,4
961953,4
961954,4
961955,1
961956,4
961957,4
961958,4
961959,4
961960,4
961961,4
961962,4
961963,4
961964,4
961965,4
961966,4
961967,4
961968,4
961969,4
961970,4
961971,4
961972,1
961973,4
961974,5
961975,4
961976,4
961977,4
961978,1
961979,1
961980,4
961981,4
961982,4
961983,4
961984,4
961985,4
961986,4
961987,4
961988,4
961989,4
961990,1
961991,4
961992,4
961993,4
961994,4
961995,4
961996,1
961997,4
961998,4
961999,4
962000,3
962001,4
962002,4
962003,4
962004,4
962005,4
962006,4
962007,4
962008,4
962009,4
962010,1
962011,4
962012,5
962013,5
962014,1
962015,4
962016,4
962017,4
962018,4
962019,4
962020,4
962021,4
962022,5
962023,4
962024,3
962025,4
962026,4
962027,3
962028,4
962029,4
962030,4
962031,4
962032,4
962033,4
962034,4
962035,4
962036,4
962037,4
962038,4
962039,5
962040,4
962041,1
962042,4
962043,4
962044,4
962045,4
962046,4
962047,1
962048,4
962049,4
962050,4
962051,4
962052,4
962053,4
962054,4
962055,4
962056,4
962057,5
962058,4
962059,4
962060,4
962061,4
962062,4
962063,4
962064,1
962065,4
962066,4
962067,4
962068,4
962069,5
962070,4
962071,5
962072,5
962073,4
962074,4
962075,5
962076,4
962077,4
962078,4
962079,4
962080,4
962081,4
962082,5
962083,4
962084,4
962085,1
962086,1
962087,4
962088,1
962089,4
962090,4
962091,4
962092,4
962093,4
962094,5
962095,4
962096,4
962097,4
962098,4
962099,4
962100,4
962101,4
962102,4
962103,4
962104,4
962105,4
962106,4
962107,1
962108,4
962109,4
962110,4
962111,4
962112,4
962113,1
962114,4
962115,4
962116,4
962117,4
962118,4
962119,4
962120,4
962121,4
962122,4
962123,4
962124,4
962125,4
962126,4
962127,4
962128,4
962129,4
962130,4
962131,4
962132,4
962133,4
962134,1
962135,4
962136,4
962137,4
962138,4
962139,4
962140,1
962141,1
962142,1
962143,4
962144,4
962145,4
962146,4
962147,4
962148,4
962149,4
962150,4
962151,4
962152,4
962153,4
962154,4
962155,4
962156,4
962157,4
962158,1
962159,4
962160,5
962161,4
962162,4
962163,4
962164,4
962165,4
962166,4
962167,4
962168,1
962169,4
962170,1
962171,4
962172,4
962173,4
962174,4
962175,4
962176,1
962177,4
962178,4
962179,4
962180,4
962181,4
962182,4
962183,4
962184,1
962185,1
962186,4
962187,5
962188,5
962189,4
962190,4
962191,4
962192,4
962193,4
962194,4
962195,5
962196,4
962197,4
962198,1
962199,4
962200,4
962201,4
962202,4
962203,4
962204,4
962205,4
962206,4
962207,4
962208,4
962209,4
962210,4
962211,4
962212,1
962213,4
962214,4
962215,4
962216,4
962217,4
962218,4
962219,5
962220,4
962221,4
962222,4
962223,4
962224,4
962225,4
962226,4
962227,1
962228,4
962229,4
962230,4
962231,4
962232,4
962233,4
962234,3
962235,3
962236,3
962237,3
962238,3
962239,3
962240,3
962241,3
962242,1
962243,4
962244,3
962245,3
962246,3
962247,3
962248,3
962249,4
962250,3
962251,3
962252,5
962253,3
962254,3
962255,4
962256,3
962257,3
962258,3
962259,3
962260,1
962261,4
962262,3
962263,3
962264,3
962265,4
962266,3
962267,3
962268,5
962269,1
962270,3
962271,3
962272,4
962273,4
962274,3
962275,4
962276,3
962277,3
962278,5
962279,3
962280,4
962281,3
962282,3
962283,1
962284,4
962285,3
962286,1
962287,3
962288,4
962289,3
962290,3
962291,1
962292,3
962293,4
962294,4
962295,1
962296,3
962297,3
962298,3
962299,4
962300,4
962301,4
962302,4
962303,4
962304,4
962305,4
962306,4
962307,4
962308,4
962309,4
962310,4
962311,4
962312,4
962313,4
962314,1
962315,4
962316,4
962317,4
962318,4
962319,4
962320,4
962321,4
962322,4
962323,4
962324,4
962325,1
962326,4
962327,4
962328,4
962329,4
962330,4
962331,4
962332,4
962333,4
962334,4
962335,4
962336,4
962337,4
962338,4
962339,1
962340,4
962341,4
962342,1
962343,4
962344,5
962345,4
962346,4
962347,4
962348,4
962349,1
962350,4
962351,4
962352,4
962353,4
962354,1
962355,4
962356,4
962357,4
962358,4
962359,4
962360,5
962361,4
962362,4
962363,4
962364,4
962365,5
962366,4
962367,4
962368,4
962369,4
962370,4
962371,5
962372,1
962373,5
962374,1
962375,5
962376,4
962377,5
962378,4
962379,4
962380,4
962381,4
962382,1
962383,4
962384,4
962385,4
962386,4
962387,4
962388,4
962389,4
962390,4
962391,1
962392,4
962393,4
962394,5
962395,4
962396,4
962397,4
962398,4
962399,4
962400,4
962401,4
962402,4
962403,4
962404,4
962405,1
962406,1
962407,5
962408,4
962409,4
962410,4
962411,4
962412,4
962413,4
962414,4
962415,4
962416,4
962417,4
962418,4
962419,4
962420,4
962421,5
962422,4
962423,4
962424,4
962425,4
962426,4
962427,4
962428,1
962429,1
962430,4
962431,4
962432,1
962433,4
962434,1
962435,4
962436,4
962437,4
962438,4
962439,4
962440,4
962441,4
962442,4
962443,5
962444,4
962445,4
962446,4
962447,4
962448,4
962449,4
962450,5
962451,4
962452,4
962453,4
962454,4
962455,4
962456,4
962457,4
962458,1
962459,4
962460,4
962461,4
962462,4
962463,5
962464,4
962465,4
962466,4
962467,4
962468,4
962469,4
962470,4
962471,4
962472,4
962473,1
962474,4
962475,4
962476,5
962477,1
962478,4
962479,4
962480,4
962481,4
962482,4
962483,4
962484,4
962485,5
962486,4
962487,5
962488,4
962489,1
962490,5
962491,5
962492,4
962493,5
962494,4
962495,4
962496,4
962497,4
962498,5
962499,4
962500,5
962501,4
962502,4
962503,4
962504,4
962505,4
962506,5
962507,4
962508,5
962509,4
962510,5
962511,5
962512,5
962513,4
962514,5
962515,4
962516,4
962517,4
962518,4
962519,4
962520,5
962521,5
962522,4
962523,4
962524,4
962525,4
962526,1
962527,1
962528,4
962529,1
962530,1
962531,1
962532,1
962533,4
962534,4
962535,4
962536,4
962537,4
962538,4
962539,4
962540,5
962541,5
962542,4
962543,1
962544,1
962545,5
962546,4
962547,4
962548,5
962549,5
962550,4
962551,5
962552,5
962553,5
962554,5
962555,4
962556,4
962557,4
962558,4
962559,4
962560,5
962561,4
962562,5
962563,4
962564,4
962565,5
962566,4
962567,5
962568,5
962569,4
962570,4
962571,5
962572,4
962573,4
962574,4
962575,1
962576,4
962577,4
962578,4
962579,4
962580,4
962581,4
962582,4
962583,4
962584,4
962585,4
962586,4
962587,4
962588,4
962589,4
962590,4
962591,4
962592,4
962593,4
962594,4
962595,4
962596,4
962597,4
962598,4
962599,4
962600,4
962601,4
962602,4
962603,1
962604,4
962605,4
962606,4
962607,4
962608,4
962609,1
962610,4
962611,4
962612,4
962613,4
962614,4
962615,4
962616,1
962617,4
962618,4
962619,4
962620,5
962621,5
962622,4
962623,5
962624,4
962625,4
962626,4
962627,4
962628,4
962629,1
962630,1
962631,4
962632,4
962633,4
962634,4
962635,4
962636,4
962637,4
962638,4
962639,4
962640,4
962641,4
962642,4
962643,4
962644,1
962645,4
962646,4
962647,1
962648,5
962649,1
962650,4
962651,4
962652,4
962653,4
962654,4
962655,4
962656,4
962657,4
962658,4
962659,4
962660,4
962661,4
962662,4
962663,1
962664,4
962665,5
962666,4
962667,4
962668,4
962669,4
962670,4
962671,4
962672,4
962673,4
962674,4
962675,1
962676,4
962677,4
962678,4
962679,4
962680,4
962681,4
962682,4
962683,1
962684,4
962685,5
962686,4
962687,4
962688,4
962689,4
962690,4
962691,4
962692,4
962693,4
962694,4
962695,4
962696,5
962697,4
962698,5
962699,5
962700,4
962701,4
962702,4
962703,4
962704,4
962705,4
962706,4
962707,4
962708,4
962709,4
962710,5
962711,4
962712,4
962713,4
962714,4
962715,4
962716,4
962717,4
962718,4
962719,1
962720,4
962721,4
962722,1
962723,4
962724,4
962725,4
962726,4
962727,4
962728,4
962729,4
962730,4
962731,1
962732,4
962733,4
962734,5
962735,4
962736,4
962737,4
962738,4
962739,1
962740,4
962741,1
962742,4
962743,4
962744,4
962745,4
962746,4
962747,4
962748,4
962749,4
962750,5
962751,4
962752,4
962753,4
962754,4
962755,4
962756,4
962757,4
962758,4
962759,5
962760,4
962761,5
962762,5
962763,4
962764,4
962765,4
962766,5
962767,4
962768,5
962769,4
962770,4
962771,4
962772,4
962773,4
962774,5
962775,4
962776,5
962777,4
962778,4
962779,1
962780,4
962781,4
962782,4
962783,5
962784,4
962785,4
962786,5
962787,4
962788,5
962789,4
962790,1
962791,4
962792,4
962793,4
962794,4
962795,4
962796,4
962797,4
962798,4
962799,5
962800,1
962801,5
962802,1
962803,4
962804,1
962805,4
962806,5
962807,4
962808,5
962809,4
962810,5
962811,4
962812,4
962813,4
962814,4
962815,1
962816,4
962817,4
962818,4
962819,4
962820,4
962821,5
962822,4
962823,4
962824,4
962825,4
962826,4
962827,4
962828,4
962829,4
962830,4
962831,4
962832,4
962833,4
962834,4
962835,1
962836,4
962837,4
962838,1
962839,4
962840,4
962841,4
962842,4
962843,4
962844,4
962845,4
962846,4
962847,1
962848,4
962849,4
962850,4
962851,1
962852,4
962853,4
962854,4
962855,4
962856,4
962857,4
962858,4
962859,4
962860,4
962861,4
962862,4
962863,4
962864,4
962865,4
962866,4
962867,4
962868,4
962869,5
962870,4
962871,4
962872,4
962873,4
962874,1
962875,4
962876,4
962877,4
962878,1
962879,4
962880,5
962881,4
962882,4
962883,4
962884,4
962885,4
962886,4
962887,4
962888,4
962889,1
962890,4
962891,4
962892,1
962893,5
962894,4
962895,4
962896,4
962897,4
962898,4
962899,4
962900,4
962901,5
962902,4
962903,4
962904,4
962905,1
962906,1
962907,4
962908,4
962909,4
962910,4
962911,4
962912,4
962913,4
962914,4
962915,4
962916,4
962917,4
962918,4
962919,5
962920,4
962921,4
962922,4
962923,4
962924,4
962925,4
962926,4
962927,4
962928,4
962929,4
962930,4
962931,4
962932,4
962933,4
962934,4
962935,4
962936,4
962937,4
962938,4
962939,4
962940,4
962941,4
962942,4
962943,4
962944,4
962945,4
962946,4
962947,4
962948,4
962949,1
962950,4
962951,3
962952,4
962953,5
962954,1
962955,1
962956,4
962957,1
962958,1
962959,4
962960,4
962961,4
962962,1
962963,4
962964,4
962965,4
962966,1
962967,1
962968,5
962969,4
962970,1
962971,5
962972,4
962973,1
962974,4
962975,4
962976,4
962977,4
962978,4
962979,4
962980,4
962981,4
962982,4
962983,4
962984,4
962985,1
962986,1
962987,4
962988,4
962989,4
962990,1
962991,4
962992,4
962993,4
962994,4
962995,4
962996,4
962997,4
962998,4
962999,4
963000,4
963001,4
963002,4
963003,4
963004,4
963005,4
963006,4
963007,4
963008,4
963009,1
963010,4
963011,4
963012,4
963013,4
963014,4
963015,4
963016,4
963017,4
963018,4
963019,4
963020,4
963021,4
963022,4
963023,4
963024,4
963025,4
963026,4
963027,4
963028,4
963029,4
963030,1
963031,5
963032,5
963033,4
963034,4
963035,4
963036,1
963037,4
963038,4
963039,4
963040,5
963041,4
963042,4
963043,1
963044,4
963045,4
963046,4
963047,4
963048,4
963049,4
963050,4
963051,5
963052,4
963053,4
963054,4
963055,4
963056,4
963057,4
963058,4
963059,1
963060,4
963061,1
963062,1
963063,4
963064,4
963065,4
963066,4
963067,5
963068,5
963069,5
963070,4
963071,4
963072,5
963073,4
963074,5
963075,4
963076,4
963077,4
963078,4
963079,4
963080,4
963081,4
963082,4
963083,4
963084,4
963085,4
963086,1
963087,4
963088,4
963089,1
963090,4
963091,4
963092,4
963093,4
963094,4
963095,4
963096,4
963097,4
963098,5
963099,4
963100,4
963101,5
963102,4
963103,4
963104,1
963105,4
963106,4
963107,4
963108,4
963109,4
963110,4
963111,4
963112,4
963113,1
963114,4
963115,4
963116,4
963117,4
963118,4
963119,4
963120,4
963121,4
963122,4
963123,1
963124,4
963125,4
963126,4
963127,4
963128,4
963129,4
963130,4
963131,1
963132,4
963133,4
963134,4
963135,4
963136,5
963137,4
963138,4
963139,4
963140,4
963141,4
963142,4
963143,4
963144,4
963145,4
963146,4
963147,5
963148,4
963149,4
963150,4
963151,4
963152,4
963153,5
963154,4
963155,4
963156,4
963157,4
963158,4
963159,4
963160,5
963161,1
963162,4
963163,4
963164,4
963165,4
963166,1
963167,4
963168,4
963169,1
963170,4
963171,1
963172,5
963173,4
963174,4
963175,5
963176,5
963177,5
963178,1
963179,4
963180,4
963181,4
963182,4
963183,4
963184,4
963185,4
963186,5
963187,4
963188,4
963189,4
963190,4
963191,4
963192,4
963193,4
963194,4
963195,5
963196,4
963197,1
963198,4
963199,4
963200,4
963201,5
963202,1
963203,4
963204,4
963205,4
963206,4
963207,5
963208,4
963209,4
963210,4
963211,4
963212,4
963213,4
963214,4
963215,4
963216,4
963217,4
963218,4
963219,5
963220,4
963221,4
963222,4
963223,4
963224,4
963225,4
963226,4
963227,4
963228,4
963229,4
963230,4
963231,5
963232,4
963233,1
963234,4
963235,1
963236,1
963237,4
963238,4
963239,4
963240,4
963241,1
963242,4
963243,4
963244,4
963245,1
963246,1
963247,4
963248,4
963249,4
963250,4
963251,1
963252,4
963253,4
963254,4
963255,4
963256,4
963257,4
963258,4
963259,4
963260,4
963261,4
963262,4
963263,4
963264,5
963265,4
963266,4
963267,4
963268,4
963269,4
963270,4
963271,4
963272,5
963273,5
963274,4
963275,4
963276,5
963277,4
963278,4
963279,4
963280,5
963281,4
963282,4
963283,4
963284,4
963285,4
963286,4
963287,1
963288,4
963289,4
963290,4
963291,4
963292,4
963293,4
963294,4
963295,4
963296,4
963297,4
963298,4
963299,4
963300,5
963301,4
963302,4
963303,4
963304,4
963305,4
963306,4
963307,4
963308,4
963309,4
963310,4
963311,4
963312,1
963313,1
963314,4
963315,4
963316,1
963317,4
963318,4
963319,4
963320,4
963321,4
963322,4
963323,1
963324,4
963325,4
963326,4
963327,1
963328,4
963329,4
963330,4
963331,4
963332,4
963333,1
963334,4
963335,1
963336,1
963337,4
963338,1
963339,4
963340,4
963341,4
963342,1
963343,4
963344,4
963345,4
963346,1
963347,4
963348,4
963349,4
963350,4
963351,4
963352,4
963353,4
963354,4
963355,4
963356,4
963357,4
963358,4
963359,4
963360,5
963361,4
963362,4
963363,5
963364,4
963365,4
963366,1
963367,4
963368,4
963369,4
963370,4
963371,4
963372,1
963373,4
963374,4
963375,4
963376,4
963377,4
963378,4
963379,4
963380,4
963381,4
963382,4
963383,4
963384,4
963385,4
963386,4
963387,4
963388,4
963389,4
963390,4
963391,1
963392,4
963393,4
963394,4
963395,4
963396,4
963397,4
963398,4
963399,4
963400,1
963401,1
963402,4
963403,1
963404,4
963405,4
963406,1
963407,4
963408,4
963409,4
963410,4
963411,4
963412,4
963413,4
963414,4
963415,4
963416,1
963417,4
963418,4
963419,4
963420,1
963421,4
963422,4
963423,4
963424,4
963425,4
963426,4
963427,4
963428,4
963429,4
963430,4
963431,4
963432,4
963433,4
963434,4
963435,1
963436,4
963437,4
963438,4
963439,1
963440,1
963441,4
963442,4
963443,4
963444,1
963445,4
963446,4
963447,1
963448,4
963449,4
963450,1
963451,4
963452,4
963453,4
963454,4
963455,4
963456,4
963457,4
963458,4
963459,1
963460,4
963461,1
963462,4
963463,4
963464,4
963465,3
963466,4
963467,4
963468,5
963469,4
963470,5
963471,5
963472,4
963473,4
963474,4
963475,4
963476,4
963477,1
963478,5
963479,4
963480,5
963481,5
963482,1
963483,1
963484,5
963485,4
963486,1
963487,1
963488,1
963489,4
963490,1
963491,4
963492,4
963493,5
963494,5
963495,4
963496,4
963497,4
963498,4
963499,4
963500,1
963501,4
963502,4
963503,5
963504,1
963505,4
963506,4
963507,4
963508,5
963509,5
963510,4
963511,4
963512,5
963513,4
963514,5
963515,4
963516,4
963517,5
963518,4
963519,4
963520,4
963521,5
963522,4
963523,4
963524,4
963525,5
963526,4
963527,4
963528,4
963529,4
963530,4
963531,4
963532,1
963533,4
963534,1
963535,4
963536,4
963537,4
963538,4
963539,4
963540,5
963541,4
963542,4
963543,1
963544,4
963545,4
963546,4
963547,4
963548,4
963549,1
963550,4
963551,4
963552,4
963553,4
963554,1
963555,4
963556,4
963557,4
963558,4
963559,4
963560,4
963561,4
963562,4
963563,4
963564,1
963565,5
963566,4
963567,4
963568,1
963569,4
963570,4
963571,4
963572,4
963573,4
963574,1
963575,4
963576,1
963577,4
963578,4
963579,4
963580,4
963581,4
963582,4
963583,4
963584,4
963585,1
963586,4
963587,4
963588,1
963589,4
963590,4
963591,4
963592,4
963593,4
963594,4
963595,4
963596,4
963597,4
963598,4
963599,4
963600,4
963601,5
963602,4
963603,4
963604,4
963605,4
963606,4
963607,4
963608,4
963609,4
963610,4
963611,4
963612,1
963613,5
963614,4
963615,4
963616,4
963617,4
963618,1
963619,4
963620,4
963621,1
963622,4
963623,4
963624,5
963625,4
963626,4
963627,4
963628,4
963629,4
963630,4
963631,4
963632,4
963633,4
963634,4
963635,4
963636,4
963637,4
963638,4
963639,4
963640,4
963641,1
963642,1
963643,4
963644,4
963645,4
963646,4
963647,4
963648,4
963649,4
963650,4
963651,4
963652,4
963653,4
963654,1
963655,4
963656,4
963657,4
963658,4
963659,1
963660,4
963661,4
963662,1
963663,4
963664,4
963665,4
963666,4
963667,4
963668,4
963669,4
963670,4
963671,4
963672,1
963673,4
963674,4
963675,4
963676,4
963677,4
963678,1
963679,4
963680,4
963681,4
963682,4
963683,4
963684,4
963685,4
963686,4
963687,4
963688,4
963689,4
963690,4
963691,4
963692,4
963693,4
963694,4
963695,3
963696,4
963697,4
963698,4
963699,4
963700,4
963701,4
963702,4
963703,4
963704,4
963705,4
963706,4
963707,4
963708,4
963709,3
963710,5
963711,4
963712,4
963713,1
963714,1
963715,4
963716,4
963717,4
963718,4
963719,3
963720,4
963721,1
963722,4
963723,4
963724,4
963725,4
963726,4
963727,4
963728,4
963729,4
963730,4
963731,4
963732,1
963733,4
963734,4
963735,3
963736,4
963737,4
963738,4
963739,4
963740,4
963741,1
963742,4
963743,4
963744,4
963745,4
963746,4
963747,4
963748,4
963749,5
963750,5
963751,4
963752,4
963753,4
963754,5
963755,4
963756,4
963757,1
963758,4
963759,4
963760,4
963761,4
963762,4
963763,4
963764,4
963765,4
963766,4
963767,3
963768,4
963769,5
963770,4
963771,4
963772,4
963773,4
963774,4
963775,4
963776,1
963777,4
963778,4
963779,4
963780,4
963781,4
963782,4
963783,4
963784,4
963785,4
963786,4
963787,5
963788,4
963789,4
963790,4
963791,1
963792,4
963793,4
963794,4
963795,4
963796,4
963797,4
963798,4
963799,1
963800,1
963801,4
963802,4
963803,4
963804,4
963805,5
963806,4
963807,4
963808,5
963809,5
963810,4
963811,4
963812,4
963813,4
963814,5
963815,4
963816,4
963817,4
963818,1
963819,4
963820,4
963821,4
963822,1
963823,4
963824,4
963825,4
963826,1
963827,4
963828,4
963829,4
963830,4
963831,4
963832,4
963833,4
963834,1
963835,4
963836,4
963837,4
963838,4
963839,4
963840,4
963841,4
963842,4
963843,4
963844,4
963845,4
963846,4
963847,1
963848,4
963849,5
963850,4
963851,4
963852,4
963853,4
963854,5
963855,4
963856,4
963857,4
963858,5
963859,4
963860,4
963861,5
963862,4
963863,4
963864,4
963865,4
963866,4
963867,4
963868,1
963869,4
963870,4
963871,4
963872,4
963873,4
963874,4
963875,4
963876,1
963877,4
963878,4
963879,4
963880,4
963881,4
963882,4
963883,4
963884,4
963885,4
963886,4
963887,4
963888,4
963889,4
963890,4
963891,4
963892,4
963893,4
963894,1
963895,4
963896,4
963897,1
963898,4
963899,4
963900,1
963901,4
963902,4
963903,4
963904,4
963905,4
963906,4
963907,4
963908,4
963909,4
963910,4
963911,4
963912,1
963913,4
963914,4
963915,4
963916,4
963917,4
963918,4
963919,4
963920,4
963921,5
963922,4
963923,4
963924,4
963925,4
963926,1
963927,5
963928,4
963929,4
963930,4
963931,4
963932,4
963933,1
963934,4
963935,4
963936,1
963937,4
963938,1
963939,4
963940,4
963941,5
963942,4
963943,4
963944,4
963945,4
963946,4
963947,5
963948,4
963949,4
963950,4
963951,1
963952,4
963953,4
963954,1
963955,1
963956,4
963957,4
963958,4
963959,4
963960,4
963961,4
963962,4
963963,4
963964,4
963965,4
963966,4
963967,4
963968,4
963969,4
963970,4
963971,1
963972,4
963973,4
963974,5
963975,5
963976,4
963977,4
963978,4
963979,5
963980,4
963981,4
963982,1
963983,4
963984,4
963985,4
963986,5
963987,4
963988,5
963989,4
963990,5
963991,5
963992,5
963993,4
963994,1
963995,4
963996,1
963997,4
963998,4
963999,4
964000,4
964001,4
964002,4
964003,4
964004,4
964005,4
964006,4
964007,1
964008,4
964009,4
964010,4
964011,4
964012,4
964013,4
964014,4
964015,4
964016,1
964017,5
964018,4
964019,4
964020,4
964021,4
964022,4
964023,4
964024,4
964025,4
964026,4
964027,4
964028,4
964029,5
964030,4
964031,4
964032,4
964033,4
964034,4
964035,5
964036,4
964037,5
964038,4
964039,4
964040,4
964041,5
964042,5
964043,4
964044,4
964045,1
964046,4
964047,4
964048,4
964049,5
964050,4
964051,4
964052,4
964053,4
964054,4
964055,5
964056,4
964057,4
964058,1
964059,4
964060,4
964061,4
964062,4
964063,4
964064,4
964065,4
964066,1
964067,4
964068,4
964069,4
964070,5
964071,4
964072,4
964073,4
964074,4
964075,4
964076,4
964077,1
964078,4
964079,4
964080,1
964081,5
964082,4
964083,4
964084,4
964085,4
964086,4
964087,4
964088,4
964089,4
964090,4
964091,4
964092,4
964093,5
964094,4
964095,4
964096,5
964097,4
964098,4
964099,1
964100,4
964101,4
964102,4
964103,4
964104,4
964105,4
964106,4
964107,4
964108,1
964109,4
964110,4
964111,1
964112,4
964113,4
964114,4
964115,4
964116,5
964117,4
964118,4
964119,4
964120,4
964121,4
964122,4
964123,4
964124,4
964125,4
964126,1
964127,4
964128,4
964129,4
964130,4
964131,5
964132,4
964133,4
964134,4
964135,4
964136,4
964137,1
964138,1
964139,4
964140,4
964141,4
964142,4
964143,4
964144,4
964145,4
964146,4
964147,4
964148,4
964149,1
964150,4
964151,4
964152,4
964153,4
964154,4
964155,5
964156,4
964157,4
964158,4
964159,4
964160,4
964161,4
964162,4
964163,4
964164,4
964165,4
964166,4
964167,4
964168,1
964169,4
964170,4
964171,4
964172,4
964173,4
964174,4
964175,4
964176,4
964177,4
964178,4
964179,4
964180,4
964181,4
964182,1
964183,4
964184,1
964185,4
964186,4
964187,4
964188,4
964189,1
964190,4
964191,4
964192,4
964193,4
964194,4
964195,4
964196,5
964197,4
964198,4
964199,4
964200,4
964201,4
964202,4
964203,4
964204,4
964205,4
964206,4
964207,1
964208,4
964209,4
964210,4
964211,5
964212,4
964213,4
964214,4
964215,4
964216,4
964217,1
964218,4
964219,4
964220,4
964221,4
964222,4
964223,4
964224,4
964225,4
964226,1
964227,4
964228,4
964229,4
964230,4
964231,4
964232,4
964233,4
964234,1
964235,4
964236,4
964237,4
964238,4
964239,4
964240,4
964241,4
964242,4
964243,4
964244,1
964245,4
964246,1
964247,4
964248,4
964249,4
964250,4
964251,4
964252,1
964253,1
964254,4
964255,4
964256,4
964257,4
964258,4
964259,4
964260,1
964261,4
964262,4
964263,4
964264,4
964265,4
964266,4
964267,4
964268,4
964269,4
964270,1
964271,4
964272,4
964273,1
964274,4
964275,4
964276,4
964277,4
964278,4
964279,1
964280,4
964281,4
964282,4
964283,4
964284,4
964285,4
964286,4
964287,4
964288,4
964289,4
964290,4
964291,4
964292,4
964293,4
964294,4
964295,4
964296,1
964297,4
964298,5
964299,4
964300,4
964301,4
964302,4
964303,4
964304,4
964305,4
964306,4
964307,4
964308,4
964309,4
964310,4
964311,4
964312,1
964313,4
964314,4
964315,4
964316,4
964317,1
964318,4
964319,4
964320,4
964321,4
964322,4
964323,4
964324,4
964325,4
964326,4
964327,4
964328,4
964329,4
964330,4
964331,4
964332,1
964333,4
964334,4
964335,4
964336,4
964337,4
964338,4
964339,4
964340,4
964341,4
964342,4
964343,4
964344,1
964345,4
964346,4
964347,4
964348,4
964349,4
964350,4
964351,4
964352,5
964353,4
964354,4
964355,4
964356,4
964357,4
964358,4
964359,4
964360,4
964361,4
964362,4
964363,4
964364,4
964365,1
964366,4
964367,1
964368,4
964369,4
964370,4
964371,4
964372,4
964373,4
964374,1
964375,4
964376,4
964377,4
964378,4
964379,4
964380,4
964381,4
964382,4
964383,4
964384,4
964385,4
964386,4
964387,1
964388,1
964389,4
964390,4
964391,4
964392,1
964393,1
964394,4
964395,4
964396,4
964397,4
964398,5
964399,5
964400,1
964401,4
964402,5
964403,4
964404,5
964405,4
964406,4
964407,5
964408,4
964409,5
964410,1
964411,4
964412,4
964413,4
964414,4
964415,4
964416,4
964417,1
964418,4
964419,4
964420,4
964421,4
964422,4
964423,4
964424,4
964425,4
964426,4
964427,4
964428,1
964429,5
964430,4
964431,4
964432,4
964433,4
964434,4
964435,5
964436,4
964437,4
964438,4
964439,4
964440,4
964441,1
964442,4
964443,5
964444,4
964445,4
964446,5
964447,4
964448,4
964449,4
964450,4
964451,4
964452,4
964453,1
964454,4
964455,4
964456,4
964457,4
964458,4
964459,4
964460,1
964461,4
964462,4
964463,4
964464,4
964465,4
964466,4
964467,4
964468,4
964469,4
964470,4
964471,4
964472,1
964473,4
964474,4
964475,4
964476,1
964477,1
964478,1
964479,4
964480,1
964481,1
964482,4
964483,4
964484,4
964485,4
964486,4
964487,4
964488,4
964489,4
964490,4
964491,4
964492,4
964493,4
964494,4
964495,5
964496,1
964497,4
964498,4
964499,1
964500,5
964501,1
964502,4
964503,5
964504,5
964505,4
964506,4
964507,5
964508,4
964509,1
964510,4
964511,4
964512,4
964513,4
964514,4
964515,4
964516,4
964517,1
964518,4
964519,4
964520,4
964521,4
964522,4
964523,4
964524,4
964525,4
964526,4
964527,1
964528,4
964529,4
964530,4
964531,4
964532,4
964533,4
964534,4
964535,4
964536,4
964537,4
964538,4
964539,4
964540,4
964541,4
964542,4
964543,4
964544,5
964545,4
964546,4
964547,4
964548,4
964549,4
964550,4
964551,4
964552,4
