892553,4
892554,4
892555,4
892556,4
892557,5
892558,4
892559,5
892560,4
892561,4
892562,1
892563,4
892564,4
892565,4
892566,4
892567,4
892568,5
892569,5
892570,1
892571,4
892572,5
892573,4
892574,4
892575,4
892576,4
892577,5
892578,5
892579,4
892580,4
892581,4
892582,4
892583,4
892584,4
892585,1
892586,4
892587,4
892588,4
892589,1
892590,4
892591,5
892592,4
892593,5
892594,4
892595,5
892596,4
892597,1
892598,5
892599,4
892600,4
892601,4
892602,1
892603,5
892604,4
892605,5
892606,5
892607,4
892608,4
892609,1
892610,4
892611,1
892612,5
892613,5
892614,4
892615,4
892616,5
892617,4
892618,5
892619,4
892620,4
892621,4
892622,5
892623,4
892624,4
892625,4
892626,4
892627,4
892628,4
892629,4
892630,4
892631,4
892632,4
892633,4
892634,4
892635,4
892636,4
892637,4
892638,4
892639,1
892640,1
892641,4
892642,4
892643,4
892644,4
892645,1
892646,4
892647,4
892648,4
892649,4
892650,1
892651,4
892652,4
892653,4
892654,1
892655,4
892656,4
892657,1
892658,4
892659,4
892660,4
892661,4
892662,4
892663,4
892664,4
892665,4
892666,4
892667,4
892668,4
892669,4
892670,4
892671,5
892672,4
892673,4
892674,4
892675,4
892676,4
892677,4
892678,4
892679,4
892680,4
892681,5
892682,5
892683,4
892684,4
892685,4
892686,1
892687,4
892688,4
892689,4
892690,4
892691,1
892692,4
892693,4
892694,4
892695,4
892696,4
892697,5
892698,4
892699,4
892700,4
892701,4
892702,4
892703,4
892704,4
892705,4
892706,4
892707,4
892708,4
892709,4
892710,4
892711,4
892712,4
892713,4
892714,1
892715,4
892716,4
892717,5
892718,5
892719,4
892720,4
892721,4
892722,4
892723,4
892724,4
892725,5
892726,5
892727,1
892728,4
892729,4
892730,4
892731,4
892732,4
892733,4
892734,4
892735,4
892736,4
892737,1
892738,4
892739,5
892740,4
892741,4
892742,1
892743,4
892744,4
892745,4
892746,4
892747,4
892748,4
892749,4
892750,5
892751,4
892752,4
892753,4
892754,4
892755,3
892756,1
892757,3
892758,4
892759,4
892760,4
892761,5
892762,5
892763,1
892764,5
892765,3
892766,3
892767,3
892768,4
892769,4
892770,5
892771,4
892772,4
892773,4
892774,4
892775,1
892776,4
892777,4
892778,4
892779,4
892780,4
892781,4
892782,4
892783,4
892784,4
892785,4
892786,4
892787,4
892788,4
892789,4
892790,4
892791,4
892792,4
892793,4
892794,4
892795,4
892796,4
892797,4
892798,4
892799,4
892800,4
892801,4
892802,4
892803,4
892804,4
892805,4
892806,1
892807,4
892808,4
892809,4
892810,4
892811,4
892812,4
892813,1
892814,4
892815,4
892816,4
892817,4
892818,4
892819,4
892820,4
892821,1
892822,4
892823,4
892824,1
892825,4
892826,4
892827,4
892828,4
892829,4
892830,4
892831,4
892832,4
892833,4
892834,1
892835,4
892836,4
892837,4
892838,4
892839,4
892840,4
892841,4
892842,4
892843,4
892844,4
892845,4
892846,4
892847,1
892848,4
892849,4
892850,4
892851,4
892852,4
892853,4
892854,4
892855,5
892856,4
892857,4
892858,1
892859,1
892860,4
892861,1
892862,4
892863,1
892864,1
892865,4
892866,4
892867,4
892868,4
892869,4
892870,4
892871,4
892872,4
892873,4
892874,4
892875,4
892876,4
892877,4
892878,4
892879,4
892880,5
892881,4
892882,4
892883,4
892884,1
892885,1
892886,4
892887,4
892888,4
892889,4
892890,4
892891,4
892892,4
892893,1
892894,4
892895,4
892896,4
892897,4
892898,4
892899,4
892900,4
892901,4
892902,4
892903,1
892904,4
892905,4
892906,4
892907,4
892908,4
892909,4
892910,4
892911,1
892912,4
892913,4
892914,4
892915,5
892916,4
892917,4
892918,4
892919,4
892920,4
892921,4
892922,4
892923,1
892924,4
892925,4
892926,1
892927,5
892928,4
892929,4
892930,1
892931,4
892932,4
892933,4
892934,4
892935,4
892936,4
892937,4
892938,3
892939,4
892940,4
892941,4
892942,4
892943,5
892944,4
892945,4
892946,5
892947,4
892948,4
892949,4
892950,4
892951,4
892952,4
892953,4
892954,5
892955,4
892956,4
892957,1
892958,4
892959,4
892960,1
892961,4
892962,1
892963,4
892964,4
892965,4
892966,1
892967,1
892968,4
892969,4
892970,4
892971,4
892972,4
892973,3
892974,1
892975,4
892976,4
892977,4
892978,4
892979,4
892980,5
892981,4
892982,4
892983,4
892984,1
892985,4
892986,5
892987,4
892988,5
892989,1
892990,1
892991,4
892992,4
892993,5
892994,1
892995,4
892996,4
892997,4
892998,1
892999,4
893000,4
893001,4
893002,4
893003,4
893004,4
893005,4
893006,4
893007,1
893008,4
893009,4
893010,5
893011,4
893012,4
893013,4
893014,4
893015,1
893016,4
893017,4
893018,4
893019,3
893020,4
893021,5
893022,4
893023,4
893024,4
893025,4
893026,5
893027,1
893028,4
893029,1
893030,4
893031,4
893032,4
893033,4
893034,4
893035,1
893036,3
893037,1
893038,5
893039,4
893040,3
893041,4
893042,1
893043,4
893044,1
893045,4
893046,4
893047,4
893048,4
893049,4
893050,5
893051,4
893052,1
893053,1
893054,4
893055,4
893056,1
893057,3
893058,4
893059,4
893060,4
893061,4
893062,5
893063,4
893064,4
893065,4
893066,4
893067,1
893068,4
893069,4
893070,4
893071,4
893072,4
893073,4
893074,4
893075,4
893076,4
893077,4
893078,4
893079,4
893080,4
893081,4
893082,4
893083,4
893084,5
893085,4
893086,4
893087,4
893088,4
893089,4
893090,4
893091,4
893092,4
893093,4
893094,4
893095,4
893096,4
893097,4
893098,4
893099,4
893100,4
893101,4
893102,4
893103,4
893104,4
893105,4
893106,4
893107,4
893108,5
893109,4
893110,4
893111,4
893112,4
893113,4
893114,4
893115,4
893116,5
893117,4
893118,5
893119,5
893120,4
893121,5
893122,4
893123,4
893124,4
893125,4
893126,4
893127,4
893128,4
893129,4
893130,4
893131,4
893132,4
893133,4
893134,4
893135,4
893136,4
893137,4
893138,4
893139,4
893140,1
893141,4
893142,4
893143,4
893144,1
893145,4
893146,4
893147,4
893148,4
893149,4
893150,4
893151,1
893152,4
893153,4
893154,4
893155,4
893156,4
893157,4
893158,4
893159,4
893160,4
893161,4
893162,4
893163,4
893164,4
893165,4
893166,4
893167,4
893168,1
893169,4
893170,1
893171,4
893172,4
893173,4
893174,4
893175,4
893176,4
893177,4
893178,4
893179,1
893180,4
893181,4
893182,4
893183,4
893184,4
893185,4
893186,4
893187,1
893188,1
893189,4
893190,4
893191,4
893192,4
893193,4
893194,4
893195,4
893196,4
893197,4
893198,4
893199,4
893200,4
893201,4
893202,4
893203,4
893204,4
893205,4
893206,4
893207,4
893208,4
893209,5
893210,4
893211,4
893212,1
893213,4
893214,4
893215,1
893216,4
893217,4
893218,4
893219,1
893220,4
893221,4
893222,4
893223,4
893224,5
893225,5
893226,4
893227,4
893228,4
893229,4
893230,5
893231,5
893232,4
893233,1
893234,4
893235,5
893236,4
893237,4
893238,1
893239,5
893240,1
893241,1
893242,4
893243,4
893244,4
893245,4
893246,5
893247,4
893248,4
893249,4
893250,4
893251,4
893252,5
893253,4
893254,1
893255,5
893256,1
893257,4
893258,5
893259,5
893260,4
893261,4
893262,4
893263,5
893264,4
893265,4
893266,1
893267,4
893268,5
893269,4
893270,4
893271,5
893272,4
893273,4
893274,4
893275,5
893276,5
893277,4
893278,4
893279,4
893280,4
893281,4
893282,4
893283,4
893284,4
893285,4
893286,4
893287,4
893288,1
893289,4
893290,4
893291,4
893292,4
893293,4
893294,4
893295,5
893296,4
893297,5
893298,4
893299,5
893300,1
893301,4
893302,4
893303,4
893304,4
893305,4
893306,1
893307,4
893308,1
893309,4
893310,4
893311,4
893312,4
893313,4
893314,4
893315,4
893316,4
893317,4
893318,4
893319,4
893320,4
893321,4
893322,4
893323,4
893324,1
893325,4
893326,5
893327,4
893328,4
893329,5
893330,4
893331,4
893332,4
893333,4
893334,4
893335,4
893336,1
893337,4
893338,4
893339,4
893340,4
893341,4
893342,4
893343,4
893344,4
893345,4
893346,4
893347,4
893348,4
893349,4
893350,4
893351,1
893352,4
893353,4
893354,4
893355,4
893356,4
893357,4
893358,4
893359,4
893360,1
893361,4
893362,4
893363,4
893364,4
893365,4
893366,5
893367,4
893368,5
893369,4
893370,5
893371,4
893372,4
893373,4
893374,1
893375,4
893376,4
893377,4
893378,4
893379,4
893380,4
893381,4
893382,4
893383,4
893384,3
893385,4
893386,4
893387,4
893388,4
893389,4
893390,4
893391,4
893392,4
893393,4
893394,4
893395,4
893396,4
893397,4
893398,4
893399,4
893400,1
893401,4
893402,4
893403,1
893404,3
893405,4
893406,4
893407,3
893408,4
893409,4
893410,4
893411,5
893412,4
893413,4
893414,1
893415,4
893416,4
893417,4
893418,4
893419,4
893420,4
893421,4
893422,3
893423,4
893424,4
893425,4
893426,4
893427,4
893428,4
893429,4
893430,4
893431,4
893432,4
893433,4
893434,1
893435,4
893436,1
893437,4
893438,4
893439,4
893440,1
893441,4
893442,4
893443,4
893444,4
893445,4
893446,4
893447,4
893448,4
893449,1
893450,4
893451,1
893452,4
893453,4
893454,4
893455,1
893456,4
893457,4
893458,4
893459,4
893460,4
893461,4
893462,4
893463,4
893464,4
893465,4
893466,4
893467,4
893468,4
893469,4
893470,4
893471,4
893472,4
893473,4
893474,1
893475,4
893476,1
893477,4
893478,4
893479,1
893480,1
893481,3
893482,4
893483,4
893484,4
893485,4
893486,1
893487,4
893488,4
893489,4
893490,4
893491,4
893492,4
893493,4
893494,4
893495,4
893496,4
893497,4
893498,4
893499,4
893500,4
893501,4
893502,4
893503,4
893504,4
893505,4
893506,4
893507,4
893508,4
893509,4
893510,4
893511,4
893512,4
893513,4
893514,4
893515,4
893516,4
893517,4
893518,4
893519,4
893520,4
893521,4
893522,4
893523,4
893524,4
893525,4
893526,1
893527,4
893528,4
893529,4
893530,5
893531,4
893532,4
893533,5
893534,4
893535,4
893536,4
893537,4
893538,4
893539,4
893540,4
893541,4
893542,4
893543,4
893544,4
893545,4
893546,4
893547,4
893548,4
893549,4
893550,4
893551,4
893552,4
893553,4
893554,4
893555,4
893556,1
893557,5
893558,4
893559,4
893560,4
893561,4
893562,4
893563,4
893564,4
893565,4
893566,4
893567,4
893568,4
893569,5
893570,4
893571,4
893572,4
893573,5
893574,4
893575,4
893576,4
893577,4
893578,4
893579,4
893580,1
893581,4
893582,4
893583,4
893584,4
893585,1
893586,1
893587,4
893588,4
893589,4
893590,4
893591,4
893592,1
893593,4
893594,4
893595,4
893596,4
893597,4
893598,4
893599,4
893600,4
893601,4
893602,4
893603,4
893604,4
893605,4
893606,4
893607,4
893608,4
893609,4
893610,4
893611,4
893612,4
893613,4
893614,4
893615,1
893616,4
893617,4
893618,1
893619,4
893620,4
893621,4
893622,4
893623,4
893624,4
893625,4
893626,4
893627,4
893628,4
893629,4
893630,4
893631,4
893632,4
893633,4
893634,4
893635,4
893636,4
893637,4
893638,4
893639,4
893640,4
893641,4
893642,1
893643,4
893644,4
893645,4
893646,4
893647,4
893648,4
893649,4
893650,4
893651,4
893652,4
893653,4
893654,4
893655,1
893656,4
893657,4
893658,5
893659,4
893660,4
893661,4
893662,4
893663,4
893664,4
893665,1
893666,4
893667,4
893668,4
893669,4
893670,4
893671,4
893672,4
893673,4
893674,4
893675,1
893676,4
893677,4
893678,4
893679,5
893680,4
893681,4
893682,4
893683,4
893684,5
893685,4
893686,4
893687,4
893688,4
893689,4
893690,1
893691,4
893692,4
893693,4
893694,4
893695,4
893696,4
893697,4
893698,4
893699,4
893700,4
893701,4
893702,4
893703,4
893704,4
893705,4
893706,4
893707,4
893708,5
893709,1
893710,3
893711,4
893712,4
893713,4
893714,1
893715,4
893716,4
893717,4
893718,1
893719,4
893720,4
893721,1
893722,1
893723,4
893724,4
893725,1
893726,4
893727,1
893728,4
893729,4
893730,4
893731,4
893732,4
893733,3
893734,4
893735,4
893736,4
893737,4
893738,4
893739,4
893740,4
893741,4
893742,4
893743,4
893744,4
893745,5
893746,4
893747,4
893748,4
893749,4
893750,4
893751,4
893752,4
893753,5
893754,4
893755,4
893756,4
893757,4
893758,4
893759,4
893760,4
893761,4
893762,4
893763,5
893764,4
893765,4
893766,4
893767,4
893768,4
893769,4
893770,4
893771,4
893772,1
893773,4
893774,1
893775,4
893776,5
893777,4
893778,4
893779,4
893780,4
893781,4
893782,4
893783,4
893784,4
893785,4
893786,4
893787,4
893788,4
893789,4
893790,4
893791,4
893792,5
893793,1
893794,4
893795,4
893796,4
893797,1
893798,4
893799,4
893800,5
893801,1
893802,4
893803,4
893804,4
893805,4
893806,4
893807,4
893808,1
893809,4
893810,4
893811,4
893812,4
893813,1
893814,4
893815,4
893816,5
893817,1
893818,1
893819,5
893820,4
893821,4
893822,5
893823,5
893824,4
893825,4
893826,5
893827,4
893828,1
893829,4
893830,4
893831,4
893832,4
893833,4
893834,4
893835,4
893836,1
893837,4
893838,1
893839,4
893840,4
893841,4
893842,4
893843,1
893844,4
893845,1
893846,3
893847,4
893848,1
893849,1
893850,4
893851,5
893852,4
893853,4
893854,4
893855,4
893856,4
893857,4
893858,4
893859,4
893860,4
893861,4
893862,4
893863,4
893864,4
893865,4
893866,4
893867,4
893868,1
893869,4
893870,4
893871,1
893872,4
893873,4
893874,4
893875,4
893876,1
893877,4
893878,4
893879,4
893880,4
893881,4
893882,4
893883,5
893884,5
893885,4
893886,4
893887,5
893888,4
893889,4
893890,4
893891,4
893892,4
893893,1
893894,4
893895,4
893896,4
893897,4
893898,4
893899,4
893900,4
893901,4
893902,4
893903,4
893904,1
893905,1
893906,4
893907,4
893908,4
893909,4
893910,4
893911,1
893912,4
893913,4
893914,5
893915,4
893916,5
893917,4
893918,1
893919,5
893920,4
893921,1
893922,1
893923,4
893924,4
893925,4
893926,4
893927,4
893928,4
893929,4
893930,4
893931,1
893932,4
893933,5
893934,4
893935,4
893936,1
893937,4
893938,1
893939,4
893940,4
893941,5
893942,4
893943,4
893944,1
893945,1
893946,4
893947,4
893948,4
893949,4
893950,4
893951,4
893952,4
893953,4
893954,1
893955,4
893956,4
893957,4
893958,1
893959,4
893960,4
893961,4
893962,5
893963,5
893964,4
893965,1
893966,5
893967,4
893968,4
893969,4
893970,4
893971,1
893972,1
893973,4
893974,4
893975,4
893976,4
893977,4
893978,4
893979,4
893980,4
893981,4
893982,4
893983,4
893984,4
893985,5
893986,4
893987,4
893988,5
893989,4
893990,4
893991,4
893992,5
893993,4
893994,4
893995,4
893996,4
893997,4
893998,1
893999,4
894000,3
894001,4
894002,4
894003,4
894004,4
894005,3
894006,4
894007,4
894008,1
894009,4
894010,1
894011,1
894012,4
894013,3
894014,4
894015,4
894016,4
894017,4
894018,4
894019,4
894020,4
894021,4
894022,4
894023,4
894024,1
894025,4
894026,4
894027,1
894028,4
894029,4
894030,4
894031,4
894032,4
894033,4
894034,5
894035,1
894036,1
894037,4
894038,4
894039,4
894040,4
894041,4
894042,4
894043,4
894044,4
894045,4
894046,1
894047,4
894048,4
894049,4
894050,4
894051,4
894052,3
894053,4
894054,4
894055,1
894056,1
894057,4
894058,4
894059,4
894060,4
894061,4
894062,4
894063,4
894064,4
894065,4
894066,4
894067,4
894068,4
894069,4
894070,4
894071,4
894072,1
894073,4
894074,4
894075,4
894076,4
894077,4
894078,4
894079,4
894080,4
894081,4
894082,4
894083,4
894084,4
894085,4
894086,4
894087,4
894088,1
894089,4
894090,4
894091,4
894092,4
894093,4
894094,4
894095,4
894096,4
894097,1
894098,4
894099,5
894100,4
894101,4
894102,1
894103,4
894104,4
894105,4
894106,4
894107,4
894108,1
894109,1
894110,4
894111,1
894112,4
894113,1
894114,4
894115,4
894116,4
894117,4
894118,4
894119,4
894120,4
894121,4
894122,4
894123,4
894124,4
894125,4
894126,4
894127,3
894128,4
894129,4
894130,4
894131,4
894132,4
894133,4
894134,4
894135,4
894136,4
894137,4
894138,4
894139,4
894140,1
894141,5
894142,1
894143,4
894144,4
894145,4
894146,4
894147,4
894148,4
894149,1
894150,4
894151,3
894152,4
894153,1
894154,1
894155,4
894156,4
894157,4
894158,4
894159,4
894160,4
894161,4
894162,4
894163,1
894164,4
894165,4
894166,4
894167,4
894168,4
894169,4
894170,4
894171,4
894172,4
894173,4
894174,4
894175,1
894176,4
894177,4
894178,4
894179,4
894180,4
894181,4
894182,4
894183,4
894184,4
894185,4
894186,4
894187,4
894188,4
894189,4
894190,4
894191,4
894192,4
894193,4
894194,4
894195,1
894196,5
894197,4
894198,4
894199,4
894200,1
894201,4
894202,4
894203,4
894204,4
894205,4
894206,4
894207,4
894208,4
894209,4
894210,4
894211,4
894212,5
894213,4
894214,4
894215,4
894216,1
894217,4
894218,4
894219,4
894220,4
894221,5
894222,4
894223,4
894224,4
894225,4
894226,4
894227,4
894228,5
894229,4
894230,4
894231,4
894232,4
894233,4
894234,4
894235,1
894236,5
894237,4
894238,4
894239,4
894240,5
894241,1
894242,4
894243,4
894244,4
894245,4
894246,4
894247,4
894248,4
894249,4
894250,4
894251,4
894252,4
894253,4
894254,4
894255,1
894256,4
894257,4
894258,4
894259,4
894260,4
894261,4
894262,4
894263,4
894264,3
894265,1
894266,4
894267,4
894268,4
894269,4
894270,4
894271,5
894272,4
894273,4
894274,1
894275,4
894276,5
894277,4
894278,4
894279,4
894280,4
894281,4
894282,4
894283,4
894284,4
894285,4
894286,4
894287,4
894288,4
894289,4
894290,4
894291,4
894292,4
894293,4
894294,4
894295,4
894296,1
894297,4
894298,4
894299,4
894300,1
894301,1
894302,5
894303,4
894304,4
894305,5
894306,4
894307,4
894308,4
894309,4
894310,4
894311,4
894312,4
894313,1
894314,4
894315,4
894316,4
894317,4
894318,4
894319,4
894320,4
894321,4
894322,4
894323,1
894324,4
894325,4
894326,4
894327,4
894328,4
894329,4
894330,1
894331,4
894332,4
894333,4
894334,4
894335,4
894336,4
894337,4
894338,1
894339,4
894340,4
894341,4
894342,4
894343,1
894344,4
894345,4
894346,1
894347,4
894348,4
894349,4
894350,4
894351,4
894352,4
894353,4
894354,4
894355,4
894356,4
894357,4
894358,4
894359,4
894360,1
894361,4
894362,4
894363,4
894364,4
894365,4
894366,4
894367,4
894368,4
894369,4
894370,1
894371,4
894372,5
894373,4
894374,4
894375,4
894376,4
894377,4
894378,4
894379,4
894380,4
894381,4
894382,4
894383,4
894384,4
894385,4
894386,4
894387,4
894388,4
894389,4
894390,4
894391,4
894392,4
894393,4
894394,4
894395,4
894396,4
894397,4
894398,4
894399,4
894400,1
894401,1
894402,4
894403,4
894404,4
894405,4
894406,4
894407,4
894408,4
894409,4
894410,4
894411,1
894412,1
894413,4
894414,4
894415,1
894416,4
894417,1
894418,1
894419,4
894420,1
894421,4
894422,4
894423,4
894424,4
894425,4
894426,1
894427,4
894428,4
894429,5
894430,4
894431,4
894432,4
894433,4
894434,1
894435,4
894436,4
894437,1
894438,4
894439,4
894440,4
894441,4
894442,1
894443,4
894444,4
894445,4
894446,1
894447,4
894448,4
894449,4
894450,4
894451,1
894452,4
894453,4
894454,4
894455,4
894456,4
894457,4
894458,4
894459,4
894460,4
894461,4
894462,1
894463,4
894464,4
894465,4
894466,4
894467,4
894468,4
894469,4
894470,1
894471,4
894472,4
894473,4
894474,1
894475,4
894476,4
894477,4
894478,4
894479,1
894480,4
894481,4
894482,4
894483,4
894484,4
894485,4
894486,4
894487,4
894488,4
894489,4
894490,4
894491,1
894492,1
894493,4
894494,4
894495,4
894496,4
894497,4
894498,4
894499,1
894500,4
894501,5
894502,4
894503,4
894504,4
894505,4
894506,4
894507,4
894508,4
894509,4
894510,4
894511,4
894512,4
894513,4
894514,4
894515,4
894516,4
894517,4
894518,4
894519,5
894520,5
894521,4
894522,4
894523,1
894524,4
894525,4
894526,4
894527,4
894528,4
894529,4
894530,4
894531,4
894532,4
894533,4
894534,4
894535,4
894536,4
894537,4
894538,5
894539,5
894540,4
894541,4
894542,1
894543,1
894544,4
894545,1
894546,4
894547,4
894548,4
894549,4
894550,4
894551,4
894552,4
894553,4
894554,4
894555,4
894556,4
894557,4
894558,4
894559,4
894560,4
894561,4
894562,4
894563,4
894564,4
894565,4
894566,4
894567,1
894568,4
894569,4
894570,4
894571,1
894572,4
894573,4
894574,4
894575,1
894576,4
894577,4
894578,4
894579,4
894580,4
894581,4
894582,5
894583,1
894584,4
894585,4
894586,4
894587,4
894588,4
894589,4
894590,4
894591,4
894592,4
894593,4
894594,1
894595,4
894596,1
894597,4
894598,4
894599,4
894600,1
894601,4
894602,4
894603,4
894604,4
894605,5
894606,5
894607,5
894608,4
894609,4
894610,4
894611,4
894612,4
894613,4
894614,1
894615,4
894616,4
894617,5
894618,5
894619,4
894620,4
894621,4
894622,4
894623,5
894624,5
894625,4
894626,4
894627,4
894628,5
894629,5
894630,4
894631,4
894632,1
894633,4
894634,5
894635,4
894636,5
894637,5
894638,4
894639,4
894640,4
894641,5
894642,5
894643,4
894644,4
894645,4
894646,4
894647,4
894648,4
894649,4
894650,1
894651,1
894652,4
894653,1
894654,4
894655,4
894656,4
894657,4
894658,1
894659,4
894660,4
894661,4
894662,4
894663,4
894664,4
894665,4
894666,1
894667,4
894668,4
894669,4
894670,4
894671,4
894672,4
894673,5
894674,4
894675,4
894676,4
894677,4
894678,4
894679,4
894680,4
894681,4
894682,4
894683,4
894684,1
894685,4
894686,4
894687,1
894688,4
894689,4
894690,4
894691,4
894692,4
894693,4
894694,4
894695,4
894696,4
894697,4
894698,4
894699,1
894700,5
894701,4
894702,1
894703,4
894704,1
894705,1
894706,4
894707,4
894708,4
894709,5
894710,4
894711,4
894712,1
894713,5
894714,4
894715,5
894716,1
894717,4
894718,4
894719,5
894720,5
894721,4
894722,4
894723,5
894724,4
894725,4
894726,4
894727,4
894728,4
894729,4
894730,5
894731,4
894732,4
894733,4
894734,5
894735,4
894736,4
894737,5
894738,4
894739,5
894740,5
894741,4
894742,4
894743,4
894744,1
894745,1
894746,1
894747,4
894748,4
894749,5
894750,4
894751,4
894752,4
894753,1
894754,4
894755,4
894756,1
894757,5
894758,4
894759,4
894760,4
894761,4
894762,4
894763,4
894764,4
894765,4
894766,4
894767,4
894768,5
894769,4
894770,4
894771,4
894772,5
894773,4
894774,4
894775,4
894776,4
894777,4
894778,4
894779,4
894780,4
894781,4
894782,4
894783,4
894784,4
894785,4
894786,4
894787,4
894788,4
894789,5
894790,5
894791,4
894792,4
894793,4
894794,4
894795,4
894796,4
894797,4
894798,4
894799,4
894800,5
894801,4
894802,4
894803,4
894804,4
894805,4
894806,4
894807,5
894808,4
894809,4
894810,4
894811,4
894812,4
894813,4
894814,4
894815,4
894816,5
894817,5
894818,4
894819,4
894820,4
894821,5
894822,4
894823,4
894824,4
894825,4
894826,4
894827,4
894828,4
894829,4
894830,4
894831,5
894832,4
894833,4
894834,4
894835,4
894836,4
894837,4
894838,4
894839,4
894840,4
894841,4
894842,5
894843,4
894844,4
894845,4
894846,1
894847,4
894848,4
894849,4
894850,4
894851,4
894852,4
894853,4
894854,4
894855,4
894856,1
894857,4
894858,4
894859,1
894860,4
894861,4
894862,4
894863,1
894864,4
894865,4
894866,4
894867,4
894868,4
894869,1
894870,4
894871,4
894872,4
894873,5
894874,5
894875,5
894876,4
894877,4
894878,4
894879,4
894880,4
894881,4
894882,4
894883,1
894884,4
894885,4
894886,4
894887,1
894888,5
894889,4
894890,4
894891,1
894892,4
894893,1
894894,1
894895,4
894896,1
894897,4
894898,4
894899,1
894900,4
894901,4
894902,4
894903,4
894904,4
894905,4
894906,4
894907,4
894908,4
894909,4
894910,1
894911,1
894912,4
894913,1
894914,4
894915,4
894916,4
894917,4
894918,1
894919,4
894920,4
894921,4
894922,1
894923,1
894924,4
894925,1
894926,4
894927,4
894928,4
894929,4
894930,4
894931,4
894932,4
894933,4
894934,4
894935,4
894936,4
894937,4
894938,4
894939,4
894940,4
894941,4
894942,4
894943,4
894944,1
894945,4
894946,4
894947,4
894948,4
894949,4
894950,5
894951,4
894952,4
894953,4
894954,4
894955,4
894956,4
894957,4
894958,1
894959,3
894960,3
894961,4
894962,4
894963,4
894964,4
894965,4
894966,4
894967,4
894968,4
894969,4
894970,4
894971,4
894972,4
894973,4
894974,4
894975,4
894976,4
894977,4
894978,1
894979,4
894980,4
894981,4
894982,4
894983,4
894984,1
894985,4
894986,4
894987,4
894988,4
894989,4
894990,4
894991,4
894992,4
894993,3
894994,4
894995,4
894996,1
894997,4
894998,4
894999,5
895000,4
895001,4
895002,4
895003,4
895004,4
895005,4
895006,4
895007,4
895008,4
895009,1
895010,4
895011,4
895012,4
895013,4
895014,4
895015,4
895016,4
895017,4
895018,4
895019,4
895020,4
895021,4
895022,4
895023,4
895024,4
895025,4
895026,4
895027,4
895028,4
895029,4
895030,4
895031,4
895032,4
895033,4
895034,1
895035,4
895036,4
895037,4
895038,4
895039,4
895040,4
895041,4
895042,4
895043,4
895044,1
895045,4
895046,4
895047,4
895048,4
895049,4
895050,4
895051,4
895052,1
895053,1
895054,4
895055,4
895056,5
895057,4
895058,4
895059,4
895060,4
895061,4
895062,4
895063,4
895064,5
895065,4
895066,4
895067,4
895068,1
895069,4
895070,4
895071,4
895072,4
895073,4
895074,4
895075,1
895076,4
895077,5
895078,4
895079,4
895080,4
895081,4
895082,4
895083,5
895084,4
895085,4
895086,4
895087,4
895088,4
895089,4
895090,4
895091,4
895092,4
895093,4
895094,4
895095,4
895096,4
895097,1
895098,4
895099,4
895100,4
895101,4
895102,4
895103,4
895104,4
895105,4
895106,4
895107,4
895108,1
895109,4
895110,4
895111,4
895112,4
895113,4
895114,4
895115,4
895116,4
895117,4
895118,4
895119,4
895120,1
895121,4
895122,4
895123,5
895124,4
895125,1
895126,4
895127,4
895128,4
895129,4
895130,4
895131,1
895132,1
895133,4
895134,4
895135,4
895136,4
895137,4
895138,4
895139,4
895140,4
895141,4
895142,4
895143,4
895144,4
895145,4
895146,4
895147,4
895148,4
895149,4
895150,1
895151,4
895152,4
895153,4
895154,4
895155,4
895156,4
895157,4
895158,4
895159,4
895160,4
895161,1
895162,4
895163,4
895164,4
895165,5
895166,4
895167,4
895168,4
895169,4
895170,4
895171,4
895172,1
895173,4
895174,4
895175,5
895176,4
895177,4
895178,3
895179,1
895180,1
895181,4
895182,4
895183,1
895184,4
895185,4
895186,1
895187,4
895188,4
895189,4
895190,4
895191,4
895192,4
895193,4
895194,4
895195,4
895196,4
895197,3
895198,4
895199,4
895200,4
895201,4
895202,4
895203,4
895204,4
895205,4
895206,4
895207,4
895208,4
895209,4
895210,1
895211,4
895212,1
895213,4
895214,4
895215,4
895216,4
895217,5
895218,5
895219,4
895220,4
895221,1
895222,4
895223,4
895224,1
895225,5
895226,4
895227,5
895228,4
895229,4
895230,4
895231,4
895232,4
895233,5
895234,4
895235,4
895236,4
895237,4
895238,4
895239,4
895240,4
895241,4
895242,4
895243,4
895244,4
895245,4
895246,4
895247,4
895248,4
895249,4
895250,5
895251,4
895252,4
895253,4
895254,4
895255,4
895256,4
895257,4
895258,4
895259,5
895260,4
895261,4
895262,4
895263,4
895264,4
895265,1
895266,4
895267,4
895268,1
895269,4
895270,4
895271,5
895272,4
895273,4
895274,5
895275,4
895276,1
895277,4
895278,4
895279,4
895280,4
895281,5
895282,4
895283,4
895284,4
895285,4
895286,4
895287,1
895288,4
895289,4
895290,4
895291,4
895292,4
895293,4
895294,4
895295,5
895296,4
895297,1
895298,4
895299,4
895300,4
895301,4
895302,5
895303,5
895304,5
895305,4
895306,5
895307,4
895308,4
895309,4
895310,4
895311,4
895312,4
895313,4
895314,4
895315,4
895316,4
895317,4
895318,4
895319,4
895320,1
895321,1
895322,4
895323,4
895324,4
895325,4
895326,4
895327,4
895328,1
895329,4
895330,4
895331,4
895332,4
895333,4
895334,4
895335,4
895336,1
895337,4
895338,4
895339,4
895340,4
895341,4
895342,4
895343,4
895344,4
895345,1
895346,4
895347,4
895348,4
895349,4
895350,1
895351,1
895352,4
895353,4
895354,4
895355,4
895356,4
895357,4
895358,4
895359,4
895360,4
895361,4
895362,4
895363,4
895364,4
895365,4
895366,4
895367,4
895368,4
895369,4
895370,4
895371,4
895372,4
895373,4
895374,1
895375,4
895376,4
895377,4
895378,4
895379,4
895380,4
895381,4
895382,1
895383,1
895384,4
895385,4
895386,4
895387,5
895388,1
895389,4
895390,4
895391,4
895392,4
895393,4
895394,4
895395,4
895396,4
895397,4
895398,4
895399,4
895400,1
895401,4
895402,4
895403,4
895404,4
895405,4
895406,4
895407,1
895408,4
895409,4
895410,4
895411,4
895412,4
895413,4
895414,4
895415,5
895416,4
895417,1
895418,1
895419,4
895420,4
895421,4
895422,4
895423,4
895424,4
895425,4
895426,4
895427,4
895428,4
895429,4
895430,1
895431,4
895432,4
895433,4
895434,4
895435,4
895436,4
895437,1
895438,1
895439,4
895440,4
895441,4
895442,4
895443,4
895444,4
895445,4
895446,4
895447,4
895448,4
895449,1
895450,4
895451,4
895452,4
895453,4
895454,4
895455,1
895456,4
895457,4
895458,4
895459,4
895460,4
895461,4
895462,4
895463,1
895464,4
895465,4
895466,4
895467,1
895468,4
895469,4
895470,4
895471,1
895472,4
895473,4
895474,4
895475,4
895476,4
895477,1
895478,4
895479,4
895480,4
895481,4
895482,1
895483,1
895484,4
895485,4
895486,4
895487,4
895488,4
895489,4
895490,4
895491,4
895492,4
895493,4
895494,4
895495,5
895496,4
895497,4
895498,4
895499,1
895500,4
895501,4
895502,4
895503,4
895504,4
895505,1
895506,4
895507,4
895508,4
895509,4
895510,4
895511,4
895512,4
895513,4
895514,4
895515,4
895516,4
895517,4
895518,4
895519,1
895520,4
895521,4
895522,5
895523,4
895524,4
895525,1
895526,1
895527,4
895528,4
895529,4
895530,3
895531,4
895532,4
895533,1
895534,4
895535,4
895536,4
895537,4
895538,4
895539,4
895540,4
895541,4
895542,4
895543,4
895544,4
895545,4
895546,4
895547,4
895548,1
895549,4
895550,1
895551,4
895552,4
895553,4
895554,1
895555,4
895556,1
895557,4
895558,4
895559,4
895560,1
895561,4
895562,4
895563,4
895564,1
895565,4
895566,4
895567,1
895568,4
895569,4
895570,1
895571,4
895572,4
895573,4
895574,4
895575,4
895576,4
895577,4
895578,4
895579,4
895580,4
895581,4
895582,4
895583,4
895584,4
895585,4
895586,4
895587,4
895588,4
895589,4
895590,4
895591,4
895592,5
895593,4
895594,4
895595,4
895596,4
895597,4
895598,4
895599,4
895600,4
895601,4
895602,4
895603,4
895604,4
895605,4
895606,4
895607,4
895608,4
895609,4
895610,5
895611,1
895612,4
895613,4
895614,4
895615,4
895616,4
895617,4
895618,4
895619,4
895620,4
895621,4
895622,4
895623,4
895624,5
895625,5
895626,4
895627,4
895628,4
895629,4
895630,4
895631,1
895632,4
895633,4
895634,4
895635,1
895636,4
895637,4
895638,4
895639,4
895640,4
895641,4
895642,4
895643,4
895644,1
895645,1
895646,5
895647,4
895648,4
895649,4
895650,4
895651,4
895652,4
895653,4
895654,5
895655,4
895656,4
895657,4
895658,4
895659,4
895660,4
895661,4
895662,4
895663,4
895664,4
895665,4
895666,4
895667,4
895668,4
895669,4
895670,4
895671,4
895672,4
895673,4
895674,5
895675,4
895676,4
895677,1
895678,1
895679,1
895680,4
895681,4
895682,4
895683,4
895684,4
895685,4
895686,1
895687,4
895688,4
895689,4
895690,4
895691,4
895692,4
895693,4
895694,4
895695,4
895696,4
895697,4
895698,4
895699,1
895700,5
895701,4
895702,4
895703,4
895704,1
895705,4
895706,4
895707,4
895708,4
895709,5
895710,5
895711,5
895712,4
895713,4
895714,4
895715,4
895716,4
895717,4
895718,4
895719,4
895720,4
895721,5
895722,1
895723,4
895724,1
895725,4
895726,4
895727,5
895728,4
895729,1
895730,4
895731,4
895732,4
895733,4
895734,4
895735,4
895736,4
895737,5
895738,4
895739,4
895740,5
895741,4
895742,1
895743,4
895744,4
895745,4
895746,4
895747,4
895748,4
895749,4
895750,4
895751,4
895752,3
895753,1
895754,4
895755,4
895756,4
895757,1
895758,4
895759,1
895760,4
895761,4
895762,1
895763,1
895764,4
895765,1
895766,4
895767,4
895768,4
895769,4
895770,4
895771,4
895772,4
895773,4
895774,4
895775,4
895776,4
895777,4
895778,4
895779,1
895780,4
895781,1
895782,4
895783,4
895784,4
895785,4
895786,4
895787,4
895788,4
895789,1
895790,4
895791,1
895792,4
895793,1
895794,5
895795,4
895796,4
895797,4
895798,4
895799,4
895800,4
895801,4
895802,4
895803,4
895804,4
895805,1
895806,4
895807,4
895808,1
895809,4
895810,3
895811,4
895812,3
895813,5
895814,5
895815,4
895816,4
895817,4
895818,5
895819,3
895820,1
895821,1
895822,3
895823,4
895824,5
895825,5
895826,4
895827,4
895828,4
895829,4
895830,4
895831,4
895832,1
895833,1
895834,4
895835,4
895836,4
895837,4
895838,4
895839,4
895840,1
895841,4
895842,4
895843,5
895844,4
895845,1
895846,4
895847,4
895848,4
895849,4
895850,5
895851,4
895852,4
895853,4
895854,4
895855,4
895856,5
895857,4
895858,4
895859,4
895860,4
895861,4
895862,4
895863,1
895864,4
895865,1
895866,4
895867,4
895868,4
895869,4
895870,4
895871,4
895872,4
895873,4
895874,4
895875,4
895876,4
895877,4
895878,5
895879,4
895880,4
895881,1
895882,4
895883,5
895884,4
895885,4
895886,4
895887,4
895888,4
895889,4
895890,4
895891,4
895892,4
895893,4
895894,4
895895,4
895896,4
895897,4
895898,4
895899,1
895900,4
895901,5
895902,4
895903,1
895904,4
895905,4
895906,5
895907,1
895908,4
895909,4
895910,1
895911,4
895912,4
895913,4
895914,4
895915,1
895916,4
895917,4
895918,4
895919,4
895920,4
895921,4
895922,3
895923,4
895924,4
895925,4
895926,4
895927,4
895928,4
895929,4
895930,4
895931,1
895932,5
895933,1
895934,1
895935,4
895936,4
895937,4
895938,3
895939,4
895940,4
895941,4
895942,5
895943,4
895944,4
895945,4
895946,1
895947,4
895948,4
895949,4
895950,4
895951,4
895952,5
895953,4
895954,4
895955,4
895956,5
895957,4
895958,5
895959,4
895960,4
895961,4
895962,4
895963,1
895964,3
895965,4
895966,4
895967,4
895968,5
895969,5
895970,1
895971,1
895972,4
895973,4
895974,5
895975,4
895976,4
895977,4
895978,4
895979,4
895980,5
895981,4
895982,4
895983,4
895984,4
895985,4
895986,4
895987,4
895988,4
895989,4
895990,3
895991,3
895992,4
895993,4
895994,4
895995,1
895996,4
895997,4
895998,4
895999,1
896000,4
896001,4
896002,4
896003,4
896004,4
896005,1
896006,4
896007,4
896008,4
896009,4
896010,4
896011,4
896012,4
896013,1
896014,1
896015,4
896016,4
896017,4
896018,5
896019,4
896020,4
896021,4
896022,4
896023,4
896024,4
896025,4
896026,4
896027,4
896028,5
896029,4
896030,4
896031,4
896032,4
896033,4
896034,4
896035,4
896036,4
896037,4
896038,4
896039,4
896040,5
896041,4
896042,4
896043,4
896044,5
896045,4
896046,4
896047,4
896048,4
896049,4
896050,4
896051,4
896052,4
896053,1
896054,4
896055,4
896056,5
896057,5
896058,4
896059,1
896060,4
896061,4
896062,4
896063,4
896064,4
896065,3
896066,4
896067,4
896068,5
896069,4
896070,4
896071,4
896072,4
896073,5
896074,4
896075,4
896076,4
896077,4
896078,4
896079,4
896080,4
896081,4
896082,5
896083,4
896084,1
896085,4
896086,4
896087,4
896088,4
896089,4
896090,4
896091,4
896092,4
896093,4
896094,4
896095,1
896096,4
896097,4
896098,1
896099,4
896100,1
896101,4
896102,4
896103,4
896104,4
896105,4
896106,4
896107,4
896108,4
896109,4
896110,4
896111,4
896112,4
896113,4
896114,4
896115,4
896116,4
896117,4
896118,4
896119,5
896120,5
896121,4
896122,4
896123,4
896124,4
896125,4
896126,4
896127,4
896128,4
896129,4
896130,4
896131,4
896132,4
896133,5
896134,4
896135,4
896136,4
896137,4
896138,5
896139,4
896140,4
896141,4
896142,4
896143,4
896144,4
896145,5
896146,4
896147,4
896148,4
896149,1
896150,1
896151,4
896152,5
896153,4
896154,1
896155,5
896156,4
896157,4
896158,4
896159,4
896160,4
896161,5
896162,4
896163,4
896164,1
896165,4
896166,4
896167,4
896168,4
896169,1
896170,1
896171,4
896172,4
896173,4
896174,4
896175,4
896176,4
896177,4
896178,4
896179,4
896180,4
896181,1
896182,4
896183,4
896184,3
896185,4
896186,4
896187,4
896188,1
896189,4
896190,4
896191,4
896192,4
896193,4
896194,4
896195,4
896196,1
896197,4
896198,4
896199,4
896200,4
896201,4
896202,1
896203,1
896204,5
896205,1
896206,4
896207,4
896208,4
896209,4
896210,4
896211,5
896212,4
896213,3
896214,4
896215,4
896216,4
896217,1
896218,5
896219,4
896220,4
896221,4
896222,4
896223,4
896224,5
896225,4
896226,4
896227,4
896228,4
896229,4
896230,4
896231,1
896232,4
896233,4
896234,4
896235,4
896236,4
896237,4
896238,4
896239,4
896240,4
896241,4
896242,4
896243,4
896244,3
896245,1
896246,1
896247,3
896248,3
896249,1
896250,3
896251,4
896252,4
896253,3
896254,1
896255,3
896256,1
896257,1
896258,3
896259,1
896260,5
896261,1
896262,1
896263,3
896264,3
896265,3
896266,1
896267,3
896268,3
896269,3
896270,3
896271,4
896272,1
896273,4
896274,4
896275,1
896276,4
896277,5
896278,4
896279,4
896280,4
896281,5
896282,3
896283,4
896284,4
896285,4
896286,4
896287,4
896288,4
896289,4
896290,4
896291,4
896292,4
896293,4
896294,4
896295,5
896296,4
896297,4
896298,4
896299,4
896300,4
896301,4
896302,4
896303,4
896304,4
896305,4
896306,4
896307,4
896308,1
896309,4
896310,4
896311,4
896312,4
896313,1
896314,4
896315,4
896316,4
896317,1
896318,4
896319,4
896320,4
896321,4
896322,4
896323,4
896324,1
896325,4
896326,4
896327,4
896328,4
896329,4
896330,4
896331,5
896332,4
896333,4
896334,4
896335,5
896336,4
896337,4
896338,4
896339,4
896340,4
896341,4
896342,4
896343,4
896344,1
896345,4
896346,4
896347,4
896348,4
896349,4
896350,4
896351,4
896352,4
896353,5
896354,4
896355,1
896356,4
896357,3
896358,4
896359,4
896360,4
896361,4
896362,4
896363,4
896364,1
896365,4
896366,4
896367,4
896368,4
896369,4
896370,4
896371,4
896372,4
896373,4
896374,5
896375,4
896376,4
896377,4
896378,5
896379,4
896380,4
896381,4
896382,4
896383,4
896384,1
896385,4
896386,4
896387,4
896388,5
896389,1
896390,1
896391,4
896392,4
896393,4
896394,4
896395,4
896396,4
896397,1
896398,4
896399,4
896400,4
896401,4
896402,4
896403,4
896404,4
896405,4
896406,4
896407,4
896408,4
896409,4
896410,4
896411,4
896412,5
896413,4
896414,4
896415,4
896416,4
896417,4
896418,4
896419,4
896420,4
896421,4
896422,1
896423,4
896424,4
896425,4
896426,4
896427,4
896428,4
896429,4
896430,1
896431,4
896432,4
896433,1
896434,4
896435,4
896436,5
896437,4
896438,5
896439,5
896440,5
896441,4
896442,5
896443,5
896444,4
896445,4
896446,4
896447,4
896448,4
896449,4
896450,1
896451,4
896452,4
896453,1
896454,4
896455,4
896456,4
896457,1
896458,4
896459,4
896460,4
896461,4
896462,4
896463,4
896464,4
896465,4
896466,4
896467,4
896468,4
896469,4
896470,4
896471,4
896472,4
896473,4
896474,4
896475,4
896476,4
896477,4
896478,4
896479,1
896480,4
896481,4
896482,4
896483,4
896484,4
896485,4
896486,4
896487,4
896488,4
896489,4
896490,4
896491,4
896492,4
896493,4
896494,4
896495,4
896496,4
896497,4
896498,1
896499,4
896500,4
896501,4
896502,4
896503,1
896504,4
896505,5
896506,4
896507,4
896508,4
896509,4
896510,4
896511,4
896512,4
896513,4
896514,4
896515,4
896516,4
896517,4
896518,4
896519,4
896520,4
896521,4
896522,4
896523,4
896524,4
896525,4
896526,4
896527,4
896528,4
896529,4
896530,4
896531,4
896532,4
896533,4
896534,4
896535,3
896536,4
896537,4
896538,4
896539,4
896540,1
896541,4
896542,4
896543,4
896544,4
896545,4
896546,4
896547,4
896548,5
896549,4
896550,4
896551,4
896552,1
896553,4
896554,4
896555,4
896556,4
896557,4
896558,4
896559,4
896560,4
896561,4
896562,4
896563,4
896564,5
896565,4
896566,4
896567,4
896568,1
896569,4
896570,4
896571,4
896572,4
896573,4
896574,4
896575,4
896576,4
896577,4
896578,4
896579,4
896580,4
896581,1
896582,4
896583,4
896584,4
896585,4
896586,1
896587,4
896588,4
896589,4
896590,4
896591,4
896592,4
896593,4
896594,4
896595,4
896596,4
896597,4
896598,4
896599,4
896600,4
896601,4
896602,4
896603,4
896604,4
896605,4
896606,4
896607,4
896608,4
896609,1
896610,4
896611,4
896612,4
896613,4
896614,4
896615,4
896616,4
896617,4
896618,4
896619,4
896620,4
896621,4
896622,4
896623,1
896624,4
896625,4
896626,4
896627,4
896628,4
896629,4
896630,4
896631,4
896632,4
896633,4
896634,4
896635,5
896636,1
896637,4
896638,4
896639,4
896640,4
896641,4
896642,4
896643,4
896644,4
896645,4
896646,3
896647,4
896648,4
896649,1
896650,4
896651,4
896652,4
896653,4
896654,4
896655,4
896656,4
896657,4
896658,1
896659,1
896660,4
896661,4
896662,4
896663,4
896664,4
896665,4
896666,4
896667,4
896668,4
896669,4
896670,4
896671,4
896672,4
896673,4
896674,1
896675,4
896676,4
896677,4
896678,4
896679,1
896680,1
896681,4
896682,1
896683,4
896684,4
896685,4
896686,4
896687,1
896688,1
896689,5
896690,4
896691,4
896692,1
896693,4
896694,4
896695,4
896696,5
896697,1
896698,4
896699,4
896700,4
896701,4
896702,4
896703,4
896704,4
896705,4
896706,4
896707,5
896708,1
896709,4
896710,4
896711,4
896712,4
896713,1
896714,1
896715,4
896716,5
896717,4
896718,1
896719,4
896720,4
896721,4
896722,4
896723,4
896724,1
896725,5
896726,4
896727,4
896728,1
896729,4
896730,4
896731,4
896732,4
896733,4
896734,4
896735,4
896736,4
896737,4
896738,4
896739,4
896740,4
896741,4
896742,4
896743,5
896744,4
896745,4
896746,4
896747,3
896748,4
896749,5
896750,4
896751,4
896752,4
896753,4
896754,1
896755,4
896756,4
896757,4
896758,4
896759,5
896760,4
896761,4
896762,5
896763,4
896764,4
896765,4
896766,4
896767,5
896768,4
896769,4
896770,4
896771,1
896772,4
896773,4
896774,4
896775,4
896776,4
896777,4
896778,4
896779,4
896780,5
896781,5
896782,4
896783,4
896784,3
896785,4
896786,1
896787,4
896788,4
896789,4
896790,4
896791,4
896792,3
896793,4
896794,1
896795,3
896796,1
896797,4
896798,4
896799,4
896800,4
896801,4
896802,4
896803,4
896804,4
896805,4
896806,1
896807,4
896808,3
896809,4
896810,1
896811,4
896812,4
896813,1
896814,4
896815,4
896816,4
896817,4
896818,1
896819,4
896820,3
896821,4
896822,4
896823,4
896824,4
896825,4
896826,4
896827,4
896828,4
896829,4
896830,5
896831,4
896832,4
896833,4
896834,4
896835,4
896836,1
896837,4
896838,4
896839,4
896840,4
896841,4
896842,4
896843,1
896844,4
896845,4
896846,4
896847,4
896848,4
896849,4
896850,4
896851,3
896852,4
896853,4
896854,4
896855,4
896856,4
896857,4
896858,1
896859,4
896860,4
896861,1
896862,4
896863,4
896864,4
896865,4
896866,4
896867,4
896868,4
896869,5
896870,4
896871,4
896872,4
896873,4
896874,4
896875,4
896876,4
896877,4
896878,4
896879,4
896880,4
896881,4
896882,4
896883,4
896884,4
896885,1
896886,4
896887,4
896888,1
896889,4
896890,4
896891,4
896892,4
896893,1
896894,4
896895,4
896896,4
896897,5
896898,4
896899,4
896900,4
896901,4
896902,4
896903,1
896904,4
896905,4
896906,4
896907,4
896908,4
896909,4
896910,4
896911,1
896912,4
896913,1
896914,4
896915,1
896916,4
896917,4
896918,4
896919,4
896920,4
896921,4
896922,4
896923,4
896924,4
896925,4
896926,4
896927,4
896928,1
896929,4
896930,4
896931,4
896932,1
896933,4
896934,4
896935,4
896936,4
896937,4
896938,4
896939,4
896940,4
896941,4
896942,4
896943,4
896944,4
896945,4
896946,4
896947,4
896948,4
896949,4
896950,4
896951,4
896952,4
896953,5
896954,4
896955,4
896956,4
896957,4
896958,5
896959,5
896960,4
896961,4
896962,4
896963,4
896964,4
896965,4
896966,4
896967,4
896968,4
896969,4
896970,5
896971,4
896972,4
896973,4
896974,4
896975,4
896976,4
896977,4
896978,4
896979,4
896980,4
896981,4
896982,4
896983,4
896984,4
896985,4
896986,4
896987,4
896988,4
896989,4
896990,4
896991,4
896992,4
896993,4
896994,4
896995,4
896996,4
896997,4
896998,5
896999,5
897000,4
897001,4
897002,4
897003,4
897004,4
897005,4
897006,4
897007,4
897008,4
897009,1
897010,4
897011,4
897012,4
897013,4
897014,4
897015,5
897016,4
897017,4
897018,4
897019,4
897020,4
897021,4
897022,4
897023,4
897024,4
897025,1
897026,4
897027,4
897028,4
897029,4
897030,4
897031,4
897032,4
897033,4
897034,4
897035,4
897036,4
897037,4
897038,4
897039,4
897040,4
897041,4
897042,4
897043,4
897044,4
897045,4
897046,1
897047,1
897048,4
897049,4
897050,4
897051,4
897052,5
897053,4
897054,4
897055,4
897056,4
897057,4
897058,4
897059,1
897060,4
897061,4
897062,4
897063,1
897064,3
897065,4
897066,4
897067,4
897068,4
897069,4
897070,1
897071,4
897072,4
897073,4
897074,4
897075,4
897076,4
897077,4
897078,4
897079,4
897080,4
897081,4
897082,5
897083,4
897084,5
897085,4
897086,1
897087,5
897088,1
897089,4
897090,5
897091,4
897092,4
897093,4
897094,4
897095,4
897096,4
897097,4
897098,4
897099,4
897100,4
897101,4
897102,4
897103,4
897104,4
897105,4
897106,4
897107,4
897108,1
897109,4
897110,4
897111,3
897112,4
897113,4
897114,4
897115,5
897116,4
897117,4
897118,4
897119,4
897120,4
897121,4
897122,4
897123,1
897124,4
897125,4
897126,4
897127,4
897128,4
897129,4
897130,4
897131,4
897132,4
897133,4
897134,4
897135,4
897136,4
897137,4
897138,4
897139,4
897140,4
897141,4
897142,4
897143,1
897144,4
897145,4
897146,4
897147,4
897148,4
897149,4
897150,1
897151,4
897152,4
897153,4
897154,4
897155,4
897156,4
897157,4
897158,4
897159,4
897160,4
897161,4
897162,4
897163,4
897164,4
897165,4
897166,4
897167,4
897168,5
897169,4
897170,4
897171,4
897172,4
897173,5
897174,4
897175,4
897176,4
897177,4
897178,4
897179,5
897180,4
897181,4
897182,4
897183,4
897184,5
897185,4
897186,4
897187,5
897188,5
897189,4
897190,4
897191,4
897192,4
897193,4
897194,1
897195,4
897196,4
897197,1
897198,4
897199,4
897200,4
897201,4
897202,4
897203,4
897204,4
897205,4
897206,4
897207,4
897208,4
897209,4
897210,4
897211,4
897212,4
897213,4
897214,4
897215,4
897216,5
897217,1
897218,4
897219,1
897220,4
897221,4
897222,5
897223,4
897224,4
897225,5
897226,4
897227,1
897228,4
897229,4
897230,4
897231,4
897232,4
897233,1
897234,4
897235,4
897236,5
897237,4
897238,1
897239,1
897240,4
897241,4
897242,4
897243,4
897244,5
897245,4
897246,5
897247,4
897248,4
897249,4
897250,4
897251,4
897252,4
897253,4
897254,5
897255,4
897256,4
897257,4
897258,4
897259,5
897260,5
897261,4
897262,5
897263,5
897264,5
897265,4
897266,4
897267,5
897268,5
897269,4
897270,4
897271,5
897272,5
897273,1
897274,1
897275,4
897276,4
897277,4
897278,4
897279,4
897280,5
897281,4
897282,4
897283,1
897284,5
897285,4
897286,4
897287,1
897288,4
897289,4
897290,4
897291,4
897292,4
897293,5
897294,4
897295,4
897296,4
897297,4
897298,4
897299,4
897300,4
897301,5
897302,4
897303,1
897304,4
897305,4
897306,4
897307,4
897308,4
897309,1
897310,4
897311,4
897312,4
897313,5
897314,4
897315,4
897316,4
897317,4
897318,4
897319,4
897320,4
897321,4
897322,4
897323,1
897324,4
897325,5
897326,4
897327,4
897328,4
897329,4
897330,4
897331,4
897332,4
897333,4
897334,4
897335,4
897336,4
897337,4
897338,4
897339,4
897340,4
897341,4
897342,4
897343,4
897344,4
897345,4
897346,4
897347,4
897348,4
897349,4
897350,1
897351,1
897352,4
897353,4
897354,4
897355,4
897356,4
897357,1
897358,1
897359,5
897360,1
897361,4
897362,4
897363,4
897364,4
897365,1
897366,5
897367,1
897368,1
897369,4
897370,4
897371,4
897372,4
897373,4
897374,4
897375,4
897376,4
897377,4
897378,4
897379,4
897380,4
897381,4
897382,4
897383,1
897384,4
897385,4
897386,1
897387,1
897388,4
897389,4
897390,4
897391,4
897392,4
897393,4
897394,1
897395,1
897396,4
897397,4
897398,4
897399,1
897400,4
897401,4
897402,4
897403,4
897404,4
897405,4
897406,4
897407,4
897408,4
897409,4
897410,4
897411,4
897412,4
897413,4
897414,4
897415,4
897416,1
897417,4
897418,4
897419,4
897420,5
897421,4
897422,4
897423,4
897424,4
897425,4
897426,4
897427,4
897428,4
897429,5
897430,4
897431,4
897432,4
897433,4
897434,4
897435,4
897436,4
897437,4
897438,4
897439,4
897440,4
897441,4
897442,1
897443,4
897444,4
897445,4
897446,3
897447,1
897448,4
897449,1
897450,4
897451,4
897452,4
897453,4
897454,4
897455,4
897456,1
897457,4
897458,4
897459,4
897460,4
897461,4
897462,4
897463,4
897464,4
897465,1
897466,5
897467,4
897468,4
897469,4
897470,4
897471,4
897472,4
897473,4
897474,4
897475,4
897476,4
897477,4
897478,4
897479,4
897480,1
897481,4
897482,4
897483,4
897484,4
897485,1
897486,4
897487,4
897488,4
897489,4
897490,4
897491,4
897492,4
897493,4
897494,4
897495,4
897496,4
897497,4
897498,4
897499,4
897500,4
897501,4
897502,4
897503,4
897504,4
897505,4
897506,1
897507,4
897508,4
897509,5
897510,4
897511,1
897512,4
897513,4
897514,4
897515,4
897516,4
897517,4
897518,4
897519,4
897520,4
897521,4
897522,4
897523,4
897524,5
897525,5
897526,4
897527,4
897528,4
897529,4
897530,4
897531,4
897532,5
897533,5
897534,4
897535,4
897536,1
897537,4
897538,4
897539,4
897540,4
897541,4
897542,1
897543,1
897544,4
897545,5
897546,4
897547,1
897548,4
897549,4
897550,1
897551,4
897552,4
897553,4
897554,4
897555,4
897556,4
897557,4
897558,4
897559,4
897560,4
897561,4
897562,4
897563,4
897564,4
897565,4
897566,4
897567,4
897568,4
897569,4
897570,1
897571,4
897572,4
897573,4
897574,4
897575,1
897576,4
897577,5
897578,4
897579,4
897580,4
897581,4
897582,1
897583,4
897584,4
897585,4
897586,4
897587,4
897588,4
897589,1
897590,4
897591,1
897592,4
897593,4
897594,4
897595,4
897596,4
897597,4
897598,4
897599,4
897600,1
897601,4
897602,4
897603,1
897604,4
897605,4
897606,4
897607,4
897608,4
897609,4
897610,4
897611,4
897612,4
897613,4
897614,4
897615,1
897616,4
897617,4
897618,4
897619,4
897620,1
897621,5
897622,4
897623,1
897624,5
897625,4
897626,4
897627,4
897628,1
897629,4
897630,4
897631,4
897632,1
897633,4
897634,4
897635,4
897636,4
897637,4
897638,4
897639,1
897640,4
897641,4
897642,4
897643,4
897644,4
897645,4
897646,4
897647,1
897648,4
897649,4
897650,4
897651,4
897652,4
897653,5
897654,1
897655,5
897656,4
897657,4
897658,5
897659,4
897660,4
897661,5
897662,4
897663,4
897664,4
897665,4
897666,4
897667,4
897668,4
897669,4
897670,4
897671,4
897672,4
897673,1
897674,4
897675,5
897676,4
897677,4
897678,4
897679,4
897680,5
897681,5
897682,4
897683,4
897684,5
897685,4
897686,4
897687,4
897688,1
897689,4
897690,4
897691,4
897692,4
897693,1
897694,4
897695,5
897696,4
897697,1
897698,5
897699,4
897700,4
897701,1
897702,4
897703,4
897704,4
897705,4
897706,5
897707,4
897708,4
897709,4
897710,4
897711,5
897712,4
897713,4
897714,5
897715,5
897716,4
897717,1
897718,5
897719,4
897720,4
897721,4
897722,4
897723,4
897724,4
897725,4
897726,4
897727,5
897728,5
897729,5
897730,4
897731,4
897732,4
897733,4
897734,5
897735,1
897736,4
897737,4
897738,4
897739,4
897740,4
897741,4
897742,4
897743,4
897744,4
897745,4
897746,4
897747,4
897748,4
897749,5
897750,4
897751,4
897752,4
897753,4
897754,4
897755,4
897756,3
897757,4
897758,4
897759,5
897760,4
897761,5
897762,4
897763,4
897764,5
897765,4
897766,4
897767,4
897768,4
897769,5
897770,4
897771,4
897772,4
897773,4
897774,1
897775,4
897776,4
897777,4
897778,4
897779,4
897780,4
897781,4
897782,4
897783,4
897784,4
897785,1
897786,4
897787,4
897788,4
897789,4
897790,5
897791,1
897792,4
897793,4
897794,4
897795,4
897796,4
897797,4
897798,4
897799,1
897800,5
897801,4
897802,4
897803,4
897804,1
897805,4
897806,1
897807,5
897808,4
897809,1
897810,5
897811,4
897812,5
897813,4
897814,4
897815,4
897816,4
897817,4
897818,4
897819,4
897820,4
897821,4
897822,4
897823,5
897824,4
897825,4
897826,4
897827,4
897828,4
897829,4
897830,4
897831,1
897832,4
897833,5
897834,4
897835,4
897836,4
897837,4
897838,4
897839,5
897840,1
897841,4
897842,1
897843,1
897844,4
897845,4
897846,4
897847,4
897848,4
897849,4
897850,4
897851,5
897852,4
897853,4
897854,4
897855,1
897856,4
897857,4
897858,4
897859,4
897860,4
897861,4
897862,4
897863,4
897864,4
897865,4
897866,3
897867,4
897868,4
897869,5
897870,5
897871,4
897872,4
897873,4
897874,4
897875,4
897876,4
897877,4
897878,4
897879,4
897880,4
897881,4
897882,4
897883,5
897884,3
897885,4
897886,1
897887,5
897888,4
897889,4
897890,1
897891,5
897892,4
897893,5
897894,5
897895,4
897896,4
897897,5
897898,4
897899,4
897900,4
897901,4
897902,4
897903,4
897904,3
897905,5
897906,4
897907,4
897908,1
897909,4
897910,4
897911,4
897912,4
897913,4
897914,4
897915,5
897916,4
897917,4
897918,5
897919,4
897920,4
897921,4
897922,4
897923,4
897924,4
897925,1
897926,5
897927,4
897928,4
897929,5
897930,4
897931,4
897932,4
897933,4
897934,4
897935,4
897936,1
897937,4
897938,4
897939,5
897940,4
897941,4
897942,1
897943,4
897944,4
897945,4
897946,5
897947,4
897948,5
897949,5
897950,5
897951,4
897952,4
897953,5
897954,4
897955,4
897956,4
897957,1
897958,4
897959,4
897960,4
897961,4
897962,4
897963,4
897964,1
897965,4
897966,4
897967,4
897968,4
897969,4
897970,4
897971,1
897972,4
897973,4
897974,1
897975,4
897976,4
897977,4
897978,4
897979,1
897980,4
897981,4
897982,4
897983,4
897984,4
897985,4
897986,4
897987,4
897988,4
897989,4
897990,4
897991,4
897992,1
897993,4
897994,4
897995,4
897996,4
897997,1
897998,4
897999,4
898000,4
898001,4
898002,4
898003,4
898004,4
898005,4
898006,1
898007,4
898008,4
898009,1
898010,4
898011,4
898012,1
898013,1
898014,4
898015,4
898016,4
898017,5
898018,4
898019,4
898020,4
898021,4
898022,4
898023,4
898024,4
898025,4
898026,4
898027,4
898028,4
898029,4
898030,4
898031,4
898032,4
898033,4
898034,4
898035,1
898036,4
898037,4
898038,4
898039,4
898040,4
898041,4
898042,1
898043,4
898044,4
898045,4
898046,4
898047,4
898048,4
898049,3
898050,4
898051,4
898052,4
898053,4
898054,4
898055,4
898056,4
898057,4
898058,4
898059,4
898060,4
898061,4
898062,4
898063,4
898064,4
898065,4
898066,4
898067,4
898068,4
898069,4
898070,4
898071,1
898072,4
898073,1
898074,4
898075,3
898076,4
898077,4
898078,4
898079,4
898080,4
898081,4
898082,4
898083,4
898084,4
898085,4
898086,4
898087,4
898088,4
898089,4
898090,4
898091,4
898092,1
898093,4
898094,4
898095,4
898096,4
898097,4
898098,4
898099,4
898100,4
898101,4
898102,1
898103,4
898104,4
898105,4
898106,1
898107,4
898108,4
898109,4
898110,4
898111,4
898112,4
898113,4
898114,5
898115,1
898116,4
898117,4
898118,4
898119,4
898120,5
898121,5
898122,4
898123,4
898124,4
898125,4
898126,4
898127,5
898128,4
898129,4
898130,1
898131,5
898132,3
898133,1
898134,4
898135,4
898136,4
898137,4
898138,4
898139,4
898140,4
898141,4
898142,4
898143,4
898144,4
898145,1
898146,4
898147,5
898148,4
898149,1
898150,5
898151,1
898152,4
898153,3
898154,4
898155,4
898156,1
898157,4
898158,4
898159,4
898160,4
898161,4
898162,4
898163,5
898164,4
898165,4
898166,4
898167,4
898168,4
898169,1
898170,5
898171,4
898172,5
898173,4
898174,4
898175,1
898176,4
898177,4
898178,4
898179,4
898180,4
898181,1
898182,4
898183,1
898184,5
898185,4
898186,4
898187,4
898188,4
898189,4
898190,5
898191,4
898192,4
898193,5
898194,4
898195,4
898196,5
898197,4
898198,4
898199,4
898200,4
898201,4
898202,4
898203,4
898204,4
898205,1
898206,4
898207,4
898208,4
898209,4
898210,5
898211,4
898212,4
898213,4
898214,4
898215,4
898216,4
898217,4
898218,4
898219,4
898220,4
898221,4
898222,1
898223,4
898224,4
898225,4
898226,4
898227,1
898228,4
898229,4
898230,4
898231,4
898232,1
898233,4
898234,4
898235,4
898236,4
898237,5
898238,4
898239,1
898240,4
898241,4
898242,4
898243,4
898244,4
898245,4
898246,4
898247,4
898248,4
898249,4
898250,1
898251,1
898252,1
898253,4
898254,5
898255,4
898256,4
898257,4
898258,4
898259,4
898260,1
898261,4
898262,4
898263,4
898264,1
898265,1
898266,4
898267,4
898268,3
898269,4
898270,4
898271,4
898272,4
898273,4
898274,1
898275,4
898276,4
898277,4
898278,4
898279,1
898280,4
898281,4
898282,5
898283,4
898284,4
898285,4
898286,4
898287,4
898288,1
898289,4
898290,4
898291,4
898292,4
898293,4
898294,5
898295,4
898296,1
898297,4
898298,4
898299,4
898300,4
898301,4
898302,1
898303,4
898304,4
898305,4
898306,4
898307,1
898308,4
898309,4
898310,4
898311,4
898312,4
898313,4
898314,4
898315,4
898316,4
898317,4
898318,4
898319,4
898320,4
898321,4
898322,4
898323,4
898324,4
898325,4
898326,4
898327,4
898328,4
898329,4
898330,4
898331,4
898332,4
898333,4
898334,4
898335,4
898336,4
898337,5
898338,4
898339,4
898340,4
898341,4
898342,4
898343,4
898344,1
898345,4
898346,4
898347,4
898348,4
898349,4
898350,1
898351,4
898352,4
898353,1
898354,1
898355,4
898356,4
898357,4
898358,4
898359,4
898360,4
898361,4
898362,4
898363,4
898364,4
898365,1
898366,4
898367,1
898368,4
898369,1
898370,1
898371,4
898372,4
898373,4
898374,4
898375,4
898376,4
898377,4
898378,4
898379,4
898380,4
898381,4
898382,4
898383,1
898384,4
898385,4
898386,4
898387,4
898388,4
898389,4
898390,4
898391,4
898392,4
898393,4
898394,4
898395,4
898396,4
898397,4
898398,4
898399,1
898400,4
898401,4
898402,4
898403,4
898404,4
898405,4
898406,4
898407,4
898408,4
898409,4
898410,4
898411,4
898412,4
898413,1
898414,4
898415,4
898416,4
898417,4
898418,4
898419,4
898420,1
898421,4
898422,4
898423,4
898424,4
898425,4
898426,4
898427,4
898428,4
898429,4
898430,4
898431,4
898432,3
898433,4
898434,4
898435,4
898436,4
898437,4
898438,1
898439,4
898440,4
898441,4
898442,4
898443,4
898444,4
898445,4
898446,4
898447,4
898448,1
898449,4
898450,4
898451,4
898452,1
898453,4
898454,1
898455,4
898456,1
898457,4
898458,4
898459,4
898460,5
898461,4
898462,5
898463,4
898464,4
898465,5
898466,1
898467,4
898468,4
898469,4
898470,4
898471,4
898472,5
898473,4
898474,4
898475,1
898476,4
898477,4
898478,4
898479,4
898480,5
898481,4
898482,4
898483,4
898484,4
898485,4
898486,4
898487,4
898488,5
898489,4
898490,1
898491,4
898492,5
898493,4
898494,4
898495,4
898496,4
898497,4
898498,4
898499,4
898500,4
898501,4
898502,4
898503,4
898504,4
898505,1
898506,4
898507,4
898508,4
898509,4
898510,4
898511,4
898512,1
898513,4
898514,4
898515,4
898516,4
898517,4
898518,4
898519,4
898520,4
898521,4
898522,4
898523,4
898524,4
898525,4
898526,4
898527,4
898528,4
898529,4
898530,4
898531,4
898532,4
898533,4
898534,4
898535,4
898536,5
898537,4
898538,4
898539,5
898540,4
898541,4
898542,4
898543,4
898544,4
898545,4
898546,4
898547,4
898548,4
898549,4
898550,4
898551,4
898552,4
